35 109 122 62 16 89 61 25 9 122 114 28 123 51 59 122
58 24 74 25 103 89 118 14 41 12 82 83 24 104 40 59
85 35 121 101 124 55 126 5 49 113 33 45 36 93 39 94
117 114 120 92 75 110 107 117 122 61 72 18 38 112 77 123
19 71 97 15 126 95 20 47 80 54 92 117 19 4 83 8
118 75 100 65 57 79 54 52 13 126 70 51 111 20 46 2
91 15 18 89 111 38 8 63 92 101 52 111 105 8 119 95
83 92 32 13 43 87 65 56 85 7 107 68 27 26 71 118
41 89 79 24 127 88 88 92 61 12 75 38 20 67 5 104
31 37 117 74 124 54 3 82 61 110 22 89 8 93 79 50
54 31 74 54 119 34 18 52 47 93 90 67 32 95 43 63
4 32 10 1 86 13 83 20 123 105 109 4 71 60 54 125
91 0 51 82 35 69 6 82 35 96 21 67 63 65 3 68
97 13 69 56 26 24 76 21 1 57 25 72 117 79 70 81
80 121 35 115 63 42 69 98 10 90 37 74 27 40 14 125
53 83 53 79 107 1 101 108 58 126 53 47 78 123 0 30
116 36 17 51 78 86 21 88 48 59 34 76 99 48 73 25
3 126 104 110 127 77 91 57 76 16 104 26 11 105 56 127
13 73 51 91 31 72 51 79 3 86 27 103 6 100 0 10
98 104 120 97 54 83 26 2 99 3 28 110 108 84 110 121
29 33 84 60 105 7 11 109 93 39 84 100 11 84 110 110
60 102 79 114 58 106 116 29 109 16 12 89 100 122 82 1
27 38 61 4 45 73 113 11 112 69 111 123 25 93 105 86
67 57 72 125 35 61 27 16 77 39 105 50 33 59 51 60
97 113 64 14 58 50 25 42 119 8 37 17 101 15 103 41
72 47 38 107 108 65 123 58 104 100 108 9 31 31 69 0
16 6 14 74 56 40 116 47 48 26 64 22 41 39 63 113
87 101 92 67 39 87 125 15 59 105 25 90 9 94 90 25
100 104 100 28 16 88 76 65 114 12 87 27 52 22 12 11
123 104 78 34 63 76 50 122 53 75 84 62 41 46 88 14
23 60 42 39 20 118 104 7 3 63 34 55 85 47 66 81
23 16 115 87 92 37 81 18 112 38 80 26 84 40 40 107
94 53 31 50 56 28 119 29 19 7 6 32 49 109 83 78
16 37 42 66 81 53 14 14 107 66 112 99 63 53 104 29
106 8 79 34 36 70 64 55 78 70 87 127 52 43 78 68
80 120 6 33 45 20 47 24 86 31 124 21 84 100 50 62
108 2 97 16 72 33 72 22 103 31 22 27 74 100 95 26
92 101 60 10 121 107 34 79 11 30 100 95 3 23 30 111
25 127 0 97 32 72 120 7 103 14 35 50 114 2 76 78
104 8 88 97 116 123 49 127 25 21 94 28 44 124 12 69
123 12 39 27 84 31 35 59 45 70 109 31 72 58 109 48
66 70 18 54 65 67 53 90 88 20 119 5 16 3 74 12
15 113 39 99 16 74 30 61 16 12 92 89 70 74 9 8
16 27 63 81 94 116 43 55 8 34 60 25 37 6 37 52
120 76 23 8 23 54 70 39 66 34 0 8 108 10 16 124
37 79 77 4 68 121 59 76 27 119 101 65 125 10 117 117
87 13 126 110 67 68 21 5 102 22 13 83 32 29 79 69
109 29 73 49 22 4 125 49 123 99 114 121 109 104 110 68
117 108 50 56 48 72 61 23 94 74 106 126 103 57 67 84
86 13 5 108 17 3 30 13 102 16 6 83 120 116 24 109
97 74 37 17 18 98 40 112 44 18 110 20 76 50 104 34
63 110 15 80 113 45 93 87 61 99 42 54 88 66 35 57
13 73 74 31 43 115 16 88 5 126 108 81 48 84 116 111
66 3 64 51 48 29 10 109 1 53 35 89 119 71 18 4
16 92 36 59 79 52 19 85 50 127 38 99 84 26 82 22
29 18 74 77 48 84 59 49 9 94 10 1 37 28 5 53
120 41 113 72 93 4 29 16 4 67 115 88 94 69 110 123
88 56 73 8 13 4 57 22 98 67 23 8 95 29 61 87
70 46 31 36 51 60 52 55 0 39 15 94 108 125 89 68
54 34 76 67 38 5 89 9 72 113 17 39 14 78 127 84
125 30 120 48 91 44 103 91 83 118 57 64 115 18 4 41
53 81 108 91 86 70 100 31 55 117 70 69 68 69 25 65
100 18 113 63 62 88 26 18 78 83 82 65 101 86 107 26
39 87 118 126 29 90 29 84 80 99 25 20 41 51 85 13
