100 82 19 121 73 123 0 76 59 34 3 16 81 69 97 105
85 85 64 50 122 17 68 107 55 20 5 12 61 45 119 33
127 10 26 72 6 26 20 65 61 23 81 14 92 51 119 50
8 55 100 2 73 40 109 0 60 114 12 121 31 4 27 31
14 53 103 20 80 124 85 13 19 39 27 112 90 19 34 98
74 6 100 19 46 82 20 106 68 32 100 100 36 127 3 51
52 106 71 4 102 29 17 122 68 45 106 30 64 12 0 10
18 100 30 64 54 50 42 123 82 14 95 119 13 98 42 66
76 113 70 51 14 88 45 82 5 23 112 69 35 112 79 53
85 109 117 11 31 31 6 114 46 101 105 59 71 19 125 20
4 68 71 19 28 116 101 33 11 86 102 46 70 53 99 27
35 88 39 66 119 45 52 37 19 29 97 90 48 94 110 53
34 53 72 62 41 45 95 52 3 69 98 74 123 69 101 30
29 12 96 21 58 21 58 77 50 27 39 99 122 22 24 28
75 96 91 117 13 58 41 17 0 12 91 123 81 64 25 111
77 121 4 7 14 62 84 65 90 123 36 84 17 60 112 93
28 75 82 41 6 123 58 6 7 21 1 89 86 26 72 35
19 76 42 34 10 126 99 100 121 7 56 11 67 41 104 95
116 58 8 122 53 67 0 61 88 1 22 46 27 94 81 47
42 123 81 52 121 52 25 115 59 81 126 126 122 102 93 111
32 101 105 85 40 106 18 1 107 40 47 7 6 1 54 48
124 7 101 118 59 126 105 118 79 103 116 74 77 81 57 109
54 34 66 95 12 85 96 120 125 15 127 4 16 53 52 13
60 25 3 119 23 108 109 103 83 97 49 32 50 106 13 104
12 79 71 25 36 39 17 34 55 16 38 71 69 90 84 1
116 87 120 11 67 101 114 22 70 35 54 120 13 67 96 26
19 40 51 55 79 68 89 6 84 127 78 25 90 34 26 78
122 18 89 61 119 76 84 61 111 10 53 125 78 21 23 97
61 74 24 13 14 114 19 98 113 97 123 75 4 21 25 126
39 115 59 30 63 15 91 46 26 16 43 104 37 66 73 99
12 97 112 26 83 3 124 69 101 119 16 105 12 42 103 51
29 34 81 92 50 44 10 76 60 54 52 98 120 125 69 5
69 70 76 3 30 102 21 108 57 103 45 30 62 24 57 101
112 47 99 13 9 0 98 89 100 123 109 13 46 66 26 115
8 102 119 38 76 12 18 5 116 64 35 50 88 92 23 72
11 123 86 21 123 56 110 95 51 92 108 98 30 6 85 39
108 76 77 56 89 96 61 77 32 97 127 120 61 22 65 73
17 23 94 13 79 76 108 2 40 89 100 71 95 58 110 76
6 59 4 95 27 66 44 59 35 43 52 96 66 117 41 83
12 7 96 91 84 77 93 124 38 66 67 5 124 49 81 2
109 86 98 8 24 14 68 59 58 120 27 124 109 69 79 121
76 48 84 32 125 49 29 35 115 96 40 111 18 122 114 127
80 84 7 104 98 75 35 28 67 62 24 48 3 104 41 80
24 125 112 21 47 13 56 34 110 96 18 0 90 4 127 42
88 6 18 58 82 53 87 21 116 111 70 119 87 111 71 111
109 56 4 28 69 60 62 51 29 80 51 119 84 50 34 44
57 52 103 11 106 62 32 94 45 102 85 5 86 29 116 67
85 121 95 26 53 29 78 82 110 1 74 66 52 108 111 109
32 86 120 10 20 24 104 65 127 62 70 85 91 59 24 48
52 119 74 105 20 24 60 2 26 6 69 78 114 52 59 18
10 51 29 30 75 5 95 74 67 38 31 30 97 55 78 21
46 25 126 67 49 58 69 75 64 10 25 50 62 84 69 72
7 98 102 83 103 70 29 43 108 61 73 77 116 24 98 35
49 96 102 98 27 43 46 91 54 71 14 116 28 83 61 35
53 35 118 28 105 20 71 85 81 17 34 69 41 4 104 90
101 78 60 0 122 106 91 48 50 105 36 78 60 97 113 113
5 104 14 110 124 85 68 77 102 102 18 15 107 123 105 80
73 38 80 67 16 43 115 66 21 24 16 81 121 2 67 126
106 81 109 102 38 49 51 13 23 69 28 2 64 6 82 10
44 34 77 60 78 65 127 99 89 15 52 82 17 119 81 123
72 62 97 111 111 20 124 6 90 24 9 26 30 91 36 74
126 114 7 76 51 6 47 12 21 99 94 39 91 47 34 35
109 4 18 92 24 14 99 114 39 108 13 69 71 49 16 69
35 23 17 86 29 64 98 50 36 65 89 127 112 124 34 94
