126894 123604 139787 120986 
130567 158242 147680 133755 
135174 166413 162934 136154 
106475 136765 136623 120043 
142279 141655 155878 139766 
145792 143170 151263 137927 
168345 162495 177073 159077 
139398 140988 147534 124164 
138951 142405 156279 162063 
145808 160533 185495 145959 
164368 171259 186687 161045 
145213 144514 153320 135082 
136857 148417 163297 139011 
148116 158135 181042 151887 
154827 153011 178890 162835 
139293 132170 145885 119584 
126894 123604 139787 120986 
130567 158242 147680 133755 
135174 166413 162934 136154 
106475 136765 136623 120043 
142279 141655 155878 139766 
145792 143170 151263 137927 
168345 162495 177073 159077 
139398 140988 147534 124164 
182835 196265 210715 179180 
165920 177871 184688 162214 
151183 146269 155477 131968 
138695 129509 139949 128376 
176120 180370 209780 181815 
158525 161602 185776 163149 
136212 128561 150828 146701 
132380 116145 143364 138925 
185215 175355 156995 183515 
160650 164050 137411 168045 
123074 135695 118443 134208 
109434 122919 110875 123200 
147475 168895 146455 180115 
133127 152660 128775 167093 
107872 137442 93612 153719 
100944 131242 81964 150055 
184705 194990 212075 200855 
184705 194990 212075 200855 
184705 194990 212075 200855 
184705 194990 212075 200855 
157760 190145 224485 170085 
157760 190145 224485 170085 
157760 190145 224485 170085 
157760 190145 224485 170085 
185215 175355 156995 183515 
185215 175355 156995 183515 
185215 175355 156995 183515 
185215 175355 156995 183515 
147475 168895 146455 180115 
147475 168895 146455 180115 
147475 168895 146455 180115 
147475 168895 146455 180115 
135021 151158 166871 157264 
108881 128766 148074 135557 
77459 88214 98786 89571 
75186 93303 104252 79391 
103517 143591 179240 121004 
87424 122941 150281 95305 
62540 90277 112960 72168 
61320 87777 105179 68578 
123036 115110 138595 98426 
124109 110451 142451 118765 
125187 107789 125575 101263 
120112 125324 145878 97820 
109377 108279 129408 102352 
129110 117962 130424 107589 
130814 128403 116100 107739 
123324 128585 133795 133021 
131493 124484 125648 120603 
129813 135299 130131 131625 
140222 131712 123261 126188 
130329 136384 123368 139970 
99329 119503 81531 101235 
91475 104719 98212 103014 
101139 123872 108888 122371 
115839 138281 96220 118959 
123036 115110 138595 98426 
124109 110451 142451 118765 
125187 107789 125575 101263 
120112 125324 145878 97820 
109377 108279 129408 102352 
129110 117962 130424 107589 
130814 128403 116100 107739 
123324 128585 133795 133021 
132855 134895 126820 133365 
129573 115824 119915 113272 
46499 39045 44546 34458 
59985 52021 59172 50428 
121763 133786 103448 115175 
97290 103107 89965 107932 
59816 54267 54393 70429 
41342 27030 35731 48104 
144108 130256 137925 132934 
140976 107246 80879 125129 
65557 34000 15062 60454 
70900 57308 29943 64019 
123835 135419 130782 121987 
120779 123890 101709 94117 
50792 53657 43608 41186 
54814 45816 44576 40183 
162860 196095 171360 198900 
162860 196095 171360 198900 
162860 196095 171360 198900 
116269 160590 138111 167086 
129370 164985 126990 142120 
129370 164985 126990 142120 
129370 164985 126990 142120 
100131 131873 84647 128799 
202300 169150 167535 183940 
202300 169150 167535 183940 
202300 169150 167535 183940 
168343 144947 121318 155171 
171275 182835 171190 161075 
171275 182835 171190 161075 
171275 182835 171190 161075 
141027 142718 120293 129298 
125468 154628 129464 156063 
103627 127426 110747 142559 
81784 102179 83234 97724 
80504 96062 80045 99139 
113089 138248 99482 116694 
97759 126432 91932 100290 
75736 87101 59291 65494 
70213 90383 58634 58483 
