107665 155009 141716 106575
129411 136331 139252 109296
123217 155182 159154 130657
104389 121985 133094 106249
127456 114235 133048 121205
136905 118355 144291 126629
153529 151111 163579 141449
122715 119924 133272 109206
115999 123120 137659 140627
115798 134956 134292 141380
133943 132566 166219 156217
116032 105926 119586 136581
118757 132545 130385 155968
116736 139680 153783 147878
126625 154016 163357 179536
105800 137996 132560 143169
120606 135692 143881 104163
83906 113520 122881 93385
107154 107270 119090 84608
125531 142967 151020 113669
134858 117213 128716 121618
117418 102001 112735 93405
116447 81759 114068 104475
134639 147975 156810 121961
102307 124568 134747 143216
85139 107173 105080 123916
83694 102253 104994 120731
122654 130673 143790 145402
111169 134175 134576 146576
83065 117482 113825 121585
100333 117632 106834 100885
110879 131087 132398 165984
102223 105927 116852 114744
116346 131643 133872 122560
131091 160907 148755 124221
126252 140000 157001 109627
124914 103169 125224 97776
161420 127555 138355 139116
142124 147524 159812 132843
143821 128532 142882 130273
108863 92944 115771 110018
123031 127080 149981 147554
130992 142838 165350 158316
124010 129463 145987 153976
90649 113493 92279 128902
114658 140253 131014 141547
121091 144449 148391 173176
118451 159064 134372 160058
102760 128791 115692 103984
91585 99635 108453 82924
128565 156060 156272 137578
100036 130230 107365 103036
133040 92727 108051 121636
115785 89669 98286 103228
162517 143342 151700 149039
127398 105797 120385 117266
102825 114441 121837 112018
86422 84845 113307 104897
132374 138343 164470 163029
108636 119974 135458 117855
107205 123305 109766 135936
89862 100346 112993 113015
123018 153992 136701 182126
114374 132286 129592 127314
131733 134390 130466 114657
121804 122075 132969 138730
127110 118849 145345 129449
151958 136435 131235 119711
106267 99695 115804 92859
114155 115493 129130 115552
122321 122647 140750 119938
126640 133134 132495 106658
118811 121217 128928 117453
133733 138603 125006 135014
132190 125595 119780 120245
150574 121126 127420 119222
99198 100476 129568 116624
140298 117311 136597 126256
144232 123576 126074 140631
111548 129192 135814 137641
112304 118787 125219 104167
117993 124881 111015 113983
126920 123131 118695 132628
142873 149562 139664 142231
94603 101990 120634 84463
99021 106426 123394 100856
112921 109575 134999 105759
133403 112015 153417 114825
119386 118345 112311 111920
107356 131028 127347 115976
134646 134055 128513 126661
150675 147050 137059 137223
110757 98596 108953 125542
107450 103819 119134 113343
136939 123117 133269 137270
128168 122312 125027 158694
135234 123251 134335 119406
168571 153037 151140 156730
125288 110625 118712 108332
116903 98203 118477 114332
118244 108790 131489 102647
151184 133480 151639 115002
100471 114422 112941 84860
97160 108590 128822 87761
142912 118281 120714 109053
169970 155718 158435 154227
118257 104738 99286 98888
134651 96844 123155 90233
118400 118929 127442 142770
146217 136041 156608 172338
111116 110790 116066 120357
116485 100806 123544 116493
139834 141883 137886 115671
158788 159353 154154 159770
141086 136745 127340 126014
131088 130193 129712 126504
118900 123121 131075 99500
141777 128592 166420 118263
111925 110034 121505 92813
123715 109340 134473 96261
133673 129551 131266 135852
160067 157523 165751 143433
138896 123966 119095 128577
137695 123149 139514 116928
119042 116861 126692 140314
151647 123243 165257 160622
121969 110947 118017 125845
129331 94095 139497 142241
