T 1539200 ps
250545 217222 226740 243531 
T 1542400 ps
285868 265586 286052 259378 
T 1545600 ps
258013 219804 248757 220410 
T 1548800 ps
284531 254489 243209 252782 
T 1552 ns
203707 242645 247458 256004 
T 1555200 ps
241659 298738 279961 278375 
T 1558400 ps
216690 258133 233243 260698 
T 1561600 ps
210624 251351 273274 286416 
T 1564800 ps
235730 246901 251618 301044 
T 1568 ns
272496 296050 293708 299052 
T 1571200 ps
227414 284361 247076 283948 
T 1574400 ps
241423 283018 285809 305659 
T 1577600 ps
255705 250250 271932 228020 
T 1580800 ps
288220 268341 313892 247905 
T 1584 ns
244943 226233 260487 222659 
T 1587200 ps
287419 276181 316626 257062 
T 1590400 ps
291141 265623 290228 245798 
T 1593600 ps
268069 249412 271864 260838 
T 1596800 ps
306516 271160 271974 257411 
T 1600 ns
277612 247584 256094 250731 
T 1603200 ps
219495 286953 279066 288934 
T 1606400 ps
228813 263807 275769 273558 
T 1609600 ps
221085 297359 301843 299009 
T 1612800 ps
212616 264980 268398 280453 
T 1616 ns
282715 306147 276240 318426 
T 1619200 ps
261241 299187 286286 300622 
T 1622400 ps
268162 324051 276986 310763 
T 1625600 ps
229315 280985 248213 301223 
T 1628800 ps
281930 265261 305919 255223 
T 1632 ns
273618 263447 292343 238425 
T 1635200 ps
283671 273319 315477 269396 
T 1638400 ps
236866 257705 289201 242974 
T 1641600 ps
251887 241309 247575 238762 
T 1644800 ps
285117 250197 298356 265538 
T 1648 ns
251948 208657 234388 243769 
T 1651200 ps
248127 208106 245748 234495 
T 1654400 ps
218244 250947 259070 257458 
T 1657600 ps
235540 296830 290277 284746 
T 1660800 ps
224499 248867 232447 276123 
T 1664 ns
206366 260609 242800 266182 
T 1667200 ps
252960 284304 262778 296312 
T 1670400 ps
276822 296626 281827 317089 
T 1673600 ps
235127 277149 264650 296463 
T 1676800 ps
238220 263211 264650 297620 
T 1680 ns
255524 260811 267398 231410 
T 1683200 ps
296413 268386 322499 246856 
T 1686400 ps
252416 247477 273022 239067 
T 1689600 ps
254270 244497 275184 225579 
T 1692800 ps
279187 250653 256621 259412 
T 1696 ns
259961 202483 248487 212623 
T 1699200 ps
276176 257297 246034 261275 
T 1702400 ps
257933 249107 279550 242826 
T 1705600 ps
210418 255937 273206 275117 
T 1708800 ps
203592 243700 246262 255613 
T 1712 ns
220291 272010 274920 275251 
T 1715200 ps
221193 278126 266958 288655 
T 1718400 ps
236375 272949 266665 291250 
T 1721600 ps
223337 258424 228195 284284 
T 1724800 ps
259210 274011 274300 286975 
T 1728 ns
238328 266814 264594 293551 
T 1731200 ps
266867 261140 303462 228147 
T 1734400 ps
239315 219468 251310 244651 
T 1737600 ps
273526 270872 275089 244311 
T 1740800 ps
TLAST
276560 247873 269159 232315 
T 1750400 ps
234679 243300 229591 240385 
T 1753600 ps
271709 268840 275554 279298 
T 1756800 ps
305268 280492 284939 305637 
T 1760 ns
231676 234676 258475 251614 
T 1763200 ps
262735 256767 236743 257664 
T 1766400 ps
292516 307043 295015 286374 
T 1769600 ps
306634 303990 277062 294050 
T 1772800 ps
260739 269514 255254 246032 
T 1776 ns
235222 251995 224953 245193 
T 1779200 ps
264068 270680 272895 302095 
T 1782400 ps
267877 295536 290809 302956 
T 1785600 ps
221580 248446 226638 244832 
T 1788800 ps
211032 253645 228196 260286 
T 1792 ns
254326 289472 245240 312771 
T 1795200 ps
264741 292668 270066 303642 
T 1798400 ps
234739 247155 238446 262041 
T 1801600 ps
229361 235309 250991 221263 
T 1804800 ps
245230 219596 219589 237663 
T 1808 ns
225466 217506 240613 254467 
T 1811200 ps
257164 261457 275821 260090 
T 1814400 ps
270261 254891 251292 245215 
T 1817600 ps
263559 243548 237362 236843 
T 1820800 ps
250797 263811 239792 251434 
T 1824 ns
272591 278256 268130 282838 
T 1827200 ps
223087 250008 242541 230285 
T 1830400 ps
232404 221918 230317 204579 
T 1833600 ps
219540 236291 220408 246993 
T 1836800 ps
244940 271136 255066 258905 
T 1840 ns
226090 254855 217292 255234 
T 1843200 ps
205718 228346 211516 237152 
T 1846400 ps
231876 261862 206502 279247 
T 1849600 ps
237420 269712 236508 277720 
T 1852800 ps
237304 216132 251882 244879 
T 1856 ns
232820 234538 253560 234971 
T 1859200 ps
256620 252103 258023 258070 
T 1862400 ps
244696 241277 257988 253549 
T 1865600 ps
261086 264348 246046 258946 
T 1868800 ps
244339 245972 244146 242565 
T 1872 ns
290787 267190 260566 284651 
T 1875200 ps
260334 267137 254436 256997 
T 1878400 ps
203484 238336 246104 234858 
T 1881600 ps
215898 235391 235847 238764 
T 1884800 ps
268534 269029 268228 252499 
T 1888 ns
226926 247778 240577 228867 
T 1891200 ps
205683 254098 204375 264417 
T 1894400 ps
210326 244563 228473 245525 
T 1897600 ps
261857 269871 238169 271582 
T 1900800 ps
235636 258154 226552 271054 
T 1904 ns
238176 240448 262055 249817 
T 1907200 ps
247799 246828 242601 223247 
T 1910400 ps
235145 234875 257461 243591 
T 1913600 ps
251045 231188 237820 263118 
T 1916800 ps
253734 285211 259696 258273 
T 1920 ns
265313 268808 239808 256635 
T 1923200 ps
258862 281844 255797 230555 
T 1926400 ps
266320 261570 237564 239549 
T 1929600 ps
231056 243773 225782 262092 
T 1932800 ps
256376 237490 234068 224708 
T 1936 ns
230915 230765 225578 233124 
T 1939200 ps
250975 243386 248514 244620 
T 1942400 ps
219334 263887 218173 286144 
T 1945600 ps
240091 255242 220050 249723 
T 1948800 ps
203289 255499 200257 256926 
T 1952 ns
TLAST
223341 255086 229332 259923 
T 1961600 ps
227805 261924 248856 248460 
T 1964800 ps
225719 258434 270707 247332 
T 1968 ns
240215 237583 267467 232222 
T 1971200 ps
291868 306481 325015 292295 
T 1974400 ps
280227 245911 264317 218655 
T 1977600 ps
249841 244298 234559 236277 
T 1980800 ps
242745 225771 230346 229116 
T 1984 ns
324240 289977 292842 299213 
T 1987200 ps
247409 268639 259981 258677 
T 1990400 ps
224030 277761 238137 242165 
T 1993600 ps
239794 260219 226933 237800 
T 1996800 ps
299962 333225 280981 315158 
T 2 us
258114 237699 273678 268706 
T 2003200 ps
247615 260933 246283 284665 
T 2006400 ps
258067 246321 268383 282417 
T 2009600 ps
316323 329609 322581 350169 
T 2012800 ps
274324 270502 299183 261572 
T 2016 ns
240813 234780 258906 225718 
T 2019200 ps
251583 259719 276784 223735 
T 2022400 ps
252248 261157 270565 238347 
T 2025600 ps
302194 275823 288050 244470 
T 2028800 ps
256501 226469 239296 240789 
T 2032 ns
276790 259268 262729 255207 
T 2035200 ps
286898 231003 266602 270510 
T 2038400 ps
269971 297602 268853 281434 
T 2041600 ps
257593 266222 226255 236835 
T 2044800 ps
265751 293166 249406 242128 
T 2048 ns
252292 279701 282764 243319 
T 2051200 ps
264811 286692 303706 294099 
T 2054400 ps
256205 252653 270602 272256 
T 2057600 ps
262102 296870 292467 271610 
T 2060800 ps
277395 289157 299226 298512 
T 2064 ns
277304 282496 317333 255699 
T 2067200 ps
235488 249521 260328 251112 
T 2070400 ps
293642 295337 308547 282932 
T 2073600 ps
224448 243138 275385 225750 
T 2076800 ps
301228 272656 292864 264293 
T 2080 ns
258214 227366 262718 242961 
T 2083200 ps
325252 303475 292800 283426 
T 2086400 ps
240785 229127 239371 251088 
T 2089600 ps
259053 312410 268866 276153 
T 2092800 ps
228806 260258 239191 230624 
T 2096 ns
295382 315022 296713 312693 
T 2099200 ps
219451 262096 234432 234979 
T 2102400 ps
273672 298435 303004 313893 
T 2105600 ps
251481 263959 261992 282316 
T 2108800 ps
314760 319592 334508 346552 
T 2112 ns
257063 245877 262296 265643 
T 2115200 ps
257692 256693 290358 278790 
T 2118400 ps
227251 240672 272184 208770 
T 2121600 ps
227481 241158 257273 241762 
T 2124800 ps
254767 249874 266559 255932 
T 2128 ns
281119 265087 278777 238543 
T 2131200 ps
246835 228113 234123 238332 
T 2134400 ps
246953 234043 245056 225652 
T 2137600 ps
305110 260300 272762 257641 
T 2140800 ps
258399 283772 257947 254226 
T 2144 ns
216558 274056 233541 241780 
T 2147200 ps
221454 270382 250074 238414 
T 2150400 ps
268937 288963 256786 277888 
T 2153600 ps
260380 276551 282835 300553 
T 2156800 ps
235617 264990 253348 278062 
T 2160 ns
260692 244897 281762 282379 
T 2163200 ps
TLAST
261885 271558 291963 304791 
T 2172800 ps
260070 329483 315246 247681 
T 2176 ns
225635 271979 269494 210860 
T 2179200 ps
246162 299352 303213 206415 
T 2185600 ps
212073 282830 270389 203506 
T 2188800 ps
308687 303766 266263 287813 
T 2192 ns
273395 285438 251893 220360 
T 2195200 ps
309865 304616 250815 262931 
T 2198400 ps
272600 257632 237324 238070 
T 2201600 ps
280157 250337 280435 255111 
T 2204800 ps
231572 253175 221684 210778 
T 2208 ns
240562 284639 255084 250979 
T 2211200 ps
201770 257881 252200 247810 
T 2214400 ps
308058 292042 258791 283379 
T 2217600 ps
262195 257071 230399 238119 
T 2220800 ps
317923 278528 252861 281158 
T 2224 ns
260770 251737 206367 238163 
T 2227200 ps
230994 272414 255043 201424 
T 2230400 ps
250872 290206 290635 228947 
T 2233600 ps
260124 276896 250116 225293 
T 2236800 ps
234139 252528 253223 206636 
T 2240 ns
280456 262579 256841 259364 
T 2243200 ps
291280 266968 278965 267200 
T 2246400 ps
274261 296384 246569 242927 
T 2249600 ps
267606 259897 224733 224430 
T 2252800 ps
237421 251314 251176 235485 
T 2256 ns
246678 259431 265906 253687 
T 2259200 ps
231990 287909 243116 251775 
T 2262400 ps
224484 240949 229462 232017 
T 2265600 ps
271525 283131 206987 263988 
T 2268800 ps
258149 263757 228122 271426 
T 2272 ns
288641 273049 220915 244021 
T 2275200 ps
260524 233688 223292 238392 
T 2278400 ps
270479 311607 312977 243378 
T 2281600 ps
230002 243515 253005 212022 
T 2284800 ps
219309 274760 246328 193484 
T 2288 ns
257605 265235 263011 222551 
T 2291200 ps
308956 289603 305621 271859 
T 2294400 ps
244370 251171 220690 220401 
T 2297600 ps
259953 274417 224636 229651 
T 2300800 ps
269227 303815 256648 253344 
T 2304 ns
266647 271084 270885 271283 
T 2307200 ps
239020 206920 207449 234862 
T 2310400 ps
219283 266196 259237 220787 
T 2313600 ps
228742 286612 253726 253991 
T 2316800 ps
325976 289381 267397 278202 
T 2320 ns
258041 226475 216546 245979 
T 2323200 ps
255270 251454 218098 239321 
T 2326400 ps
262522 275155 238188 266565 
T 2329600 ps
255555 282895 274134 230069 
T 2332800 ps
205192 280130 268163 224242 
T 2336 ns
240375 304983 277324 235568 
T 2339200 ps
279846 299908 288083 236151 
T 2342400 ps
285987 279015 264066 251855 
T 2345600 ps
293050 282128 264893 252262 
T 2348800 ps
286350 287476 265042 252468 
T 2352 ns
308510 301892 262408 269610 
T 2355200 ps
241647 265593 235659 237826 
T 2358400 ps
240332 257962 262655 248374 
T 2361600 ps
233566 276296 258940 259928 
T 2364800 ps
261432 265711 270281 251949 
T 2368 ns
288079 274913 247427 273319 
T 2371200 ps
279068 253926 240270 251382 
T 2374400 ps
279433 289877 243669 262697 
T 2377600 ps
TLAST
292519 268212 251594 271992 
T 2387200 ps
254153 251490 242708 215091 
T 2390400 ps
248048 228576 261510 215800 
T 2393600 ps
267770 264984 289187 252184 
T 2396800 ps
240093 257768 244120 224691 
T 2400 ns
222509 269631 240682 236326 
T 2403200 ps
202301 239910 208367 219860 
T 2406400 ps
243048 284221 263531 263359 
T 2409600 ps
212785 277610 236394 240563 
T 2412800 ps
245678 246034 272115 264600 
T 2416 ns
224028 255955 241846 245721 
T 2419200 ps
284007 278199 279443 276947 
T 2422400 ps
237205 238276 252855 261622 
T 2425600 ps
230795 289109 239783 296765 
T 2428800 ps
239715 268416 204378 264287 
T 2432 ns
243956 279165 256659 282954 
T 2435200 ps
235134 266644 236431 271697 
T 2438400 ps
237773 247786 241454 218948 
T 2441600 ps
218650 212569 218307 173491 
T 2444800 ps
252079 216005 243688 205693 
T 2448 ns
228177 201678 210958 203259 
T 2451200 ps
217700 265812 229245 209167 
T 2454400 ps
200214 224321 199502 226791 
T 2457600 ps
203919 257073 242581 226583 
T 2460800 ps
176864 231985 203671 224132 
T 2464 ns
250421 237900 266080 242540 
T 2467200 ps
219978 201663 201552 228213 
T 2470400 ps
251739 253832 259929 246565 
T 2473600 ps
213381 234359 232929 236900 
T 2476800 ps
232108 236167 221947 257621 
T 2480 ns
181039 256964 189432 247858 
T 2483200 ps
228365 252988 206461 245864 
T 2486400 ps
193997 227503 206712 240614 
T 2489600 ps
242859 266887 240101 215500 
T 2492800 ps
272015 271252 276106 238329 
T 2496 ns
220173 216584 233484 194826 
T 2499200 ps
230763 224328 236800 202598 
T 2502400 ps
211892 259945 248148 236717 
T 2505600 ps
234093 288852 247177 260571 
T 2508800 ps
174603 222151 204503 203482 
T 2512 ns
206241 253626 215673 220766 
T 2515200 ps
235687 238354 238200 249297 
T 2518400 ps
266547 285010 294199 307148 
T 2521600 ps
220463 227179 223473 235139 
T 2524800 ps
223360 219007 233255 232508 
T 2528 ns
212737 263823 226453 264850 
T 2531200 ps
259184 283543 248510 287506 
T 2534400 ps
196206 235883 204094 220201 
T 2537600 ps
211355 245582 208035 240395 
T 2540800 ps
221660 251746 230244 206586 
T 2544 ns
238797 215309 215657 211933 
T 2547200 ps
259009 250138 276083 205421 
T 2550400 ps
277210 300860 272841 248000 
T 2553600 ps
231546 268835 221155 233870 
T 2556800 ps
196792 255920 214108 231587 
T 2560 ns
226660 279319 234598 220706 
T 2563200 ps
257673 298243 273136 271976 
T 2566400 ps
233921 231339 251960 249397 
T 2569600 ps
224745 235038 240188 257928 
T 2572800 ps
271047 254664 251338 253984 
T 2576 ns
282799 277857 289836 276693 
T 2579200 ps
215002 276951 213028 274000 
T 2582400 ps
204156 265401 214059 240673 
T 2585600 ps
228996 270622 226611 268418 
T 2588800 ps
TLAST
255883 325956 269513 304840 
T 2598400 ps
225944 241503 242287 228374 
T 2601600 ps
263709 244050 274234 262988 
T 2604800 ps
210359 222946 204723 240214 
T 2608 ns
252676 234836 237964 236012 
T 2611200 ps
264529 213485 222034 260419 
T 2614400 ps
308709 236777 251489 269246 
T 2617600 ps
268518 204600 220538 228977 
T 2620800 ps
280871 215603 223500 220624 
T 2624 ns
235361 239964 253682 213982 
T 2627200 ps
271505 272647 279500 232030 
T 2630400 ps
212385 243390 230200 205836 
T 2633600 ps
243355 264422 245308 225331 
T 2636800 ps
266834 265261 258364 261299 
T 2640 ns
288536 273305 291949 255488 
T 2643200 ps
265829 231983 237123 226556 
T 2646400 ps
249290 248941 238500 235768 
T 2649600 ps
266175 247382 235207 241414 
T 2652800 ps
242483 238249 233456 226757 
T 2656 ns
233060 202132 212810 205880 
T 2659200 ps
253170 242618 263617 259986 
T 2662400 ps
283537 212783 247981 255568 
T 2665600 ps
265046 216279 219926 228746 
T 2668800 ps
237259 188397 196455 215816 
T 2672 ns
295606 245688 263437 264406 
T 2675200 ps
234650 250701 248474 235489 
T 2678400 ps
244707 273288 248473 237247 
T 2681600 ps
225209 226526 209619 191263 
T 2684800 ps
266616 276228 284905 250966 
T 2688 ns
269515 261618 270227 246265 
T 2691200 ps
274610 241849 258582 211962 
T 2694400 ps
218017 208887 226871 219014 
T 2697600 ps
294522 275500 286432 272963 
T 2700800 ps
229096 236990 238966 239459 
T 2704 ns
232282 254300 246180 242716 
T 2707200 ps
218024 221558 223039 217081 
T 2710400 ps
246437 222998 256288 251696 
T 2713600 ps
289675 226192 242598 246158 
T 2716800 ps
285869 228368 216964 252530 
T 2720 ns
265356 217345 213613 237140 
T 2723200 ps
293475 210594 247350 245664 
T 2726400 ps
246782 252014 249329 230058 
T 2729600 ps
250400 247407 245722 212794 
T 2732800 ps
251706 208662 252407 204128 
T 2736 ns
245702 264681 252548 235112 
T 2739200 ps
255064 243191 280412 223213 
T 2742400 ps
282697 235043 254009 233508 
T 2745600 ps
258429 242639 262042 210828 
T 2748800 ps
274122 241341 260497 229333 
T 2755200 ps
252791 240247 257433 224227 
T 2758400 ps
234836 224450 257363 242840 
T 2761600 ps
218536 213755 238707 237417 
T 2764800 ps
242694 270150 272382 266722 
T 2768 ns
300227 223998 220621 224605 
T 2771200 ps
274054 231185 240102 258289 
T 2774400 ps
286211 214672 217310 243225 
T 2777600 ps
305405 250820 247566 274502 
T 2780800 ps
249650 249921 272741 243292 
T 2784 ns
242670 253997 254724 213834 
T 2787200 ps
239223 245772 244727 219955 
T 2790400 ps
257169 267057 276011 244196 
T 2793600 ps
282025 248707 248978 240769 
T 2796800 ps
283828 251066 265658 236499 
T 2800 ns
262729 264559 266670 231629 
T 2803200 ps
TLAST
298270 255664 288562 245546 
T 2812800 ps
270145 279775 214585 275978 
T 2816 ns
263625 270931 206665 244239 
T 2819200 ps
275006 291703 223894 265177 
T 2822400 ps
305770 304823 253101 292609 
T 2825600 ps
268165 260052 253090 234707 
T 2828800 ps
252394 258363 251391 225657 
T 2832 ns
264518 287433 262343 251449 
T 2835200 ps
278456 288204 273744 238669 
T 2838400 ps
277265 262277 235720 251299 
T 2841600 ps
250122 243357 228942 238013 
T 2844800 ps
271092 268947 244366 260568 
T 2848 ns
279105 284692 274390 285927 
T 2851200 ps
257950 245954 284700 241639 
T 2854400 ps
238983 234525 252659 235977 
T 2857600 ps
264165 245100 266869 257439 
T 2860800 ps
301324 272140 270300 280627 
T 2864 ns
283258 301461 247099 269733 
T 2867200 ps
301068 315473 241117 302951 
T 2870400 ps
268870 262065 219513 252963 
T 2873600 ps
262555 278253 203856 260958 
T 2876800 ps
287957 302245 270087 273792 
T 2880 ns
286640 302167 297390 252449 
T 2883200 ps
256920 241444 256022 227913 
T 2886400 ps
258011 268713 260341 220933 
T 2889600 ps
298138 280835 247857 277117 
T 2892800 ps
299922 284977 259059 274219 
T 2896 ns
243739 261729 235283 223672 
T 2899200 ps
244581 253519 243469 249628 
T 2902400 ps
289272 279169 290765 262600 
T 2905600 ps
284661 276972 273651 281012 
T 2908800 ps
260260 243314 251984 246319 
T 2912 ns
263287 237630 256306 253702 
T 2915200 ps
246936 268630 177844 252246 
T 2918400 ps
251510 270133 218727 260834 
T 2921600 ps
243946 279493 210433 265809 
T 2924800 ps
276418 268460 225332 245827 
T 2928 ns
266694 251901 257488 220585 
T 2931200 ps
253967 260372 284328 193684 
T 2934400 ps
266439 260444 260832 219305 
T 2937600 ps
252919 253951 265312 189165 
T 2940800 ps
232501 232467 219302 235610 
T 2944 ns
264455 264449 241328 245472 
T 2947200 ps
263660 270998 233937 227641 
T 2950400 ps
260415 228042 253138 225583 
T 2953600 ps
256212 227653 252466 241542 
T 2956800 ps
250698 242444 261744 242228 
T 2960 ns
259154 242742 267202 245345 
T 2963200 ps
259237 226401 242351 239776 
T 2966400 ps
233800 279042 202183 230827 
T 2969600 ps
221037 233781 169586 211671 
T 2972800 ps
273004 275828 226513 259289 
T 2976 ns
259282 264987 218210 251306 
T 2979200 ps
256211 260132 245059 211444 
T 2982400 ps
244906 232519 239521 194752 
T 2985600 ps
268241 272731 247405 221423 
T 2988800 ps
254321 255109 255552 219814 
T 2992 ns
256345 256595 239356 222524 
T 2995200 ps
219464 212284 231679 204848 
T 2998400 ps
257318 252356 267997 232474 
T 3001600 ps
264319 225500 231794 232522 
T 3004800 ps
260718 238252 235661 225161 
T 3008 ns
234819 212952 219046 223822 
T 3011200 ps
276615 237551 242575 254507 
T 3014400 ps
TLAST
260198 255722 230904 231489 
T 3027200 ps
228840 233335 233977 239455 
T 3030400 ps
219112 236175 238573 253839 
T 3033600 ps
211877 225092 218914 226428 
T 3036800 ps
249606 261182 272168 261669 
T 3040 ns
266588 235597 255582 261524 
T 3043200 ps
260517 247591 232824 250322 
T 3046400 ps
253666 226076 222993 235317 
T 3049600 ps
301393 262500 259533 281530 
T 3052800 ps
236267 233668 247550 245062 
T 3056 ns
216327 233653 258875 226846 
T 3059200 ps
201678 216930 221385 219952 
T 3062400 ps
249640 242259 292318 268434 
T 3065600 ps
217010 242772 229608 268028 
T 3068800 ps
247076 251846 266167 233335 
T 3072 ns
212275 243484 232647 218595 
T 3075200 ps
287189 258907 255764 291293 
T 3078400 ps
259934 264572 286655 280293 
T 3081600 ps
223906 242262 237420 242740 
T 3084800 ps
267042 270674 280899 303518 
T 3088 ns
271121 264047 261056 286165 
T 3091200 ps
314032 282163 300058 284963 
T 3094400 ps
255699 249594 251386 266695 
T 3097600 ps
327730 298062 265089 303927 
T 3100800 ps
311755 293279 298892 283902 
T 3104 ns
269380 273681 309986 271688 
T 3107200 ps
231903 237371 255953 250241 
T 3110400 ps
249813 259221 302680 272179 
T 3113600 ps
264815 256899 303054 280807 
T 3116800 ps
302704 289156 276711 302661 
T 3120 ns
235911 251884 251323 255999 
T 3123200 ps
298838 274603 270163 278991 
T 3126400 ps
276384 276522 274168 273332 
T 3129600 ps
234376 237938 232661 228488 
T 3132800 ps
203117 227784 198671 234704 
T 3136 ns
245711 265775 225574 248398 
T 3139200 ps
225830 253419 240099 225641 
T 3142400 ps
260980 223440 251307 250118 
T 3145600 ps
241834 202122 213355 220872 
T 3148800 ps
295347 240528 257670 256393 
T 3152 ns
279930 251764 256871 252475 
T 3155200 ps
224236 245297 259759 219117 
T 3158400 ps
214674 215381 214828 205462 
T 3161600 ps
255083 257836 267105 246271 
T 3164800 ps
242791 233437 279759 263102 
T 3168 ns
254661 244939 246885 267859 
T 3171200 ps
219195 207597 231572 211528 
T 3174400 ps
272899 270380 272600 271990 
T 3177600 ps
267626 255474 233163 261146 
T 3180800 ps
257993 284392 266555 284487 
T 3184 ns
246280 273473 274618 279333 
T 3187200 ps
235001 245983 241557 246788 
T 3190400 ps
220170 260579 249662 242945 
T 3193600 ps
308070 293996 276533 284873 
T 3196800 ps
320566 261230 273835 274895 
T 3200 ns
273700 254931 241224 254115 
T 3203200 ps
283831 240002 235012 236009 
T 3206400 ps
255455 267285 302518 273802 
T 3209600 ps
248359 282676 281573 258852 
T 3212800 ps
242201 244912 258773 255598 
T 3216 ns
239435 238772 256672 253525 
T 3219200 ps
287027 292471 294033 270627 
T 3222400 ps
294677 264293 258307 283320 
T 3225600 ps
247540 229281 252890 252437 
T 3228800 ps
TLAST
262558 247656 246939 250447 
T 3238400 ps
199746 199435 229907 237319 
T 3241600 ps
263973 257802 302239 306430 
T 3244800 ps
268675 226678 275730 282188 
T 3248 ns
235146 238757 288089 247076 
T 3251200 ps
216843 217913 225877 244232 
T 3254400 ps
266439 260271 280291 279319 
T 3257600 ps
228462 233535 241478 236027 
T 3260800 ps
231867 233451 227363 239278 
T 3264 ns
255201 259552 242664 252141 
T 3267200 ps
287991 288905 292522 265883 
T 3270400 ps
237047 253852 252279 242720 
T 3273600 ps
267246 261512 261473 262274 
T 3276800 ps
203383 241109 262735 227483 
T 3280 ns
262029 296521 302962 253715 
T 3283200 ps
240826 268574 276159 228850 
T 3286400 ps
246341 278746 252546 250212 
T 3289600 ps
237528 221125 286706 233618 
T 3292800 ps
259488 236219 305996 264017 
T 3296 ns
257464 233663 279114 259099 
T 3299200 ps
259833 239268 271595 281050 
T 3302400 ps
239938 230104 249486 254614 
T 3305600 ps
240834 237100 232931 288929 
T 3308800 ps
237920 215910 247235 264078 
T 3312 ns
244088 244450 226620 235895 
T 3315200 ps
259481 275107 284451 268652 
T 3318400 ps
277029 282861 274778 282852 
T 3321600 ps
281400 271603 283496 252933 
T 3324800 ps
265785 260321 275541 243002 
T 3328 ns
229838 268797 265526 258387 
T 3331200 ps
260370 275685 283806 250642 
T 3334400 ps
240159 286676 266173 259461 
T 3337600 ps
236917 259681 282029 231848 
T 3340800 ps
281719 252776 315237 274484 
T 3344 ns
271959 246132 330511 299972 
T 3347200 ps
226537 183606 253591 227367 
T 3350400 ps
275189 240433 323551 284360 
T 3353600 ps
253564 258329 248129 287435 
T 3356800 ps
256643 231706 271427 288221 
T 3360 ns
195481 202770 210846 222931 
T 3363200 ps
260436 248222 264426 282529 
T 3366400 ps
276110 291473 283314 302652 
T 3369600 ps
298725 302091 296340 293576 
T 3372800 ps
230333 247489 220054 277874 
T 3376 ns
290183 319440 304316 292246 
T 3379200 ps
264317 278647 281980 260690 
T 3382400 ps
280721 304804 292642 275334 
T 3385600 ps
230729 242907 233877 234710 
T 3388800 ps
256592 296890 306691 275805 
T 3392 ns
267983 230237 257553 259693 
T 3395200 ps
248506 230275 283059 265234 
T 3398400 ps
254582 231896 285187 295949 
T 3401600 ps
245091 222500 279559 270950 
T 3404800 ps
230485 221437 230700 237988 
T 3408 ns
266571 237890 252309 249394 
T 3411200 ps
247723 229949 251721 268129 
T 3414400 ps
232182 245095 254524 248334 
T 3417600 ps
256092 257705 254753 246570 
T 3420800 ps
262704 254254 251323 270696 
T 3424 ns
270382 265425 269310 287375 
T 3427200 ps
251692 268374 266341 292195 
T 3430400 ps
239184 247361 289145 236871 
T 3433600 ps
241425 269130 265464 262292 
T 3436800 ps
258353 279221 300314 265315 
T 3440 ns
TLAST
242748 274180 281429 247246 
T 3452800 ps
273756 274903 317152 286619 
T 3456 ns
297944 256282 337011 279011 
T 3459200 ps
258052 219680 256374 231755 
T 3462400 ps
256389 241949 262314 244803 
T 3465600 ps
271224 262065 252620 269623 
T 3468800 ps
278364 263357 258943 270034 
T 3472 ns
235604 231698 244502 236985 
T 3475200 ps
249052 240415 231712 250105 
T 3478400 ps
240030 314501 265296 307008 
T 3481600 ps
264856 317076 283618 313543 
T 3484800 ps
204527 249974 229943 270721 
T 3488 ns
232897 246651 232337 272623 
T 3491200 ps
284473 247452 262454 242145 
T 3494400 ps
280425 257024 282074 272050 
T 3497600 ps
218500 230233 263210 239110 
T 3500800 ps
241659 268265 261500 211981 
T 3504 ns
287430 263797 308080 267373 
T 3507200 ps
268443 264359 291460 262775 
T 3510400 ps
281589 256525 285622 262836 
T 3513600 ps
237239 218897 273824 229088 
T 3516800 ps
267611 268895 290498 284396 
T 3520 ns
273884 256215 262260 256041 
T 3523200 ps
271818 236274 251359 260522 
T 3526400 ps
226692 208841 220216 242492 
T 3529600 ps
250751 287498 270925 324500 
T 3532800 ps
245898 295484 270937 291771 
T 3536 ns
233819 287474 252802 295468 
T 3539200 ps
202105 242222 225834 242126 
T 3542400 ps
285311 286753 292993 246792 
T 3545600 ps
253263 253270 274368 226740 
T 3548800 ps
239886 264251 258409 253038 
T 3552 ns
212139 242451 231695 221070 
T 3555200 ps
307072 307708 317008 284677 
T 3558400 ps
229472 229295 269463 229435 
T 3561600 ps
290687 285614 306992 280338 
T 3564800 ps
270001 216322 267587 226743 
T 3568 ns
301043 283944 297772 292865 
T 3571200 ps
240986 204214 217443 227600 
T 3574400 ps
294296 250094 266452 294597 
T 3577600 ps
240119 229605 239409 243272 
T 3580800 ps
283016 303150 305283 345217 
T 3584 ns
215441 245337 234804 254894 
T 3587200 ps
275932 281705 276686 306700 
T 3590400 ps
235256 264215 239189 280065 
T 3593600 ps
260514 301454 296343 277937 
T 3596800 ps
229460 224921 201059 219889 
T 3600 ns
284860 277183 292366 257505 
T 3603200 ps
238292 255501 248419 220561 
T 3606400 ps
280291 259659 287585 237433 
T 3609600 ps
278190 270405 305338 256396 
T 3612800 ps
269093 228744 285037 261498 
T 3616 ns
305542 290708 315029 266188 
T 3619200 ps
261953 238862 246305 240555 
T 3622400 ps
281209 244507 256667 254427 
T 3625600 ps
258328 233028 226968 258604 
T 3628800 ps
269556 251995 277293 272237 
T 3632 ns
235343 295454 247216 292693 
T 3635200 ps
242823 271466 260053 306360 
T 3638400 ps
226702 270822 244775 282759 
T 3641600 ps
257256 296038 270415 289198 
T 3644800 ps
263260 259498 262569 235518 
T 3648 ns
274622 251959 276021 217820 
T 3651200 ps
232018 242119 260240 202166 
T 3654400 ps
TLAST
255726 270660 287126 241511 
