102 56 102 11 49 58 96 36 124 26 100 77 12 124 106 104
66 45 52 36 116 106 118 40 48 71 28 30 78 98 99 52
27 74 64 76 4 32 112 0 58 85 77 71 81 55 47 20
101 99 56 89 77 46 2 126 117 30 28 68 1 127 120 28
73 56 104 78 89 89 78 19 46 28 90 127 83 10 19 56
109 76 18 59 122 20 57 112 50 85 52 51 84 44 79 30
101 56 108 62 17 58 81 63 86 44 62 42 54 82 98 35
30 116 94 24 8 23 8 59 108 60 110 65 105 62 95 78
118 75 12 7 5 93 70 92 9 4 6 63 86 104 99 116
93 65 13 101 89 21 32 69 82 15 6 59 77 101 9 67
48 21 74 54 114 16 18 124 20 24 59 107 0 30 95 93
96 108 67 57 2 99 126 84 114 5 15 63 106 24 2 27
45 76 81 31 92 99 27 113 123 87 92 123 117 59 89 85
40 28 14 42 127 13 126 114 18 13 49 124 37 52 23 82
0 104 113 93 75 13 78 70 100 42 66 89 101 27 47 13
55 61 55 54 74 53 40 92 66 90 89 103 14 112 57 14
89 43 107 36 56 57 107 28 99 45 117 73 72 36 86 127
98 14 53 44 67 94 9 6 56 98 109 70 82 39 84 43
82 64 80 10 121 59 38 93 104 27 38 48 64 124 47 34
10 100 78 78 66 87 84 122 57 65 64 12 104 21 55 58
85 7 68 78 66 106 43 42 6 81 90 70 78 9 104 88
110 54 38 48 14 122 43 71 60 107 83 36 0 11 95 85
18 35 36 85 14 79 127 20 33 90 90 111 99 66 71 81
120 110 2 6 104 45 78 36 24 33 73 25 44 40 110 63
75 18 20 89 98 19 109 3 109 71 114 81 9 57 34 2
39 36 8 16 81 86 52 106 120 125 3 36 37 113 99 113
4 119 74 102 11 56 105 120 127 91 73 9 20 108 11 60
16 19 76 98 106 0 76 98 126 79 6 35 64 106 20 68
97 95 42 108 23 19 101 22 110 46 31 3 26 42 63 43
62 11 13 40 11 89 10 9 40 16 45 104 122 65 45 92
32 87 72 55 107 45 78 89 92 109 92 118 24 27 33 86
38 46 126 50 7 8 59 47 24 104 24 19 42 69 111 74
88 63 43 116 107 124 116 54 113 76 43 77 95 102 79 96
17 116 94 115 85 122 81 15 95 34 120 98 127 64 7 88
127 50 76 106 47 64 32 32 12 76 109 107 50 60 75 67
49 41 55 6 35 8 21 3 42 13 101 42 77 108 2 76
31 78 54 78 14 86 110 27 34 91 6 85 23 82 24 72
123 79 78 31 88 99 34 2 112 7 44 61 116 46 9 19
124 63 97 11 22 79 38 56 42 44 13 65 126 38 10 122
117 88 25 77 60 59 80 44 66 124 106 54 43 115 73 39
51 42 50 73 121 88 1 35 5 15 101 3 53 111 125 42
71 22 120 3 81 72 48 20 68 26 74 111 13 20 23 64
62 73 9 56 34 11 91 39 26 64 42 79 47 40 121 119
62 113 122 16 57 42 36 126 68 110 109 82 2 4 18 65
78 28 121 112 39 84 23 65 21 65 16 68 105 9 59 40
123 54 56 52 96 92 50 37 74 32 119 77 36 9 14 114
37 7 98 76 91 121 13 112 59 29 53 36 39 112 76 34
38 4 86 7 96 9 44 43 41 35 120 77 44 6 64 82
13 34 30 104 28 44 89 87 73 14 123 112 126 72 18 37
76 105 44 45 114 88 88 27 123 80 104 39 86 40 121 99
75 24 75 103 68 36 62 13 50 57 126 49 1 16 86 78
121 2 123 107 90 83 6 85 35 111 124 121 23 118 92 98
14 39 73 82 76 7 95 126 65 93 47 66 110 5 16 103
7 11 83 97 94 89 54 1 72 51 122 96 41 86 66 55
126 12 9 74 19 104 72 84 70 120 23 52 125 39 27 5
51 110 102 17 72 29 19 16 80 13 112 121 100 51 48 98
63 57 44 82 33 116 39 103 108 62 27 106 101 55 111 24
37 85 42 109 114 61 126 66 74 110 59 46 33 107 16 96
36 60 51 70 49 90 45 29 24 73 7 125 0 118 22 37
76 64 19 62 125 17 1 71 127 60 118 33 40 6 1 76
67 52 18 116 14 64 17 38 9 25 36 9 15 58 46 91
122 65 26 119 82 27 62 82 87 52 115 127 59 116 76 126
41 94 114 55 30 3 94 39 28 2 48 44 60 95 7 54
32 33 45 115 60 107 69 20 32 56 19 91 44 95 89 85
84 5 11 32 90 50 74 30 44 42 111 114 38 2 115 127
103 33 49 5 72 121 89 45 20 40 6 119 93 26 31 49
31 42 81 122 92 27 24 9 69 7 123 107 9 110 106 112
15 28 118 87 21 79 5 41 119 11 32 85 37 63 6 68
106 88 62 70 115 86 79 57 93 74 36 102 56 15 87 72
43 77 31 64 28 36 106 19 47 10 104 84 74 111 25 52
71 87 122 58 46 74 115 11 20 24 114 77 39 73 21 82
22 52 18 50 89 124 69 8 7 46 93 81 29 118 5 100
77 127 30 123 73 18 7 94 42 121 43 81 66 64 35 88
116 53 10 77 50 79 86 57 125 51 10 26 41 15 126 118
14 29 114 88 47 121 54 89 114 97 42 52 33 77 12 21
2 22 99 52 101 57 109 99 108 119 125 21 6 124 11 21
25 125 109 72 118 35 33 104 4 75 28 37 24 40 58 26
62 29 79 36 86 60 7 66 52 4 87 58 0 99 79 25
96 60 97 87 95 2 63 99 77 92 8 101 4 67 0 67
96 79 103 55 11 110 121 63 114 81 122 115 52 73 12 20
6 110 107 101 112 43 73 62 7 81 35 11 20 35 78 117
114 53 44 126 35 37 61 22 118 55 9 42 1 21 63 7
3 42 108 116 85 53 50 92 7 85 104 27 121 54 16 107
108 60 105 15 98 39 37 88 94 46 3 95 68 66 102 71
108 83 59 66 8 109 30 15 67 6 43 60 61 59 39 41
120 17 56 90 56 94 50 22 12 53 118 80 119 92 24 100
47 83 38 56 65 68 71 4 75 114 64 8 46 103 49 38
120 105 0 48 71 50 71 84 104 61 36 95 25 60 67 73
16 105 1 81 46 72 85 121 59 21 1 105 124 50 15 117
27 15 37 99 65 108 55 41 41 91 9 67 24 76 12 40
54 13 121 100 85 78 93 16 99 94 121 95 16 8 84 43
23 122 14 89 102 69 2 16 33 11 83 57 88 95 97 14
108 90 114 65 40 79 82 11 45 75 106 61 84 63 104 107
57 119 68 31 60 71 47 93 82 2 22 42 97 119 56 77
81 42 15 121 121 97 4 38 44 111 99 0 46 76 108 103
67 48 6 127 119 54 93 74 56 115 116 26 107 45 103 60
25 108 62 36 22 88 102 67 47 84 96 121 118 112 16 83
7 80 91 31 82 127 98 6 85 127 35 6 74 72 107 99
52 41 7 74 2 109 13 49 65 109 42 55 94 58 10 101
10 102 4 93 101 102 99 58 101 7 65 48 79 44 19 3
86 27 78 88 8 91 9 74 73 51 1 39 109 12 12 119
114 16 84 87 118 56 18 91 63 83 11 14 127 31 17 85
58 95 45 66 59 54 12 4 105 14 43 86 26 55 78 12
71 34 99 61 90 117 24 25 72 36 39 72 67 57 29 125
24 75 63 83 1 76 87 107 90 2 65 116 57 15 0 0
50 99 61 12 89 86 38 33 122 77 105 61 6 7 58 31
82 121 114 83 69 74 62 31 76 0 19 6 15 19 6 65
119 68 78 80 26 116 113 20 65 91 81 72 98 11 103 52
4 89 7 74 35 70 105 112 70 125 118 85 16 124 23 7
64 101 87 90 89 73 110 26 36 63 98 6 74 73 58 79
35 65 25 70 7 2 54 77 127 44 35 16 41 58 23 105
31 111 68 120 56 50 18 92 114 117 98 60 62 28 11 97
93 36 40 101 39 94 50 38 11 85 54 52 15 78 29 46
61 97 38 117 20 57 81 6 46 51 66 108 79 78 78 44
114 118 17 25 84 68 64 95 25 118 19 41 68 49 87 1
18 126 118 38 55 71 44 101 122 111 81 73 61 31 118 47
21 7 73 106 75 9 73 101 127 93 14 68 14 101 69 32
99 60 71 26 3 115 127 126 98 81 71 31 112 61 79 6
69 24 112 16 33 57 117 32 22 3 100 36 105 42 69 76
102 12 103 105 127 102 103 98 55 47 1 40 108 80 46 49
104 30 66 9 87 55 42 110 59 14 18 36 56 87 112 30
99 87 8 99 62 111 69 117 30 70 29 11 23 75 60 127
105 126 9 65 54 51 47 113 65 65 21 122 25 5 24 124
93 32 95 27 16 36 16 46 107 46 57 2 121 118 1 99
116 10 36 42 61 83 27 127 20 48 121 45 54 17 42 19
50 9 46 66 46 62 112 25 108 42 27 102 32 28 73 20
39 109 63 100 64 90 99 84 11 92 2 65 110 44 84 32
53 2 98 99 64 82 124 45 124 23 19 28 52 92 49 91
94 3 70 6 82 77 69 115 84 32 60 116 54 67 30 46
101 85 123 27 15 104 58 20 94 49 32 8 119 25 41 85
28 111 91 110 60 33 97 16 65 29 4 120 96 34 38 70
119 33 97 7 9 27 27 103 76 59 111 67 84 24 25 112
7 116 95 67 21 64 84 87 94 88 79 62 123 117 4 114
22 101 121 31 0 21 6 77 80 118 16 37 14 41 21 22
30 116 89 51 53 45 10 19 6 89 81 1 78 86 115 100
59 109 3 60 2 10 9 82 0 25 119 14 67 13 36 97
1 126 20 54 43 31 73 49 120 27 50 71 113 38 43 44
19 47 104 21 57 113 103 57 11 95 71 78 108 108 47 109
106 67 36 21 98 109 71 91 8 121 34 121 31 77 38 50
124 14 71 53 0 47 110 11 14 54 89 122 34 8 103 12
75 11 33 46 121 104 9 1 98 43 123 1 120 33 52 117
47 123 42 47 42 25 58 56 79 19 50 113 27 26 125 103
37 30 21 30 7 30 32 105 73 27 106 65 60 30 54 107
26 97 27 68 122 85 125 73 105 47 58 4 73 55 107 111
85 0 13 92 30 45 69 103 72 48 41 4 78 95 112 104
64 11 45 58 96 42 3 73 89 61 78 35 116 57 18 74
58 31 38 88 77 108 64 21 28 105 26 106 72 10 83 9
21 0 67 117 42 71 63 3 4 13 38 121 70 56 67 0
88 105 89 37 85 25 58 113 2 84 92 74 94 47 83 115
47 23 105 89 94 40 92 98 53 3 91 123 59 30 124 19
8 85 56 93 110 115 79 112 71 43 58 38 90 14 25 9
37 2 98 3 42 62 101 95 65 65 91 125 95 87 16 103
44 73 69 26 60 20 10 3 63 68 41 25 82 67 34 119
69 4 122 112 66 96 79 4 33 42 1 0 1 17 104 45
90 45 71 22 65 81 26 0 22 67 25 104 6 59 96 76
63 90 60 1 58 11 5 91 54 6 92 55 24 68 101 114
113 44 9 50 126 35 50 20 102 75 124 109 6 92 57 69
55 117 70 113 0 76 77 54 82 41 110 106 109 83 93 94
127 102 16 125 9 66 17 111 13 14 92 19 106 21 88 33
10 30 19 11 106 96 65 61 9 47 39 118 2 4 84 2
110 53 120 94 61 57 104 48 79 89 11 44 51 46 117 125
14 15 65 31 64 112 70 85 7 45 32 90 104 86 64 86
11 56 52 72 113 29 120 65 118 4 109 41 50 98 39 64
113 104 95 49 89 38 6 96 83 38 58 59 124 123 17 8
51 70 80 37 99 73 102 89 77 83 2 127 53 41 63 38
18 31 87 107 69 94 75 24 4 5 83 1 0 100 9 52
42 89 89 13 34 63 102 111 18 105 110 71 18 46 109 36
77 68 15 18 34 90 42 39 96 125 40 96 97 49 20 12
10 109 25 45 44 0 28 62 105 11 5 123 57 114 32 6
55 47 24 89 10 66 0 106 63 40 74 32 89 95 44 100
76 70 17 121 70 45 55 47 56 61 42 113 47 74 119 102
122 15 64 4 81 64 110 16 105 56 49 66 23 93 38 100
35 55 93 105 101 20 24 29 81 67 15 1 13 6 103 7
22 39 11 103 104 121 120 81 50 41 19 73 6 58 45 42
113 10 19 86 31 44 116 112 111 3 113 124 9 89 4 31
0 15 7 104 9 127 57 59 40 77 4 46 7 50 88 120
60 108 79 91 24 67 76 7 70 61 3 79 22 7 111 23
23 118 127 32 117 57 91 29 6 95 75 13 17 36 5 78
16 84 41 40 23 117 47 93 51 50 45 73 58 28 96 81
18 96 113 7 25 76 36 31 43 111 44 61 19 49 11 35
6 52 75 29 42 122 123 93 45 40 38 103 68 7 56 86
103 41 93 0 117 1 31 32 112 75 93 4 124 104 39 2
29 115 32 71 109 27 36 26 67 74 1 7 81 57 93 56
98 58 56 87 59 87 120 43 34 85 47 31 62 87 33 91
74 65 34 55 92 70 82 31 16 83 38 98 13 3 26 111
61 83 71 120 42 63 36 77 20 83 108 82 42 13 45 116
79 79 44 43 21 126 75 38 81 113 8 94 117 34 78 50
117 21 43 32 84 79 109 104 34 89 59 77 102 104 65 53
56 109 97 77 107 44 115 61 29 123 27 18 30 105 69 19
126 112 51 82 63 32 59 97 121 118 46 96 94 112 21 22
93 118 100 73 34 87 6 64 83 33 82 113 11 23 4 9
7 56 92 70 88 23 40 82 13 86 50 107 70 71 2 36
12 15 94 115 74 83 9 107 73 118 63 52 5 40 113 101
127 110 83 90 101 119 44 81 89 30 6 83 17 111 8 29
126 103 16 72 58 25 52 3 15 115 55 20 28 40 121 27
22 76 117 124 67 33 77 28 63 83 112 80 66 120 109 65
95 125 9 26 22 61 29 37 49 85 57 77 125 50 104 20
127 93 16 66 126 93 95 61 48 79 13 115 71 122 52 39
119 61 65 13 123 94 50 44 51 107 121 49 29 97 69 28
62 85 95 60 50 62 121 98 13 6 85 84 0 9 123 119
71 60 4 66 27 54 110 78 33 103 127 62 72 68 91 6
25 58 66 75 120 59 46 5 65 3 89 65 13 85 56 84
17 60 22 44 114 4 123 19 107 122 81 51 63 44 57 88
102 123 36 94 54 82 99 119 85 61 56 98 18 112 54 35
44 76 80 30 80 75 49 59 69 2 110 4 47 39 93 21
34 1 116 88 83 87 79 40 20 7 11 38 119 65 74 35
14 26 65 94 101 114 26 42 117 8 47 36 48 12 57 82
13 45 43 96 5 122 8 25 2 19 64 121 85 10 29 99
36 94 65 9 81 91 51 70 100 98 106 20 110 35 102 123
81 17 91 86 12 100 111 14 119 47 7 76 57 36 47 93
3 113 102 84 76 26 26 48 124 4 68 107 39 43 102 120
60 66 78 72 38 62 86 29 109 94 106 39 2 25 4 5
10 107 89 87 5 115 7 1 119 76 108 31 119 83 23 51
21 102 124 59 36 82 88 17 48 66 56 51 92 61 56 102
40 18 61 45 5 69 46 125 17 27 28 8 110 51 59 3
25 55 62 61 10 22 79 58 89 7 109 53 68 38 27 108
56 89 25 61 30 72 58 47 99 86 55 81 10 114 84 35
42 18 97 52 40 48 110 1 55 92 54 124 2 82 104 58
43 2 119 73 74 50 120 45 8 47 126 18 33 82 54 75
100 23 127 12 71 110 14 126 74 68 122 76 22 99 6 65
101 125 10 47 47 2 92 56 49 90 74 83 44 0 30 16
23 30 28 94 12 42 93 86 111 87 34 5 58 40 71 31
37 81 78 85 84 42 13 5 4 87 88 48 88 119 64 111
21 93 78 33 7 43 119 118 2 25 124 61 65 67 92 102
100 2 122 9 21 115 106 46 55 83 122 40 71 51 125 50
94 16 35 116 69 90 117 5 119 93 28 69 103 90 106 75
92 100 85 113 87 63 32 15 19 26 55 90 77 52 12 43
68 47 31 10 9 20 15 0 113 43 69 88 5 47 36 98
20 121 83 107 56 115 122 75 13 49 38 90 102 50 5 42
98 36 52 107 56 67 108 42 111 49 2 116 97 38 86 117
31 42 96 88 29 91 35 43 12 73 5 114 124 11 29 94
47 81 73 104 21 53 18 4 103 20 120 72 59 79 61 90
121 29 50 22 120 86 65 5 31 71 119 27 82 20 121 1
102 67 105 123 120 123 127 95 16 119 39 75 70 100 37 63
2 88 86 122 46 23 127 77 94 119 105 48 11 98 50 113
37 27 108 30 23 107 125 39 99 37 114 41 9 23 105 11
111 63 6 29 86 5 107 53 124 84 101 8 54 23 121 92
51 102 122 74 81 119 113 52 28 99 94 38 122 71 49 106
6 55 7 92 61 114 17 57 70 119 65 125 14 59 89 65
33 83 11 114 74 124 39 103 95 5 13 90 76 62 68 82
118 75 46 51 62 64 108 4 55 46 1 69 105 90 7 10
45 18 124 120 15 35 95 110 40 108 72 116 42 12 70 32
88 117 83 22 53 64 26 108 110 28 49 87 118 56 97 36
75 93 28 90 1 123 72 41 103 17 30 17 29 100 50 117
89 5 11 14 69 38 122 51 66 44 10 56 100 107 92 47
73 120 9 74 115 82 115 90 99 17 108 0 118 30 118 79
35 1 94 105 39 88 28 105 4 39 34 105 18 126 24 91
119 34 37 106 116 25 69 87 42 49 87 32 79 77 112 114
79 78 91 118 38 120 96 43 31 2 20 49 0 44 13 119
78 50 98 66 75 39 25 118 88 113 22 39 62 6 25 13
84 117 4 123 109 100 38 12 102 58 61 102 102 74 94 53
125 64 119 72 103 17 62 63 2 85 102 64 91 127 78 48
116 82 43 97 54 81 109 28 11 43 2 113 117 96 38 114
32 30 59 7 47 121 70 49 78 44 113 42 44 63 90 32
17 5 2 71 86 111 99 97 26 102 82 16 70 121 2 103
23 61 110 70 55 53 119 5 97 104 47 13 40 9 46 57
63 28 47 18 54 46 61 122 39 68 47 124 26 31 53 127
84 68 65 76 37 110 125 123 13 75 19 22 90 60 110 25
88 29 43 15 75 104 9 114 44 56 110 71 88 36 70 44
104 7 120 14 117 118 9 2 65 28 25 27 88 7 53 48
37 96 63 112 73 72 99 117 1 81 60 89 117 2 5 94
9 126 108 126 116 117 1 53 17 26 81 105 33 6 25 70
102 89 55 47 33 26 37 34 107 97 123 97 100 1 63 109
127 43 108 115 32 109 40 49 7 121 26 40 127 51 111 102
12 38 21 46 64 58 80 43 28 76 12 0 77 75 109 76
118 89 63 22 70 103 71 77 97 97 118 96 21 101 70 33
11 92 79 75 22 32 118 50 108 3 50 57 78 32 5 69
121 68 91 64 43 35 13 12 4 3 109 25 104 51 59 115
15 10 62 38 42 53 88 22 56 11 79 6 43 84 75 36
24 39 100 68 74 114 80 78 117 61 104 94 113 35 81 0
45 16 38 88 69 127 110 125 10 62 3 53 18 79 89 43
118 62 111 64 48 63 14 37 125 118 3 110 25 85 110 71
101 21 31 42 20 13 39 30 75 42 83 94 121 44 9 111
106 120 47 26 55 62 64 52 52 67 34 78 24 17 21 125
38 52 39 58 65 78 88 13 121 43 107 114 87 116 98 66
108 17 92 35 79 28 88 4 96 122 82 120 11 103 118 49
27 29 107 92 108 67 105 101 110 84 87 70 72 57 8 52
75 100 88 26 1 48 30 97 42 112 89 54 87 79 103 114
109 83 79 89 22 56 62 5 13 21 75 85 79 83 10 26
55 98 52 56 18 83 25 60 67 115 114 27 66 90 13 47
45 92 8 67 21 70 72 34 92 19 119 43 102 1 69 30
99 121 86 117 76 112 50 16 99 36 43 37 126 56 85 43
21 93 111 42 36 55 76 0 75 67 43 49 69 112 79 40
105 38 30 54 22 80 70 121 116 113 30 115 41 115 30 62
81 13 104 117 69 52 117 16 120 32 65 61 16 17 101 121
55 3 47 77 83 117 70 72 102 100 59 16 88 89 78 41
103 55 30 44 107 19 60 99 51 125 32 67 14 6 60 69
9 108 18 93 97 88 37 72 61 96 88 21 57 38 62 32
63 62 92 79 48 57 52 75 38 74 96 74 96 77 109 71
20 81 5 35 87 69 64 72 98 99 29 44 80 107 59 15
41 23 95 89 80 19 37 118 93 5 64 61 82 45 4 102
126 10 10 85 79 74 30 49 45 59 93 125 38 24 13 80
47 108 41 127 127 78 117 92 83 53 25 37 98 29 12 96
39 22 53 118 96 83 39 13 14 4 11 53 28 24 5 75
4 46 74 3 125 63 95 80 116 120 118 86 21 2 54 61
24 108 51 120 63 91 5 78 95 16 3 124 40 8 71 44
54 18 47 51 81 14 4 70 6 122 28 28 124 83 89 20
63 12 12 126 103 17 76 71 34 79 67 74 87 10 119 14
28 38 65 110 53 69 52 59 63 80 87 59 35 48 79 98
61 91 97 36 109 45 107 15 125 46 89 84 57 80 98 85
119 36 67 44 105 119 103 41 72 63 100 107 111 52 78 44
15 47 81 124 92 60 11 89 107 101 46 36 53 16 121 44
52 61 88 30 52 64 71 124 127 43 104 110 95 54 27 111
101 108 107 65 40 119 27 19 92 73 55 17 89 49 62 14
110 22 44 34 86 115 31 85 30 7 68 126 61 95 109 34
75 88 99 115 79 126 7 43 71 62 61 33 111 123 47 93
17 91 0 104 78 31 61 108 38 1 106 99 96 87 5 43
48 104 31 127 103 38 43 46 100 104 79 84 99 126 49 116
89 49 92 39 80 26 20 118 27 126 89 124 86 94 39 6
71 70 5 46 108 48 92 81 24 44 37 123 42 86 112 4
8 76 43 88 102 63 79 2 62 40 126 20 7 37 26 78
108 31 124 88 80 88 41 104 4 78 100 47 37 84 51 45
32 94 5 7 30 84 9 92 125 7 112 4 44 10 82 24
41 78 113 121 38 26 98 43 105 70 90 14 26 13 59 58
107 64 65 9 21 74 101 18 81 85 22 126 95 104 22 9
54 7 2 92 34 100 7 11 42 97 25 68 110 84 127 90
20 64 99 41 11 73 59 92 30 81 90 126 57 113 7 111
120 9 76 26 110 83 37 24 53 62 93 35 18 92 125 39
28 97 80 39 42 12 4 72 93 94 70 23 79 77 6 72
87 82 98 69 38 8 93 91 70 58 126 89 22 124 0 51
