41 119 57 114 108 37 45 125 2 92 81 33 45 69 107 30
23 117 124 119 20 120 88 118 76 107 40 65 80 1 98 122
120 27 108 100 64 26 97 67 118 50 100 35 119 80 65 15
69 61 6 89 54 94 80 2 74 120 67 26 121 37 20 113
65 1 85 1 27 54 68 17 104 41 52 96 121 117 111 62
51 117 24 105 84 104 107 30 96 46 56 90 83 77 75 20
78 33 22 105 87 90 122 64 3 46 32 124 35 15 59 86
4 83 63 88 59 42 118 27 88 47 117 44 124 65 64 74
98 86 51 57 49 45 121 52 91 25 49 126 40 108 85 45
63 20 5 122 63 124 21 23 43 11 67 39 76 4 113 46
90 36 103 11 81 97 64 44 122 113 42 35 93 127 80 28
20 85 22 83 81 43 106 124 54 46 35 2 50 20 48 12
56 24 24 9 121 88 53 115 73 96 22 38 95 102 66 115
60 88 70 13 3 49 10 58 95 45 60 17 66 109 29 122
5 53 4 126 13 57 113 86 25 8 124 121 110 62 108 42
22 51 56 26 100 66 84 67 111 16 84 49 125 113 44 2
39 48 0 52 105 114 11 3 122 7 124 104 70 104 19 92
27 75 118 127 13 74 66 124 91 22 46 88 8 90 91 47
10 91 99 115 77 110 118 71 118 114 48 60 91 67 24 118
14 15 118 27 89 56 23 52 79 69 13 87 31 104 6 41
67 105 29 17 88 19 88 78 6 8 10 97 75 34 87 89
49 77 116 11 6 12 63 85 81 76 44 113 52 50 26 120
27 55 9 115 75 97 65 81 106 75 50 53 110 9 15 31
87 3 42 93 15 106 50 97 54 94 82 107 16 108 99 43
36 108 31 111 77 96 64 55 44 114 109 26 123 124 57 82
127 100 47 15 78 97 112 4 63 66 111 79 46 82 123 82
62 26 65 12 122 1 67 38 115 48 64 111 44 122 65 44
94 113 59 44 82 43 48 18 109 32 97 27 114 92 110 49
118 47 61 113 49 0 23 36 49 88 19 93 82 85 9 48
70 68 92 24 111 12 42 92 44 12 120 31 104 102 80 95
21 13 80 70 13 103 107 62 63 126 28 17 83 37 65 25
106 29 50 89 42 92 54 86 104 46 117 81 20 69 48 41
126 65 116 35 72 11 99 97 113 47 68 106 20 102 97 29
37 108 90 38 74 112 99 116 24 5 70 68 125 123 96 123
60 84 30 4 95 1 101 80 49 42 58 69 16 27 98 53
7 61 91 82 45 62 70 69 68 12 9 65 7 105 61 68
61 91 72 28 93 46 108 14 88 38 83 104 66 53 29 73
114 120 27 31 54 97 100 122 109 109 60 117 86 121 57 19
84 1 47 49 47 27 63 7 66 18 111 4 72 12 77 58
4 105 90 59 74 62 53 56 44 113 45 2 106 102 22 63
103 69 112 23 97 48 30 35 66 14 39 10 26 116 69 31
93 31 90 40 93 15 96 9 1 13 12 107 115 34 42 90
103 27 113 72 75 16 107 13 30 18 24 56 7 93 87 100
124 49 12 89 65 108 99 66 121 111 45 108 17 88 71 120
115 56 65 62 72 44 75 102 63 99 31 70 64 118 42 60
40 55 22 105 35 121 43 29 104 88 9 121 48 80 113 35
9 50 97 81 95 45 56 30 16 87 100 81 77 14 13 117
69 35 94 105 28 9 6 4 98 15 125 18 96 111 54 105
33 23 58 0 68 114 30 85 73 2 38 23 17 51 12 86
87 107 63 115 116 69 120 86 85 117 105 53 100 31 30 6
54 88 6 123 75 37 80 20 39 118 43 56 41 56 15 0
35 78 116 23 20 108 110 105 97 87 30 70 118 60 76 44
20 82 39 95 119 119 116 31 109 31 87 23 87 102 23 122
53 11 18 73 119 0 50 89 87 80 31 77 12 107 121 32
61 33 0 53 24 116 84 6 19 43 29 107 18 52 101 71
64 119 16 55 119 66 16 78 18 47 27 30 26 21 62 88
54 62 13 78 50 97 84 70 12 113 49 30 38 22 101 102
14 117 29 5 55 46 84 73 93 111 103 120 4 38 80 58
100 93 9 23 62 93 93 74 79 14 105 117 36 78 91 50
68 120 56 123 38 12 69 4 123 44 124 0 82 76 58 55
41 67 78 103 33 43 49 112 57 26 101 93 105 64 16 45
56 72 40 95 84 109 99 79 26 95 79 108 43 10 35 84
77 113 59 110 28 108 94 85 7 67 51 112 3 67 29 60
11 69 27 95 51 126 46 77 93 126 57 8 8 93 92 85
28 76 46 117 53 43 77 54 38 19 9 57 90 117 116 25
92 118 14 74 28 116 79 67 66 46 95 37 100 43 35 1
120 81 118 45 124 67 100 34 86 109 91 48 98 79 74 62
69 88 9 98 76 88 37 14 6 4 51 106 47 86 107 39
39 98 85 35 37 57 69 124 38 32 44 8 111 118 70 53
79 79 23 27 39 60 42 45 64 93 24 111 52 3 23 91
101 108 127 11 37 68 7 75 101 51 83 84 42 25 9 121
105 32 20 16 92 62 62 28 28 86 12 80 89 35 43 63
15 42 74 52 111 81 127 84 4 82 40 46 107 50 39 84
82 60 101 47 122 35 75 22 121 87 102 82 122 18 17 9
60 91 61 43 44 60 127 49 14 40 95 122 90 7 78 44
67 51 91 61 86 39 84 79 126 58 34 121 76 51 2 9
15 64 52 59 124 52 108 11 92 76 5 54 83 83 98 22
7 62 83 93 101 39 45 99 98 79 92 46 2 95 55 17
31 108 77 27 32 57 38 124 5 43 50 88 127 20 110 6
82 66 99 55 105 16 27 75 95 119 122 98 86 49 115 117
29 64 17 61 122 55 57 127 99 107 88 98 0 70 104 82
8 75 10 114 92 37 61 59 28 55 29 115 105 17 104 6
81 121 68 75 49 125 75 20 105 35 118 105 105 94 59 114
41 69 100 5 106 33 65 7 89 94 122 66 111 98 72 65
92 12 12 13 10 87 33 115 122 23 92 100 117 23 86 30
93 58 36 71 91 101 78 52 67 72 118 51 43 63 116 7
75 0 20 85 88 53 72 82 76 36 54 65 60 12 95 25
70 3 96 34 104 47 86 44 119 77 95 34 12 83 41 87
83 61 45 43 114 117 126 62 26 52 127 86 65 95 111 7
98 79 41 75 126 0 119 118 77 86 24 89 41 66 48 124
127 93 40 114 83 38 48 109 90 48 67 27 15 50 35 113
1 76 60 0 76 51 118 25 9 14 114 50 80 35 47 80
0 87 66 83 125 114 64 87 34 3 115 49 53 22 35 55
98 95 55 47 19 45 72 28 59 59 79 12 94 126 92 94
85 30 50 82 16 114 41 51 118 28 100 43 50 7 98 21
103 25 68 122 70 12 22 2 71 101 14 37 99 106 4 56
92 20 123 35 4 58 48 126 67 30 24 83 57 88 56 23
96 28 97 15 64 104 74 79 94 21 64 59 86 46 77 50
66 72 85 71 2 5 69 69 36 93 25 93 54 81 117 22
109 86 37 45 63 111 124 29 5 61 88 91 107 37 14 46
110 99 117 112 105 58 54 13 24 79 106 78 32 95 100 13
54 9 59 117 121 55 18 126 116 107 89 96 16 103 14 126
75 3 111 52 61 37 65 85 116 43 35 20 11 7 33 65
17 92 54 10 20 72 8 8 51 97 104 68 73 118 66 20
121 49 72 55 86 9 12 74 52 48 94 63 55 0 0 72
92 54 82 112 127 90 121 50 60 97 118 5 88 57 25 81
106 97 8 65 106 21 11 30 69 106 94 124 106 94 69 70
21 23 55 20 114 48 70 46 17 61 51 105 118 76 59 96
45 67 33 23 88 45 53 29 23 19 26 1 114 95 71 7
118 126 27 104 46 97 22 64 30 73 41 20 21 100 117 66
40 22 89 0 67 15 30 90 34 56 91 20 23 35 27 13
33 54 118 80 24 12 16 54 86 57 75 107 30 64 46 70
86 7 70 26 22 100 116 57 28 80 77 51 115 105 65 20
31 55 100 55 67 116 110 25 46 57 5 76 121 51 18 79
58 88 105 81 61 94 10 89 46 87 13 33 64 78 53 96
5 26 23 72 14 5 98 60 62 103 8 55 26 26 7 84
115 112 37 48 78 47 9 124 7 22 29 71 100 83 39 105
109 63 50 123 68 20 56 3 123 64 58 21 91 65 105 78
50 15 126 0 62 7 125 69 30 26 13 2 109 52 108 90
115 30 86 56 50 14 59 45 78 117 66 41 55 43 119 105
58 117 105 121 125 102 62 27 1 75 29 110 0 9 73 115
39 31 43 89 45 102 6 123 92 72 37 19 116 28 124 46
18 101 39 15 76 102 42 77 49 71 59 49 81 4 37 120
35 80 82 80 55 88 76 19 33 113 38 21 13 34 67 31
7 107 46 83 81 88 32 2 32 92 52 113 96 89 105 4
41 59 84 96 20 32 115 53 17 25 74 31 59 13 62 67
120 109 22 73 69 55 76 101 19 0 86 115 89 64 119 2
123 76 99 15 108 86 68 126 112 14 29 43 28 91 110 20
44 95 5 89 112 75 85 35 101 65 39 116 49 119 92 18
31 107 119 96 57 95 74 35 38 105 44 30 124 44 102 40
11 107 1 123 54 86 31 27 24 70 15 73 61 107 91 93
87 82 61 16 50 7 51 88 112 95 118 108 11 92 21 22
71 22 18 126 109 49 25 5 119 41 78 53 20 41 18 107
124 79 123 46 86 47 6 71 14 124 51 26 89 72 48 32
95 66 30 76 115 56 81 107 97 31 32 117 72 50 97 68
1 92 114 87 11 120 30 26 117 82 52 78 26 100 110 121
39 13 69 26 69 22 5 38 53 37 27 126 87 124 66 88
89 53 48 100 45 78 126 34 32 50 112 59 23 95 52 62
108 122 88 49 16 94 87 70 3 114 68 91 111 6 51 72
59 99 44 105 50 43 11 82 93 124 13 116 91 66 50 71
60 11 120 76 105 79 18 108 65 86 71 48 93 123 120 24
94 37 1 16 80 13 99 45 9 112 34 100 50 84 43 110
95 35 59 72 114 77 53 51 36 124 100 1 119 92 25 86
1 27 102 81 40 73 127 49 58 33 21 108 117 64 91 85
99 22 29 85 99 82 8 7 79 108 8 70 73 34 28 74
61 3 28 101 76 27 22 6 60 43 115 49 107 78 6 78
100 36 35 71 118 43 79 69 24 87 12 97 121 40 43 54
43 71 27 120 98 49 126 30 92 113 80 71 63 86 21 35
122 56 107 113 100 58 54 124 17 66 93 11 107 8 65 22
80 93 14 50 14 13 81 107 126 33 50 62 119 72 97 114
0 76 99 100 6 25 96 24 92 61 35 71 70 100 93 22
65 108 72 80 121 25 59 119 58 109 53 50 53 23 36 54
99 7 26 106 32 123 2 124 56 37 67 126 9 33 20 75
13 93 27 6 118 86 125 49 67 51 99 121 74 7 47 45
14 73 23 46 68 25 43 125 62 110 123 72 15 16 19 28
109 46 34 99 4 32 20 71 83 119 64 29 126 111 74 12
57 98 59 125 123 102 122 58 84 118 2 100 6 21 0 115
67 35 86 71 67 107 14 22 98 79 51 97 62 125 109 119
95 40 117 91 14 111 21 99 101 23 71 107 44 71 94 111
106 53 54 45 32 68 67 2 19 118 99 82 116 81 73 83
120 42 77 80 109 47 30 84 119 114 8 23 75 38 112 71
100 93 22 42 1 6 0 21 80 0 14 84 32 121 49 24
35 126 104 16 45 6 100 37 121 108 60 68 19 44 12 119
10 34 33 11 40 33 32 120 33 46 77 65 39 126 90 75
125 66 91 42 73 64 79 66 44 12 6 63 56 18 54 66
52 87 77 93 121 109 85 26 27 34 92 67 33 54 14 30
120 105 72 65 41 24 3 86 36 10 21 92 28 76 31 81
35 108 46 28 90 3 55 117 38 19 56 71 73 70 101 65
48 45 3 89 69 6 47 105 16 69 70 45 17 101 126 52
81 44 81 43 47 8 33 85 27 89 28 100 32 1 37 80
47 40 41 116 47 89 94 63 30 36 108 47 9 106 99 90
22 52 6 70 60 39 27 87 0 56 59 32 57 97 112 104
9 26 93 56 115 59 120 17 95 100 64 104 79 35 66 101
88 72 43 20 111 71 108 112 127 39 16 56 8 1 33 18
27 126 74 14 57 66 31 24 39 95 0 118 2 66 91 90
11 7 111 122 78 91 106 77 2 123 5 11 124 38 29 23
36 103 37 93 42 68 117 81 35 117 71 37 56 34 0 67
41 111 61 119 74 40 68 76 35 74 87 31 112 116 54 21
92 91 114 6 31 104 87 66 93 30 103 21 64 103 88 106
86 22 97 32 62 38 109 97 112 68 0 96 57 54 117 21
17 104 27 48 80 114 114 45 16 89 67 80 65 27 58 23
49 28 56 111 66 37 80 50 105 80 18 34 6 8 55 23
112 82 71 64 68 57 109 84 19 48 37 84 76 95 107 125
123 35 109 61 72 61 111 50 14 2 84 20 10 12 44 122
94 115 58 35 45 39 119 64 88 28 20 36 124 127 33 119
35 14 53 107 76 36 29 90 38 114 110 48 126 26 42 92
14 100 127 59 12 119 123 100 19 15 8 15 14 41 7 49
56 60 29 4 96 58 94 7 44 76 55 42 103 98 7 117
70 6 48 82 125 43 54 17 58 62 32 72 104 39 122 32
99 23 36 68 81 2 75 126 78 2 40 53 100 47 42 43
54 90 125 51 5 52 68 63 114 101 8 90 12 2 122 112
25 30 52 106 32 127 104 111 1 17 36 102 64 79 17 118
35 69 87 94 52 111 24 19 58 95 127 18 69 110 25 21
73 40 8 69 41 39 83 124 29 86 123 53 60 83 47 95
24 7 62 77 118 86 96 48 53 96 66 122 78 92 15 23
4 23 92 45 62 47 42 92 5 37 17 65 120 65 32 17
72 94 94 62 52 62 111 106 30 49 100 108 13 116 3 18
11 95 63 74 14 105 38 19 14 55 84 7 120 117 24 64
83 118 127 8 52 110 114 83 31 86 63 45 74 67 63 86
34 126 32 49 104 70 68 118 125 25 125 118 14 21 54 97
11 53 105 64 35 91 19 67 50 82 112 124 21 47 82 56
45 114 105 21 56 45 12 54 70 9 44 84 31 98 54 42
24 31 106 59 123 125 126 45 80 110 41 101 29 124 29 75
110 6 96 39 52 108 93 122 118 9 79 21 107 5 63 3
36 42 63 31 39 61 76 119 44 118 93 73 114 122 20 96
1 117 7 53 97 100 47 87 109 126 108 89 3 44 92 40
86 27 71 125 89 20 117 5 10 82 78 124 76 99 92 77
88 100 2 57 72 50 17 54 48 125 15 52 41 107 92 127
7 35 125 96 55 114 101 65 68 51 61 16 22 26 94 110
126 96 40 70 18 57 124 67 54 11 119 96 119 83 95 126
118 92 94 46 78 67 111 18 118 45 35 13 71 1 123 69
97 35 11 116 92 8 55 19 19 46 115 10 1 82 8 119
47 102 37 125 41 21 16 32 66 51 45 9 52 40 78 21
76 89 9 40 97 64 59 117 110 46 127 111 1 8 103 48
110 12 45 24 33 61 56 99 112 101 108 36 13 58 58 89
20 67 2 117 4 61 106 114 108 106 98 109 114 73 29 96
85 74 120 119 8 48 90 120 21 71 29 35 1 87 124 21
26 126 11 30 60 117 17 40 95 115 21 81 60 50 50 17
124 42 8 4 91 99 125 112 42 26 19 43 113 16 65 11
14 76 42 74 65 59 114 33 46 7 114 106 57 36 123 54
79 4 58 42 103 55 26 17 81 46 60 66 62 125 78 76
73 120 23 11 51 9 44 97 17 30 75 74 67 70 0 18
74 59 60 49 114 86 66 68 4 127 6 66 124 84 15 70
76 38 81 127 47 125 96 64 27 43 11 94 114 11 112 60
45 105 118 102 96 40 0 110 39 14 106 12 120 37 93 24
52 113 102 112 76 65 27 34 80 81 91 97 24 87 81 70
64 71 44 33 111 44 15 22 58 121 34 50 30 127 74 82
112 49 66 61 114 94 95 66 47 58 36 72 17 117 14 82
60 58 115 44 102 2 66 32 123 101 82 26 100 29 108 85
78 47 18 64 13 113 2 60 43 38 4 60 27 18 14 88
76 1 4 50 3 70 82 127 43 37 25 16 66 5 101 16
52 119 80 65 104 82 126 19 121 2 79 20 21 94 108 97
95 112 20 99 55 102 98 98 11 123 114 77 0 87 93 53
78 45 118 54 0 116 73 121 119 25 13 12 119 122 109 86
106 1 57 33 104 27 4 115 22 118 65 23 78 30 76 28
76 66 83 76 55 28 69 46 53 82 58 44 76 39 3 55
41 60 88 17 88 92 4 110 83 69 5 33 100 81 61 48
20 16 124 75 45 65 121 98 19 51 15 96 90 18 23 3
78 111 20 38 76 25 21 31 94 26 64 66 108 125 114 0
14 110 75 59 47 68 29 67 119 44 35 81 62 58 85 13
41 105 51 117 2 72 20 97 99 84 35 79 82 22 79 96
4 26 27 52 94 56 119 85 101 26 38 35 84 123 48 125
101 100 115 103 44 7 72 15 92 108 94 46 2 45 14 6
71 41 58 37 97 49 122 70 75 33 106 31 28 26 29 1
126 16 105 43 23 49 58 115 29 25 33 31 70 47 38 14
88 96 51 58 18 46 0 93 79 106 125 107 5 26 109 3
42 86 46 65 7 105 53 37 2 86 68 72 6 106 86 94
75 10 24 93 56 25 58 7 3 55 114 8 81 95 12 123
53 58 61 61 35 114 98 37 72 38 110 78 17 68 45 92
78 69 57 6 94 115 13 98 43 0 106 124 95 118 120 21
49 53 82 84 39 52 122 111 90 104 62 107 44 107 71 123
48 0 1 15 116 15 113 31 15 91 27 110 82 19 3 3
72 85 87 111 9 81 95 100 57 29 79 102 8 23 97 56
23 98 71 11 113 56 42 0 20 70 111 102 89 114 105 34
72 64 17 81 18 112 53 75 13 5 49 21 28 18 78 51
117 21 63 102 78 105 103 98 47 86 72 9 72 49 43 16
28 58 95 90 45 116 93 78 91 127 29 118 56 86 96 23
79 43 24 63 54 15 102 79 49 66 88 0 75 73 101 103
3 69 65 49 57 30 127 20 29 28 10 85 115 106 108 66
21 5 1 75 20 103 27 69 42 115 70 117 60 43 92 63
112 29 112 41 60 111 61 89 12 71 47 127 49 27 65 71
32 66 18 52 41 45 122 83 32 64 72 92 107 36 28 92
66 12 5 126 124 67 87 8 10 6 7 60 34 72 3 66
10 21 119 51 67 113 7 99 49 79 64 28 116 92 120 54
104 126 52 100 65 11 108 75 18 115 7 52 59 10 118 69
32 109 121 99 94 0 70 15 79 6 44 67 98 36 121 75
34 45 47 99 57 28 47 75 15 54 127 75 65 117 16 97
99 9 68 65 9 10 81 89 17 125 28 115 33 22 62 68
67 110 39 124 10 86 71 25 13 70 100 78 60 117 47 31
126 115 96 8 125 49 97 14 46 125 2 80 19 64 20 87
46 59 83 56 18 27 82 31 97 54 109 29 43 28 60 42
15 29 50 12 78 19 27 125 16 29 77 36 93 97 123 12
28 78 68 46 105 22 77 75 77 58 104 120 86 37 34 101
66 84 114 16 103 13 13 120 42 90 28 7 59 23 19 88
101 88 6 79 110 84 26 59 14 2 52 101 39 86 74 105
43 60 122 18 73 7 10 115 98 38 123 29 61 14 117 35
102 124 114 85 80 12 16 94 14 68 67 54 27 14 31 70
74 25 88 20 33 99 7 3 9 2 32 71 17 22 106 119
18 92 76 98 104 93 64 118 33 4 44 60 18 76 2 92
101 91 112 6 62 120 9 71 122 42 14 11 64 120 3 82
84 79 52 60 44 116 51 78 120 95 10 10 43 13 103 17
104 87 23 38 79 33 109 74 75 124 85 11 116 88 93 73
40 17 5 84 5 56 34 126 24 45 8 67 58 111 84 34
71 108 72 22 13 53 96 88 49 54 99 38 14 64 111 54
81 116 11 86 45 45 84 69 90 93 8 20 76 93 54 19
73 126 42 86 52 10 46 101 64 17 11 79 81 122 5 34
111 16 120 28 62 77 97 24 42 105 45 118 70 99 10 15
98 52 101 22 62 19 123 127 36 7 78 117 1 83 23 112
46 71 9 55 23 88 90 49 85 99 125 70 9 70 22 17
58 81 125 43 3 93 63 5 37 18 95 18 80 37 25 127
108 34 54 3 122 17 53 80 116 50 22 125 120 44 15 50
126 12 94 1 106 29 7 15 48 102 33 0 11 59 127 119
93 54 123 88 71 48 40 59 98 62 57 91 106 72 13 104
84 107 106 62 9 113 77 57 87 111 57 98 42 57 89 7
111 84 95 54 4 7 113 103 69 42 66 48 114 79 24 71
59 2 5 68 115 83 125 74 66 54 44 108 111 6 115 94
90 83 20 95 90 6 70 32 48 8 80 35 87 104 106 18
107 111 86 94 66 83 41 4 10 85 112 121 91 100 88 54
55 108 21 17 114 91 49 35 99 1 70 58 106 48 77 85
31 35 51 98 119 92 102 1 50 87 122 13 59 82 67 114
63 88 3 49 51 53 84 22 54 26 81 32 74 30 117 106
65 41 76 56 5 50 57 55 9 52 69 68 6 8 54 69
97 58 119 20 111 75 43 37 102 124 70 48 26 59 26 91
100 102 20 106 25 77 33 34 1 102 103 8 111 29 77 80
87 68 100 70 16 15 108 118 11 50 38 37 109 65 1 82
39 21 60 64 98 93 99 100 68 74 108 51 103 57 3 63
126 103 5 14 119 113 4 2 35 42 40 17 107 41 99 19
62 31 83 32 124 54 4 64 0 112 115 104 42 118 39 40
94 44 54 85 30 58 87 65 100 127 82 80 40 53 99 102
84 54 7 81 109 11 17 109 124 5 85 38 123 124 78 89
41 4 46 71 62 6 8 34 5 91 114 46 16 85 20 101
12 27 54 121 39 71 102 35 76 60 73 72 56 23 33 97
27 80 40 89 86 49 123 91 12 110 9 28 67 30 1 79
57 55 72 96 127 47 3 75 107 76 19 35 99 53 5 126
5 45 87 91 94 83 54 106 65 64 7 4 94 8 84 23
64 28 120 63 75 123 10 54 72 30 90 43 83 95 42 88
12 1 51 107 84 105 85 21 41 92 26 7 101 110 31 37
10 23 100 86 18 110 12 90 12 102 6 95 69 48 55 82
49 106 61 6 84 18 27 125 111 53 5 84 35 36 121 46
59 93 4 77 75 16 40 88 119 46 55 60 94 111 14 15
