61 63 116 9 51 9 124 79 112 26 35 5 105 102 93 22
73 20 123 88 5 3 19 125 98 63 52 112 64 8 37 125
71 25 6 123 35 3 74 19 29 109 24 6 83 117 28 28
10 24 117 15 27 8 12 125 71 65 109 7 73 18 4 16
44 10 11 79 13 85 98 42 67 123 49 22 112 77 51 122
101 40 10 0 48 22 125 119 87 106 126 32 125 2 49 41
12 60 120 26 18 90 68 85 85 117 107 70 67 30 64 40
70 74 41 118 97 38 109 56 17 107 89 14 109 10 55 122
70 47 20 88 9 88 45 95 78 25 37 17 55 101 57 126
48 98 116 17 9 98 73 26 77 34 40 59 44 95 53 115
14 73 75 23 33 121 118 111 18 27 0 73 1 58 71 49
28 60 66 37 30 11 63 107 46 103 38 90 70 91 77 84
36 25 108 70 18 98 53 36 126 54 109 127 112 53 48 12
113 114 50 15 125 113 122 43 89 33 6 31 124 83 116 33
108 96 103 126 66 28 34 64 82 16 63 66 69 111 79 54
97 1 69 95 114 63 10 75 96 16 107 93 100 95 126 80
63 101 79 1 1 113 66 84 1 1 22 70 113 101 124 82
102 65 49 89 1 60 36 97 76 15 62 48 110 60 1 45
33 80 47 35 65 113 119 67 114 13 9 99 115 6 54 89
71 103 50 72 35 87 42 112 102 104 32 85 37 33 2 70
113 49 105 51 34 96 118 21 110 127 120 97 5 46 58 77
22 109 21 57 68 63 41 42 40 74 127 77 107 2 19 93
51 125 16 86 93 6 107 75 5 99 44 11 18 103 88 40
84 109 97 24 45 11 66 85 85 66 34 64 68 53 29 119
50 45 77 16 51 56 91 57 28 8 68 46 111 28 86 67
9 55 91 54 66 29 11 23 95 45 88 35 99 117 27 21
35 104 37 86 33 1 15 61 9 83 107 120 111 65 59 121
120 22 47 59 51 59 82 19 104 42 54 75 32 81 97 67
58 6 25 91 7 41 24 16 124 3 8 108 68 67 101 60
89 20 119 13 79 74 32 56 116 86 3 20 40 100 87 98
107 113 61 114 26 85 3 22 88 11 2 28 79 103 88 40
124 80 53 75 26 85 3 14 44 7 35 84 107 122 54 86
49 9 101 60 117 89 75 4 51 106 18 126 80 67 126 104
111 106 72 120 65 60 66 28 37 68 12 55 78 20 5 127
29 106 59 18 68 7 23 119 113 41 118 65 108 116 41 92
94 113 84 31 46 22 60 83 91 72 10 41 92 16 40 122
122 100 12 62 107 35 54 92 77 44 29 57 32 71 21 127
56 106 30 102 0 90 57 91 34 68 4 127 84 45 121 78
17 5 13 124 41 67 88 118 111 117 47 15 60 69 14 117
47 45 91 47 7 21 11 42 89 15 41 45 60 34 123 77
39 8 73 80 75 33 70 58 23 118 74 83 59 88 72 106
5 36 25 13 57 36 55 18 52 96 63 112 2 58 62 41
67 7 122 14 41 64 73 64 54 19 19 113 107 92 91 113
0 117 126 57 25 53 75 77 21 10 62 23 68 124 64 7
3 58 22 44 123 95 108 49 114 0 35 93 92 126 78 92
115 76 21 13 1 96 90 22 106 24 45 46 20 110 54 24
40 76 68 35 43 49 85 29 49 120 122 13 118 73 105 106
21 126 119 23 94 81 45 72 106 91 118 126 73 44 22 113
120 91 21 35 12 106 64 61 98 59 74 88 4 51 66 25
49 57 48 15 11 94 87 117 57 77 115 2 122 10 115 114
101 8 22 113 114 86 46 84 17 120 45 21 43 111 47 92
41 95 107 52 61 66 41 118 15 28 120 9 38 108 124 11
116 18 124 103 104 42 59 122 34 104 15 77 88 62 41 1
30 20 53 91 86 94 82 102 122 74 111 33 54 107 44 43
125 41 18 102 83 77 96 118 54 111 67 14 46 109 15 76
1 68 39 88 34 121 62 28 68 45 61 122 25 106 37 22
19 55 124 102 5 92 92 59 76 32 73 122 13 88 70 14
28 109 102 62 103 36 90 43 82 24 37 107 2 75 1 21
2 126 123 7 90 88 66 38 120 11 32 5 99 102 19 127
84 122 61 59 30 24 102 112 48 11 91 50 86 93 71 89
91 66 96 53 26 35 92 18 46 124 23 18 99 43 17 55
37 79 114 67 103 88 52 23 99 15 73 58 108 16 19 71
82 115 125 109 22 89 127 69 85 23 87 56 66 104 111 103
55 97 42 30 57 94 53 29 110 126 87 90 14 106 34 97
78 107 95 83 36 113 120 34 8 18 87 12 68 91 125 94
50 114 73 77 24 17 67 19 70 72 94 84 55 30 54 5
9 21 88 46 7 81 80 15 99 39 27 39 3 24 5 53
10 78 2 34 96 69 54 38 13 20 122 68 50 48 73 60
70 34 106 77 115 58 92 86 98 119 125 101 15 2 26 26
80 28 60 48 97 114 86 110 6 80 50 57 1 123 117 71
29 95 20 16 25 112 102 123 103 99 96 118 101 122 16 54
22 77 102 119 63 61 101 70 13 23 127 14 19 116 85 48
83 105 65 108 89 39 104 64 11 72 55 112 67 71 38 89
20 13 81 84 74 54 26 87 78 25 102 97 13 59 17 96
37 82 76 126 122 52 63 5 125 118 117 64 61 28 25 82
41 106 38 115 33 64 74 111 89 48 80 102 108 97 70 17
52 18 15 46 71 78 51 68 68 40 4 2 68 29 84 109
8 122 96 41 58 43 24 19 91 104 121 71 73 63 88 125
81 104 43 24 54 94 92 123 7 96 125 75 126 81 57 6
75 25 47 5 68 71 24 32 47 17 103 120 80 64 118 33
40 33 58 94 0 22 89 7 119 86 82 117 39 11 123 114
37 42 119 105 113 15 9 32 32 113 24 112 49 14 18 89
48 76 55 48 98 17 55 89 103 9 78 15 21 73 1 58
115 121 35 100 8 45 4 41 30 29 25 79 43 43 40 91
119 95 11 90 112 66 51 88 76 2 103 97 75 104 27 63
97 62 35 106 107 40 19 9 69 44 88 112 88 0 76 79
96 87 41 80 26 93 40 102 95 15 71 42 120 98 105 89
32 13 67 12 53 86 21 122 3 110 106 91 110 54 42 78
14 84 31 40 49 71 14 16 87 85 58 79 55 36 40 87
49 108 99 102 66 121 96 69 103 74 32 85 1 75 36 15
31 67 55 80 10 69 96 97 26 26 48 81 62 89 40 111
69 12 85 7 5 53 77 108 0 109 65 1 56 101 16 87
40 71 39 51 12 7 20 38 34 69 119 96 30 31 80 99
43 37 106 48 91 55 28 91 37 94 92 93 67 108 53 108
51 92 31 63 100 51 101 6 120 92 102 22 123 54 121 39
92 100 87 55 27 116 18 64 82 110 30 21 90 83 1 13
3 71 91 87 3 65 6 70 59 71 63 99 43 10 6 35
101 117 17 64 116 33 82 55 90 89 86 66 86 27 77 89
98 41 49 102 106 55 44 37 126 107 9 41 118 15 76 91
4 93 28 120 126 110 48 88 71 6 26 30 33 103 119 4
16 40 106 122 95 22 32 93 2 41 6 120 56 82 83 61
47 111 53 45 94 101 5 37 108 31 67 13 7 59 17 23
99 123 18 67 18 50 32 20 91 39 12 19 121 95 80 41
79 6 86 45 107 92 82 87 123 22 101 2 81 118 26 52
114 44 119 4 94 24 24 57 63 36 76 56 3 29 97 82
35 56 127 14 20 82 102 15 104 75 18 57 65 44 109 51
88 101 55 54 125 79 111 60 115 59 116 119 88 86 73 123
14 73 10 34 27 112 49 3 59 67 60 124 111 41 48 71
14 103 125 11 55 108 71 42 40 60 33 0 18 107 124 32
52 6 66 79 118 115 82 49 55 14 45 38 55 93 110 70
69 107 81 124 88 25 38 0 85 72 0 103 51 124 7 103
2 73 54 120 60 8 41 115 22 87 26 77 52 8 19 121
115 101 117 75 126 28 75 83 100 76 58 23 72 65 126 75
10 52 67 70 60 109 58 82 68 84 31 120 92 51 114 79
24 103 27 22 3 102 105 103 50 35 126 123 100 124 70 110
48 9 52 108 118 110 62 58 66 94 51 30 17 37 110 41
12 9 63 16 111 40 119 34 75 118 29 47 114 99 29 35
108 81 15 99 64 78 29 2 44 80 33 61 117 15 102 2
24 37 18 7 77 9 41 24 127 70 71 114 41 100 21 22
53 36 121 117 114 22 120 30 103 25 91 92 40 65 94 64
102 112 71 51 122 113 75 121 55 18 107 97 118 0 119 44
37 112 33 23 6 25 54 109 50 17 74 90 83 40 26 57
25 98 109 19 83 56 12 10 75 120 107 65 120 98 109 29
82 15 53 89 40 107 70 91 124 16 53 79 57 80 9 82
50 118 101 5 46 113 15 121 105 123 59 98 93 40 127 48
55 52 9 96 31 79 59 28 96 112 107 25 64 116 107 114
106 80 119 25 65 7 18 43 2 77 13 95 118 12 15 45
65 24 13 96 104 72 124 72 57 104 97 121 92 76 108 71
5 31 19 81 77 107 85 54 20 48 73 96 6 16 120 111
122 91 6 78 42 124 9 18 25 75 87 68 127 18 74 4
49 93 86 126 72 43 53 92 91 126 60 98 14 52 81 8
16 88 86 58 84 95 76 110 43 36 50 42 54 124 47 103
89 5 101 34 48 26 126 11 24 59 109 38 111 63 46 127
23 4 58 107 100 6 89 15 42 11 57 96 7 104 71 97
109 45 3 29 71 1 41 96 60 22 6 44 85 53 43 108
57 101 88 29 108 49 44 22 61 102 119 68 78 62 37 60
107 40 89 51 42 2 19 102 25 25 18 110 78 62 91 8
35 51 37 15 100 82 38 33 56 29 102 6 91 11 66 71
52 28 122 94 30 13 68 55 38 87 38 117 21 1 125 56
52 34 72 24 116 110 58 44 11 32 51 102 43 117 45 95
17 39 61 48 52 2 103 91 89 13 80 110 14 77 38 66
111 110 91 100 92 21 16 103 53 67 78 96 57 123 64 74
35 125 122 87 127 98 50 88 111 2 70 126 79 109 64 63
91 27 35 56 48 51 31 101 119 109 70 48 105 6 122 12
3 117 99 3 87 22 91 70 24 34 68 104 15 5 39 106
32 74 34 81 125 66 54 116 47 124 36 24 2 31 36 6
20 8 9 107 30 100 49 54 6 118 30 21 123 69 0 27
15 34 108 13 100 35 1 20 31 38 44 34 69 81 40 89
89 49 68 119 21 117 45 28 107 76 49 102 17 49 2 33
84 110 46 56 17 47 76 49 85 121 83 26 74 123 115 35
44 55 26 65 45 71 93 24 19 15 127 37 64 1 70 20
111 116 77 1 35 25 50 121 18 5 19 92 0 7 127 44
62 25 109 107 97 75 4 116 90 3 25 26 4 95 47 115
83 124 116 119 21 38 112 40 43 3 4 43 10 4 87 73
29 69 52 126 16 56 115 106 59 12 4 63 108 51 51 63
47 39 54 69 78 38 109 121 42 113 37 52 117 124 125 19
65 50 17 81 106 4 59 38 17 64 101 125 115 24 60 35
64 115 104 14 25 85 7 67 70 44 120 60 41 117 79 106
39 96 60 18 101 119 56 118 55 29 115 43 54 47 78 118
34 54 4 60 11 11 127 81 56 119 13 97 109 92 75 20
37 89 4 119 22 21 123 12 20 117 42 27 41 30 88 36
91 95 99 29 30 101 18 25 11 115 93 91 54 115 34 91
76 39 82 98 60 78 111 80 67 25 107 108 55 67 16 18
34 115 47 64 88 66 90 100 53 55 63 107 42 98 70 119
9 25 89 69 103 72 22 42 97 1 22 25 69 38 43 103
25 91 40 114 29 2 86 82 57 21 62 99 119 4 90 0
29 52 70 4 124 92 46 94 93 68 119 34 106 34 10 4
125 50 118 26 52 76 109 109 97 43 80 89 47 43 89 77
95 31 81 91 123 0 57 89 68 48 123 47 83 5 51 80
55 41 107 107 117 88 88 86 3 41 47 50 84 9 127 51
40 81 14 36 81 72 125 21 120 120 68 75 126 119 28 53
32 7 33 21 95 121 108 98 34 27 20 118 36 20 41 77
101 56 113 54 0 110 75 120 102 16 68 100 7 96 26 40
103 59 61 70 52 41 40 87 69 60 77 105 80 119 54 53
47 39 107 47 21 55 39 124 71 107 96 78 75 122 118 50
53 52 120 106 93 32 65 34 93 14 12 45 5 66 99 52
106 78 99 127 5 11 123 76 118 92 27 66 86 17 116 12
69 109 118 35 13 55 69 106 69 81 24 75 20 123 127 126
73 99 125 79 110 121 27 100 85 54 38 43 72 27 55 13
8 45 48 21 100 118 0 42 71 24 117 91 19 116 89 92
87 87 43 69 80 71 42 37 125 80 80 69 107 8 83 115
53 3 9 26 121 9 68 65 33 57 28 52 45 118 16 5
77 60 74 29 3 116 66 0 69 18 70 48 26 25 36 80
28 45 106 22 54 46 87 87 103 115 11 20 105 27 25 54
87 100 83 90 88 21 91 29 40 33 78 66 58 114 18 86
31 124 108 85 42 67 44 17 55 55 38 32 82 63 87 42
35 42 4 124 64 95 25 104 0 103 42 58 89 61 17 120
57 125 77 100 65 121 117 120 48 27 24 3 91 111 45 126
26 49 122 90 17 20 66 17 123 108 76 85 41 93 77 99
90 27 71 27 20 60 19 69 88 44 72 51 27 117 49 53
38 44 15 55 64 81 73 59 62 21 16 103 114 94 74 76
121 17 104 13 78 123 82 38 39 26 89 67 15 10 120 54
49 70 32 103 50 13 81 16 12 66 106 29 17 8 89 92
2 114 61 14 111 11 29 83 122 106 2 28 76 5 101 125
75 5 101 126 18 54 14 30 121 120 59 10 0 20 102 3
6 35 17 118 47 46 73 41 24 76 69 101 81 42 98 28
47 71 26 65 126 40 95 119 33 26 1 33 47 103 36 53
11 54 43 58 100 117 99 125 65 41 98 18 83 68 46 3
12 73 68 10 113 36 1 18 62 2 52 109 105 88 35 116
14 78 46 115 67 18 112 4 59 82 22 14 22 69 17 34
14 86 44 127 122 45 18 56 47 70 38 25 30 73 13 45
23 60 32 91 78 16 95 9 98 118 23 120 59 41 27 73
127 71 72 121 117 90 49 36 32 87 61 63 32 75 108 56
7 12 19 85 28 114 94 126 104 117 118 35 30 17 108 29
89 53 22 78 15 72 114 48 31 48 111 64 123 91 120 2
103 11 87 3 125 53 1 102 42 119 9 73 9 118 102 98
43 125 48 58 69 34 106 100 82 89 36 77 52 28 79 27
39 38 30 37 91 31 11 6 23 20 79 32 10 53 2 53
50 50 112 119 84 90 92 39 52 0 116 104 29 68 4 68
106 34 105 70 66 116 76 89 9 27 121 19 80 123 73 3
45 57 122 1 19 86 40 71 87 29 48 116 97 52 56 75
86 34 17 24 22 93 113 31 120 106 51 73 101 124 76 18
53 70 20 72 29 60 16 116 89 64 104 58 116 32 6 74
66 23 99 89 117 84 120 109 63 43 54 36 39 2 55 92
73 75 37 102 7 53 90 97 117 66 27 105 98 33 51 37
57 22 126 46 107 118 27 42 34 82 78 73 84 5 38 29
80 75 3 88 0 93 57 117 31 84 94 2 118 17 39 47
40 37 93 19 27 120 61 61 74 11 7 31 17 45 60 97
120 64 57 120 29 114 109 61 71 75 63 61 92 102 108 4
11 73 23 38 65 84 100 12 96 107 43 113 24 103 82 16
39 12 8 69 126 117 2 69 64 65 2 28 39 110 33 50
55 56 88 121 13 60 5 109 39 48 94 63 23 48 79 63
60 87 4 59 76 6 0 12 71 3 41 110 113 74 32 41
2 120 34 15 53 39 124 92 87 90 28 110 11 107 45 71
20 1 85 75 102 88 73 80 6 18 84 71 100 0 127 9
35 13 110 102 22 126 4 104 70 104 45 53 1 73 90 21
75 47 96 49 7 41 1 14 60 85 85 32 86 85 41 121
98 24 96 120 22 100 97 92 76 14 17 77 87 108 98 34
27 66 83 35 108 85 49 40 42 6 72 0 91 113 122 61
9 90 54 32 62 23 124 10 37 14 88 124 122 58 31 21
125 114 56 105 71 105 17 114 112 89 114 75 74 108 9 84
70 63 116 4 86 112 15 123 126 103 119 120 33 22 14 30
9 70 7 80 48 24 66 32 113 53 107 60 33 116 16 104
51 4 108 9 116 123 4 115 98 124 107 4 18 121 34 27
64 42 108 112 66 46 16 52 99 123 112 5 112 0 109 35
4 89 45 120 85 49 107 55 45 87 59 64 80 94 91 16
8 71 0 74 118 16 126 89 12 110 94 124 110 75 31 114
37 76 107 122 126 86 49 43 45 109 107 126 75 71 14 83
14 15 29 4 31 28 94 43 10 60 39 121 8 71 107 45
19 86 39 17 45 88 61 90 69 40 88 16 111 103 99 126
118 1 2 21 29 96 65 39 29 104 32 37 47 12 82 67
98 121 84 15 81 17 106 23 58 66 39 41 41 11 39 31
12 42 53 41 10 118 80 39 94 113 76 14 125 30 81 95
23 37 111 105 55 89 0 113 27 39 26 69 50 66 100 62
108 25 103 118 15 56 30 110 41 106 124 38 9 77 5 32
114 116 9 41 77 9 26 105 49 53 46 99 119 18 34 99
44 9 89 59 65 119 41 106 98 37 16 107 114 22 11 101
10 21 14 88 30 41 65 79 94 111 51 85 1 85 56 45
94 17 105 32 9 18 10 107 56 27 86 42 49 97 15 59
118 30 19 21 71 84 100 37 67 23 122 69 108 50 114 75
67 91 107 76 110 117 55 38 16 13 80 65 111 96 125 101
126 16 122 69 101 95 106 40 118 100 109 99 22 96 46 89
59 25 38 41 14 93 79 31 107 32 96 90 0 93 63 126
110 58 67 83 25 45 123 15 17 105 114 39 73 32 0 4
57 38 46 72 4 125 103 111 29 71 73 29 37 8 27 19
66 94 102 91 11 97 107 28 74 93 67 19 126 68 24 55
94 77 3 98 71 12 94 24 36 71 77 91 112 81 117 33
60 78 27 59 100 120 89 109 98 19 69 42 5 95 5 99
45 8 69 116 20 36 13 56 107 90 19 91 43 9 124 103
87 23 34 60 15 123 41 114 15 110 28 20 78 33 120 123
41 61 111 61 97 124 117 77 86 9 40 2 18 37 105 105
60 12 37 76 7 79 62 22 61 90 43 11 123 35 6 36
96 118 97 66 114 86 15 73 95 55 75 113 92 52 91 25
64 0 101 72 79 35 94 13 125 9 24 120 44 31 28 13
21 125 79 7 83 94 80 51 21 27 36 114 80 127 11 16
0 112 88 79 19 55 92 16 64 117 8 109 20 36 122 41
33 73 48 116 39 1 39 60 28 76 46 108 75 57 125 75
41 85 27 60 12 119 76 77 108 84 58 0 120 52 41 25
125 90 14 36 91 53 96 119 1 15 100 77 72 97 24 114
54 51 46 67 43 123 16 23 79 74 24 72 126 65 97 123
27 111 31 118 37 127 110 38 14 82 115 87 51 12 73 105
63 119 44 106 114 60 2 66 6 26 10 4 91 107 127 119
91 30 109 0 30 91 38 44 45 26 3 96 38 76 74 101
68 118 80 54 51 82 120 57 108 2 62 71 110 61 62 73
92 44 73 122 7 111 38 53 9 42 21 47 118 95 21 58
86 101 113 9 55 105 66 35 108 0 106 90 62 41 35 26
85 108 20 92 91 58 17 101 100 39 20 91 6 41 21 92
14 6 101 69 112 40 104 92 40 83 54 102 124 89 0 81
69 20 45 32 79 63 5 51 102 26 14 108 67 36 73 82
42 46 23 26 86 0 118 127 83 44 101 79 5 102 32 74
122 77 107 73 12 112 125 114 10 11 95 78 47 40 32 90
86 55 116 45 55 107 44 10 23 17 89 29 119 121 103 114
71 82 59 83 67 56 70 77 68 37 27 115 77 59 77 35
115 66 80 42 45 124 53 68 14 14 97 5 8 73 119 79
27 51 34 94 107 104 44 47 13 71 35 90 3 112 126 118
50 78 32 95 75 85 36 89 100 5 94 108 78 86 59 106
9 93 72 116 70 116 36 83 60 71 46 63 55 44 53 106
122 85 73 69 43 109 30 15 115 125 123 65 83 54 43 92
123 14 41 4 60 71 75 101 104 109 79 69 14 23 77 115
37 35 74 112 6 56 60 37 42 79 109 106 15 111 115 11
126 29 15 58 100 90 31 76 71 111 17 85 6 94 73 43
2 19 27 8 76 87 45 118 38 26 96 54 10 83 65 8
112 80 66 84 42 97 33 113 80 50 70 86 17 15 1 19
35 28 27 111 115 73 101 26 99 69 80 109 24 17 117 9
97 55 93 11 25 126 124 105 49 66 64 66 82 65 85 117
94 112 100 81 57 73 107 29 14 59 10 38 76 0 47 45
55 13 56 80 11 52 58 60 119 122 126 73 59 83 62 25
68 34 107 125 107 86 26 121 18 37 31 94 37 79 12 92
92 68 45 103 121 103 36 112 97 34 57 28 118 119 54 58
25 33 55 4 119 82 125 9 119 28 104 28 107 116 120 71
56 37 47 49 12 83 33 109 117 90 10 107 81 64 37 106
97 93 110 88 47 107 98 38 8 74 66 115 62 58 59 118
96 106 40 108 61 73 90 50 36 100 30 117 36 67 96 5
32 78 93 79 58 63 117 66 9 55 53 71 114 112 62 82
90 102 62 23 47 24 74 83 124 104 73 32 43 41 37 76
119 3 27 49 66 17 115 76 72 41 19 58 25 81 12 116
55 75 11 103 99 85 58 96 61 3 0 105 44 38 53 36
41 80 85 107 97 73 55 42 114 75 100 11 28 113 127 84
60 11 59 31 96 117 127 30 121 0 7 37 38 60 73 79
12 31 58 110 104 114 24 90 61 124 101 89 109 101 45 41
112 104 73 80 94 72 110 87 72 117 124 110 49 70 61 62
101 120 44 77 106 68 39 39 64 12 0 46 113 46 87 97
22 32 50 116 105 32 75 49 22 72 32 71 14 93 5 115
85 49 64 63 117 103 102 54 115 103 100 101 21 59 70 43
92 120 32 69 25 107 118 47 51 22 118 65 116 124 52 73
45 116 9 35 91 111 89 79 86 61 52 107 120 122 23 84
115 55 25 12 34 16 59 86 38 49 23 26 45 76 100 91
64 109 126 28 92 87 107 51 20 31 30 12 25 53 97 12
108 122 24 15 10 83 101 49 5 124 75 50 72 47 13 9
28 11 37 121 98 16 44 118 47 74 3 72 0 100 85 108
