82 0 112 96 103 91 30 39 89 58 56 45 96 122 70 74
23 120 35 65 85 89 24 61 7 13 14 27 83 62 69 37
62 53 5 38 16 36 77 105 94 5 22 62 127 93 8 23
85 44 88 42 5 112 104 13 126 118 40 81 53 109 118 115
34 124 25 50 32 102 28 126 108 50 61 107 15 69 2 101
113 91 15 119 75 119 4 73 110 44 26 35 26 17 22 60
13 48 111 45 22 11 43 2 61 104 110 77 46 112 50 31
75 65 22 23 57 26 96 39 71 123 74 97 12 96 29 25
16 12 70 39 23 113 41 85 90 23 34 8 8 84 39 83
21 62 106 78 88 75 117 31 70 63 0 82 32 30 107 48
42 49 87 66 34 1 23 124 24 57 4 32 13 44 116 34
106 94 113 66 41 102 98 111 38 98 65 70 0 44 118 43
93 78 109 0 79 4 124 103 61 1 8 74 45 124 108 23
90 93 89 4 68 59 115 106 30 53 48 30 97 38 73 63
116 54 63 67 58 59 43 119 60 51 65 105 47 46 0 9
11 90 13 79 21 1 57 51 54 105 82 23 16 27 86 4
82 21 72 12 81 115 4 13 38 69 119 85 115 119 94 127
81 108 78 103 109 8 26 35 113 108 58 1 8 17 6 90
38 78 102 119 65 106 5 103 48 124 60 35 115 26 34 69
6 113 44 115 121 70 22 106 51 81 108 59 98 114 21 8
64 123 0 1 102 5 104 22 1 36 57 116 62 92 57 69
77 101 56 70 44 79 48 95 32 28 26 2 14 47 10 78
42 10 79 16 15 55 38 16 91 96 5 26 60 62 95 9
36 23 79 80 102 127 47 6 28 73 8 42 120 19 121 34
29 72 51 45 0 89 61 91 57 66 117 117 1 84 126 37
108 77 117 82 77 36 89 105 109 97 19 101 116 12 7 18
85 58 63 85 20 124 48 77 63 38 67 64 122 65 101 102
15 90 57 92 126 18 69 107 115 88 80 104 101 87 122 58
18 57 15 38 53 63 115 116 101 54 52 96 120 25 70 7
115 127 99 113 17 40 92 5 0 44 109 101 4 103 31 22
32 46 60 85 110 47 74 83 102 126 51 94 24 122 101 11
121 72 125 11 112 89 16 112 6 125 86 10 100 117 32 4
78 23 68 107 3 34 64 10 102 115 122 105 54 23 37 65
93 64 32 16 62 79 93 27 77 22 35 85 115 127 42 66
22 110 45 26 17 109 36 119 97 31 96 23 54 6 89 19
70 121 35 5 72 0 32 21 23 68 106 10 67 21 76 90
3 121 116 20 103 24 11 72 55 108 95 110 114 56 1 56
50 37 61 122 37 94 16 60 34 122 71 101 15 19 63 19
13 51 39 116 76 51 60 3 31 27 113 17 84 115 73 6
24 7 0 61 101 16 122 7 11 65 108 26 84 44 45 97
95 85 85 43 8 17 47 39 45 32 56 1 19 1 7 43
8 7 105 109 24 99 116 35 36 97 61 120 13 107 90 108
64 47 24 72 65 71 111 110 103 39 111 123 40 118 38 49
125 15 30 21 114 19 56 22 116 118 15 1 97 105 109 33
24 5 105 89 76 88 71 52 127 54 47 39 44 85 88 42
101 119 63 87 10 120 110 126 110 125 127 79 102 108 112 126
114 89 88 62 49 31 114 48 86 33 87 2 119 48 44 92
39 108 51 49 100 33 47 82 30 46 33 4 26 17 3 12
106 91 75 27 122 61 75 80 95 34 83 86 82 127 50 121
107 101 42 79 7 89 33 37 7 66 42 34 83 45 46 61
8 121 88 2 55 35 83 22 70 38 108 24 37 30 18 17
3 60 96 10 22 2 48 29 68 90 63 24 7 110 85 15
103 46 17 30 81 100 52 23 10 32 48 48 62 66 65 66
126 33 76 20 35 124 50 104 86 113 0 93 95 85 108 71
3 126 101 85 98 26 108 109 58 28 29 121 94 94 59 93
127 7 113 35 4 35 11 90 21 11 56 116 96 36 59 100
34 33 57 5 59 37 114 117 66 15 110 32 109 41 125 108
49 111 15 53 18 26 15 39 37 71 28 6 108 87 106 14
120 35 19 51 72 5 41 10 20 23 43 1 65 40 110 114
23 125 39 42 24 54 81 61 126 109 67 106 69 45 120 61
80 12 113 25 17 26 35 38 49 78 39 114 119 21 100 14
19 11 56 43 66 10 104 64 119 44 42 60 89 34 122 42
46 107 67 64 5 102 102 54 53 13 41 44 35 13 58 54
25 115 97 91 125 73 27 116 117 69 49 79 103 43 121 22
8 54 10 24 40 52 75 30 80 48 74 3 55 44 24 30
70 92 24 12 104 47 14 48 20 28 85 120 6 89 48 14
15 59 39 56 111 114 86 63 34 32 66 90 77 90 120 19
54 17 31 31 64 46 79 84 74 36 76 81 126 125 95 13
56 6 69 39 121 28 102 27 60 41 117 9 3 110 28 58
127 60 89 63 106 40 19 52 76 96 5 74 93 101 88 21
107 29 60 100 57 34 0 118 75 117 127 79 99 28 9 98
88 98 33 66 10 53 118 86 21 124 33 114 97 121 7 76
22 67 49 80 101 49 70 49 38 69 0 10 97 9 108 57
107 14 123 117 67 114 75 88 110 108 74 79 101 81 27 124
20 76 76 121 125 18 42 36 87 42 46 57 51 26 114 30
40 110 19 107 96 95 67 78 75 13 29 49 94 56 45 114
5 121 108 2 11 22 38 98 65 84 27 116 111 14 19 23
124 38 3 92 5 70 42 81 84 71 2 50 127 47 37 4
40 17 7 51 39 45 21 104 2 49 93 113 63 112 8 59
22 11 23 28 82 65 109 38 8 111 88 7 30 125 12 70
14 19 121 54 64 14 30 66 63 123 51 126 107 60 57 2
71 80 30 25 17 11 63 25 122 24 33 24 21 45 94 36
64 87 90 0 101 120 67 37 116 118 35 95 50 93 97 122
45 127 19 63 10 83 88 4 107 121 28 0 38 122 36 102
81 126 103 55 119 42 92 107 32 127 74 83 92 44 77 10
43 96 73 54 51 33 58 30 27 87 31 65 81 67 40 35
66 15 90 57 57 54 36 89 53 110 44 18 26 121 28 70
90 101 124 13 6 54 44 33 13 75 99 95 14 11 2 80
26 92 9 83 18 45 44 71 28 89 89 54 82 117 124 44
90 120 58 97 47 102 2 60 49 101 27 63 112 29 16 10
121 25 93 11 71 10 83 99 99 44 25 53 34 22 98 124
14 28 93 61 2 96 122 51 69 21 114 54 51 2 64 44
28 30 56 99 40 11 70 11 55 95 64 89 117 34 86 4
62 51 65 64 19 59 115 89 81 102 15 4 104 79 48 4
109 104 103 21 115 45 32 43 13 97 4 2 3 90 6 66
14 72 2 33 3 118 122 84 92 9 88 68 89 9 73 70
72 5 94 14 60 42 115 79 42 74 66 3 10 58 5 5
6 104 21 114 63 89 112 47 104 13 90 4 105 73 24 49
78 118 63 10 32 51 89 74 125 27 77 7 85 83 12 91
59 33 78 122 123 62 41 99 76 4 103 53 77 127 102 27
118 38 37 22 89 126 97 86 25 46 93 111 1 105 74 61
11 24 55 6 87 97 105 35 101 80 88 50 79 62 77 69
100 114 92 61 112 61 19 9 107 112 120 109 90 67 42 101
91 97 107 50 66 84 85 39 36 45 89 115 108 38 57 80
24 21 14 8 82 33 18 61 18 10 42 108 77 84 81 41
54 60 91 120 16 49 32 52 94 121 39 74 32 96 27 56
117 41 65 71 74 83 5 92 93 47 72 43 4 25 84 58
85 47 50 101 96 82 25 63 76 65 9 108 33 36 36 23
77 101 94 24 56 99 116 22 19 61 65 23 86 21 81 44
68 3 17 37 86 43 100 34 108 109 14 13 18 50 36 95
24 3 119 80 102 108 102 121 41 39 16 127 60 97 43 1
101 61 38 59 104 10 93 84 119 107 97 9 29 6 105 53
9 96 6 111 76 108 105 117 20 121 117 80 91 32 81 64
93 119 123 69 1 88 25 121 67 123 2 96 1 107 22 10
76 28 121 24 8 98 14 28 92 3 109 55 35 62 119 1
54 114 70 55 74 96 48 13 91 51 109 92 30 3 102 106
31 95 3 40 66 17 68 30 20 49 85 55 112 76 56 38
62 127 93 8 95 14 21 58 65 2 22 95 6 124 74 37
91 77 77 29 94 18 59 114 67 16 41 51 92 98 89 26
97 55 34 64 69 55 122 6 58 16 101 64 12 47 101 103
124 51 5 90 69 64 76 8 81 118 60 45 88 21 72 57
76 106 121 17 34 115 23 92 3 125 28 15 44 1 118 41
52 123 3 121 60 80 2 13 70 62 58 30 83 2 87 32
109 80 49 15 67 73 107 70 70 7 85 114 8 75 27 61
71 31 54 3 111 56 16 53 118 74 83 74 77 42 106 58
122 27 73 61 100 52 3 42 59 88 29 67 35 56 0 106
87 55 109 70 111 125 123 102 72 78 48 21 120 26 79 114
53 24 47 26 76 50 68 7 10 97 74 46 26 75 24 113
121 62 46 8 46 67 107 19 90 50 127 6 121 93 117 100
18 43 17 50 112 85 53 3 75 24 85 63 105 31 19 99
93 65 107 11 5 86 31 95 8 30 102 1 123 91 101 14
7 119 64 119 76 117 122 23 14 80 87 119 111 106 90 76
43 69 88 48 27 119 16 35 21 118 37 16 81 10 30 88
1 95 79 77 84 74 101 98 26 60 90 9 38 52 85 81
122 45 2 21 36 18 57 57 8 94 74 89 104 104 50 106
71 1 55 28 75 28 126 101 88 88 110 126 13 68 80 7
113 82 28 22 100 85 79 108 51 25 69 28 2 119 6 73
121 61 101 68 90 100 42 50 60 24 49 73 92 1 80 78
83 109 100 55 66 51 35 118 77 104 18 79 96 24 24 89
85 126 29 47 98 71 98 30 96 19 104 60 20 56 10 103
37 110 30 104 34 65 94 111 41 112 62 9 8 86 98 93
84 0 13 54 71 111 85 39 2 61 100 22 117 110 125 27
93 27 3 127 92 97 110 5 81 44 15 89 2 113 54 87
113 67 13 57 50 98 96 52 31 68 74 21 51 71 48 16
98 51 15 62 20 125 68 101 41 83 62 43 68 116 2 54
56 16 111 106 114 79 31 18 20 105 39 71 49 87 87 19
10 102 82 30 99 22 3 12 105 65 55 45 53 58 99 109
74 82 88 60 34 119 78 54 96 117 125 17 76 84 37 86
58 119 116 29 13 119 41 118 56 96 35 110 26 7 91 100
89 51 33 123 42 111 49 11 101 46 28 49 2 65 8 60
56 124 89 69 116 2 59 44 99 95 26 125 102 118 98 63
41 3 59 84 114 108 95 87 27 123 9 29 61 17 90 117
13 51 59 1 54 118 46 25 85 72 22 59 62 120 123 104
123 54 60 110 34 27 69 61 22 78 91 83 95 53 73 109
104 4 110 30 122 28 55 80 101 78 11 35 70 6 11 66
60 71 48 95 98 117 28 121 68 119 76 35 44 21 16 21
25 127 51 20 27 107 100 0 57 111 36 127 118 47 65 50
119 113 17 89 103 46 82 43 37 31 78 82 52 95 103 78
94 26 98 121 5 70 122 62 53 30 62 43 77 127 94 68
113 111 30 88 29 112 3 67 15 81 21 68 48 124 18 14
41 14 42 47 66 110 110 53 83 118 15 96 120 10 80 17
40 4 124 73 3 100 56 4 117 92 106 54 43 123 44 85
10 86 4 76 69 114 1 24 105 17 120 97 27 72 115 67
76 111 12 79 83 68 84 73 33 62 127 76 58 43 33 68
2 37 16 71 24 18 95 1 35 88 98 62 32 85 1 109
68 14 60 24 82 16 97 115 79 96 64 9 11 97 77 13
7 93 84 31 111 52 32 18 12 2 80 44 88 82 25 28
96 86 52 50 102 21 38 53 117 102 62 1 71 11 14 78
105 99 109 88 23 13 107 35 16 59 79 104 13 105 4 109
63 57 32 37 78 70 91 68 44 25 69 115 37 83 66 14
54 47 102 77 61 81 112 77 13 64 53 26 41 57 8 104
114 40 13 65 110 104 5 26 2 74 13 39 29 79 53 84
127 27 33 60 109 18 9 122 82 62 20 123 119 28 99 106
68 112 43 50 89 48 76 91 122 90 2 23 41 55 107 40
82 13 100 63 31 109 57 113 43 78 108 35 106 79 13 47
63 56 97 24 104 46 115 98 8 117 121 49 44 101 90 127
114 62 62 17 44 120 2 87 70 110 122 48 61 7 95 124
63 65 21 39 111 8 9 119 126 3 40 42 104 2 41 90
65 104 107 109 96 109 68 38 91 63 86 24 70 54 20 6
119 41 45 102 50 55 93 48 58 5 90 34 8 4 124 73
108 103 54 76 84 122 114 47 57 72 71 0 126 91 6 117
5 51 91 55 106 56 103 36 62 65 70 70 69 66 15 49
41 69 125 125 63 111 44 121 56 115 121 54 79 127 44 84
50 7 11 29 64 114 65 126 51 8 68 121 74 83 42 116
24 40 113 87 23 30 80 79 17 73 6 96 72 50 52 123
57 63 24 121 49 89 119 101 97 59 94 44 14 8 32 38
48 17 126 72 47 78 23 65 24 29 33 96 79 86 91 9
21 115 2 71 77 122 44 46 53 10 90 68 18 122 106 67
12 104 11 59 55 34 124 79 64 30 47 15 116 11 24 9
126 27 80 75 21 124 122 74 6 84 14 25 79 121 92 91
97 103 22 24 9 19 103 73 49 23 89 37 34 113 46 32
12 127 108 33 123 102 108 2 58 122 27 9 115 119 100 85
70 44 110 57 3 48 125 7 47 3 74 44 88 89 114 36
127 67 36 46 64 4 111 91 48 122 58 34 5 42 94 76
87 76 5 90 125 2 97 44 5 43 88 93 4 74 2 3
13 38 50 77 42 33 41 90 27 99 124 32 13 91 108 100
39 113 62 36 115 32 81 121 75 41 86 80 116 88 83 1
126 5 79 41 38 120 3 65 91 0 98 104 91 78 77 2
64 11 39 51 43 120 44 119 33 3 71 21 91 26 23 90
32 102 3 70 94 6 8 57 6 106 33 97 56 110 100 120
122 11 44 37 3 88 28 36 91 99 58 55 126 81 17 30
55 20 100 21 26 108 78 33 86 111 2 15 94 102 7 88
113 51 125 116 12 26 25 103 125 83 30 123 36 47 25 91
67 126 112 94 106 62 127 65 45 1 80 11 104 87 99 89
11 97 78 23 123 103 126 120 58 29 116 94 76 13 57 16
11 41 110 118 103 109 55 20 110 7 32 86 94 3 48 105
100 126 0 95 101 127 88 31 28 76 125 104 89 54 120 101
95 102 91 70 83 18 90 66 25 122 24 119 126 72 97 98
70 97 66 43 96 26 74 124 102 71 101 63 125 93 36 92
68 127 34 23 17 125 89 42 119 114 34 117 58 3 88 1
100 26 44 69 52 119 65 26 62 38 89 60 4 126 24 72
125 59 95 15 56 57 57 47 43 91 37 101 94 125 102 67
23 19 8 75 10 73 101 72 112 62 4 116 60 29 60 58
88 27 73 16 84 2 63 127 94 100 101 60 97 75 127 120
94 7 67 104 81 40 49 65 103 53 53 35 82 113 93 42
12 38 58 97 41 122 96 7 94 69 67 64 17 67 56 111
74 124 88 27 36 9 92 11 62 17 47 17 2 12 59 15
51 118 112 92 112 80 99 78 22 38 14 39 105 71 22 52
67 110 79 103 119 44 115 54 61 34 71 64 46 2 79 97
120 63 61 104 15 32 55 37 71 69 76 48 12 99 100 79
81 52 55 73 96 42 127 29 76 70 93 122 72 44 92 65
107 25 41 123 58 96 32 1 38 109 49 50 80 22 2 33
74 57 106 42 99 105 71 47 47 37 41 120 81 5 57 61
31 98 56 89 67 88 90 105 69 11 27 21 33 29 55 107
113 60 98 3 45 23 79 58 28 0 80 56 19 30 108 8
51 43 110 1 20 85 99 68 43 43 77 116 92 120 4 78
52 102 81 97 126 32 28 26 33 108 83 52 10 63 60 61
106 42 63 126 0 34 66 43 78 15 31 42 7 36 120 60
10 74 29 8 106 57 35 11 37 118 63 47 53 123 109 31
38 44 29 38 78 96 81 28 111 113 71 119 21 63 51 31
9 80 40 116 10 75 127 47 65 63 95 118 58 76 21 96
120 50 6 70 18 88 99 2 73 42 121 94 105 44 125 115
124 37 103 6 112 102 54 49 37 21 39 96 97 60 64 89
111 71 31 1 31 2 3 104 44 124 70 22 40 67 9 37
105 112 43 89 86 97 11 124 118 50 92 87 111 28 48 94
99 80 95 2 82 99 106 127 95 48 21 8 116 30 45 93
14 88 54 100 58 65 96 48 116 60 8 99 89 56 65 60
8 32 63 91 3 41 90 99 90 111 107 78 13 24 43 27
112 97 127 42 35 96 91 23 28 99 122 117 27 59 50 36
91 113 127 95 26 89 66 116 72 45 66 85 69 109 112 53
79 111 96 114 79 59 9 108 30 3 97 57 62 19 93 25
4 92 120 31 53 58 19 125 103 86 82 44 67 66 98 18
50 66 4 1 125 13 109 27 16 79 84 78 98 50 104 103
14 96 6 68 27 25 65 2 111 20 47 51 86 17 69 8
83 74 10 80 87 119 107 104 70 63 54 41 113 30 16 0
127 22 68 26 47 5 28 31 25 75 82 112 92 23 120 47
97 2 127 57 122 106 33 64 42 87 105 27 118 121 27 117
15 95 15 63 101 43 94 126 119 48 110 83 71 103 3 41
105 2 98 99 109 3 36 23 90 13 50 80 7 78 69 22
45 84 85 18 0 51 17 119 99 127 74 43 102 77 84 80
80 54 51 61 57 87 84 19 101 6 100 108 84 41 2 2
126 88 20 126 11 37 117 111 37 63 26 11 13 110 91 93
36 15 26 93 102 110 112 75 116 84 55 73 126 58 75 124
18 95 122 29 5 111 12 42 46 38 53 59 20 17 24 56
32 50 21 6 32 6 82 21 90 9 94 88 67 41 84 85
8 78 115 13 61 127 55 108 38 109 39 58 126 64 115 30
100 16 12 34 93 109 58 7 87 103 125 29 75 7 45 45
59 18 67 122 38 62 121 74 69 71 64 71 26 87 55 126
103 68 32 68 49 91 75 8 66 73 38 13 80 83 58 12
101 125 6 11 60 127 86 1 70 22 72 96 109 0 95 85
68 127 25 117 90 101 126 29 46 36 42 126 119 101 10 92
98 16 104 30 15 62 32 85 84 104 54 65 104 21 22 44
20 48 34 111 21 32 12 67 68 54 65 59 27 76 23 126
92 127 28 108 61 60 65 17 37 119 83 13 12 105 58 33
25 92 16 46 124 28 113 64 82 51 123 110 127 18 108 91
18 8 71 79 69 9 97 106 0 52 119 13 29 49 46 55
13 62 101 9 90 87 73 44 10 68 26 9 87 6 100 105
15 44 56 84 53 25 62 53 77 53 66 107 103 112 34 116
46 7 126 8 94 71 53 104 12 79 113 99 86 86 76 101
2 4 57 55 30 119 108 107 44 47 86 19 31 120 8 78
0 6 86 94 77 11 71 89 91 56 60 49 14 8 22 16
13 79 71 43 70 52 22 114 99 109 6 2 101 14 80 101
20 39 68 97 50 11 59 13 67 119 62 82 0 84 98 13
35 42 56 105 94 78 92 65 59 98 67 33 112 20 6 4
59 74 101 109 85 32 123 25 24 57 107 24 14 77 37 49
119 93 27 85 43 119 22 103 89 90 8 73 110 14 77 41
89 50 22 46 83 17 71 107 75 50 3 89 0 40 10 119
5 37 77 48 28 99 23 117 61 31 62 43 46 11 84 7
62 107 53 17 124 125 124 71 47 127 32 47 39 43 39 44
80 116 92 109 87 116 98 21 19 33 64 65 44 21 72 106
0 126 123 124 123 119 68 42 118 100 90 29 15 1 73 96
117 38 77 76 26 47 97 45 80 34 111 125 55 55 103 55
53 99 51 48 90 119 91 81 92 53 110 107 54 56 75 43
94 24 119 120 72 89 37 24 123 20 21 50 76 125 105 1
96 28 50 58 20 13 11 112 66 122 91 120 50 39 35 16
63 26 8 7 115 45 32 110 66 53 32 14 50 9 15 18
38 65 77 58 78 88 42 16 82 5 8 4 44 43 20 108
70 28 115 57 74 19 40 12 73 72 26 123 82 41 14 120
89 75 21 45 94 49 43 77 102 48 33 10 84 26 56 15
119 60 92 66 76 4 26 67 50 82 0 16 65 14 32 26
90 53 72 56 102 115 5 77 35 38 87 119 64 15 6 55
75 98 121 23 103 20 91 25 102 91 42 39 105 74 65 67
127 9 123 102 124 0 51 31 38 10 22 102 25 28 29 100
127 23 123 102 43 86 127 17 49 41 56 27 115 121 94 115
3 90 89 127 90 12 31 1 22 53 103 47 82 5 19 81
28 14 55 71 101 54 88 22 96 16 49 83 9 16 70 12
106 31 12 68 43 43 69 65 96 45 112 50 50 3 3 78
18 58 21 119 113 109 13 81 125 63 36 6 79 107 19 57
10 31 125 54 74 67 119 42 112 104 93 34 107 96 112 125
27 5 116 12 114 2 93 111 65 1 117 16 108 8 73 119
39 70 45 113 9 36 28 121 12 121 27 120 89 11 117 116
16 106 0 2 108 93 113 45 95 103 61 75 111 6 66 23
76 111 8 86 20 36 79 32 29 107 24 119 118 14 107 7
120 108 9 100 73 123 17 40 98 78 116 81 84 54 104 32
38 113 118 58 21 70 90 51 49 115 42 39 1 21 46 121
1 56 93 75 51 110 115 21 60 103 102 16 30 79 48 68
64 39 126 85 109 88 8 30 75 50 69 76 72 116 69 73
44 34 20 95 16 8 116 76 111 90 92 13 41 13 81 105
52 79 63 33 40 71 63 115 122 4 64 66 120 5 11 36
40 32 3 56 40 119 5 23 82 97 37 123 110 118 101 34
70 36 67 110 107 2 97 101 7 33 39 127 39 51 36 79
83 39 7 123 31 12 18 113 110 55 108 92 46 81 127 116
117 66 98 97 69 67 70 76 101 110 75 12 33 111 91 116
23 98 111 54 111 1 39 93 57 19 57 103 101 56 91 90
123 61 59 64 0 2 12 101 112 87 113 17 71 76 5 94
47 116 20 30 117 59 123 46 78 52 21 51 109 112 14 104
45 73 40 46 75 52 19 59 11 5 76 82 81 81 48 0
69 68 30 59 127 25 105 78 78 127 1 59 111 15 35 29
89 75 75 36 127 94 96 10 99 44 93 53 126 13 53 67
82 84 126 81 109 104 31 59 103 33 118 86 48 25 115 9
