15 57 95 67 111 34 23 59 116 90 64 49 126 106 22 16
105 113 40 97 127 90 89 75 87 102 80 102 123 68 28 10
125 123 77 108 29 101 39 17 63 103 67 61 82 89 77 59
74 117 28 73 79 118 20 39 92 101 13 87 41 41 98 38
36 47 18 65 20 57 83 83 33 22 17 115 111 94 46 58
84 74 3 35 64 24 74 29 125 87 116 38 0 86 76 36
6 94 102 26 23 57 110 56 79 127 43 62 93 89 120 49
36 124 85 100 20 31 1 17 119 118 55 119 76 3 28 82
97 2 109 120 59 91 49 10 90 92 72 55 54 65 105 90
61 62 62 81 93 64 98 84 54 25 76 2 28 104 85 125
106 66 117 37 29 38 47 119 3 119 46 57 56 23 19 117
85 81 70 51 17 40 7 71 65 83 74 93 59 31 90 37
97 80 74 126 118 121 117 121 113 35 50 41 59 69 31 16
23 101 67 40 14 75 112 79 30 58 45 90 89 7 127 58
87 74 56 78 67 45 71 52 80 122 94 11 63 125 28 86
98 95 127 112 42 111 64 73 41 109 35 2 116 34 60 76
108 116 26 48 33 97 100 113 91 66 125 27 63 25 113 34
120 112 18 35 95 82 108 8 63 15 10 52 49 70 0 30
58 26 78 91 123 50 77 87 117 74 114 52 99 99 86 91
84 105 126 51 59 106 60 123 121 70 47 43 13 47 73 71
73 23 35 68 73 112 27 62 58 13 115 29 113 73 120 69
50 119 120 110 97 52 105 91 123 24 6 8 71 79 79 16
102 114 84 47 98 112 110 28 125 97 57 110 42 50 51 93
41 44 75 10 96 52 101 91 76 107 99 19 58 51 35 32
37 119 80 8 103 62 36 101 31 94 83 73 16 7 38 57
51 113 67 19 37 41 111 113 20 82 4 79 5 39 111 43
31 63 51 6 125 87 107 28 53 63 102 69 70 12 126 121
126 66 12 35 107 123 21 127 78 25 78 83 65 62 126 96
125 49 102 123 9 82 23 62 17 125 4 87 10 2 80 8
68 92 43 47 88 64 47 38 90 125 121 27 59 120 123 57
41 97 52 50 51 75 113 68 73 117 27 83 119 107 91 60
72 6 107 32 71 26 70 33 24 63 60 83 55 55 12 97
22 61 43 19 126 119 41 103 27 79 8 41 125 102 58 126
117 127 124 116 79 44 67 78 107 20 0 110 2 42 119 25
103 35 44 101 26 85 77 53 36 85 95 33 59 25 31 48
24 27 36 103 71 104 53 50 124 53 33 127 95 24 24 70
59 68 44 86 25 121 11 61 78 106 95 10 3 126 58 27
26 95 2 97 71 55 20 67 108 53 66 75 77 90 18 9
30 62 95 55 55 106 117 5 85 84 15 88 82 74 116 108
41 118 78 112 46 98 51 26 23 118 102 100 80 120 109 111
54 76 38 109 55 27 114 12 111 2 100 66 76 88 46 117
79 124 101 125 94 24 23 117 14 125 90 95 117 71 78 43
20 116 24 75 16 11 87 127 13 59 65 89 20 112 78 99
108 51 96 75 75 119 64 90 117 26 57 106 98 7 22 118
123 46 65 11 57 24 11 70 83 76 31 103 60 109 74 41
32 42 116 108 34 52 70 23 79 127 1 49 6 23 39 1
70 104 13 127 0 24 70 83 100 101 59 33 83 5 74 115
48 62 95 82 114 37 105 65 36 106 114 42 2 25 44 72
1 57 71 1 81 13 85 53 115 16 86 70 21 32 57 69
94 25 23 81 62 0 18 99 107 5 13 109 30 57 53 32
114 124 33 67 10 118 121 125 6 79 67 28 112 124 97 78
21 121 31 84 121 50 55 100 55 68 81 85 126 6 117 112
3 23 52 13 13 45 10 20 124 77 48 108 73 17 59 95
10 90 51 4 12 106 104 67 46 58 25 44 64 14 29 67
37 81 80 51 126 90 71 122 39 119 103 113 8 34 80 19
124 3 23 9 109 127 76 27 57 101 72 122 116 101 61 25
54 14 76 52 104 19 46 16 10 21 1 19 55 81 38 52
84 61 61 65 60 9 92 118 111 36 112 99 9 45 124 63
59 73 115 36 92 34 52 103 55 53 122 111 6 32 35 90
93 96 27 25 105 119 15 88 28 127 59 37 45 56 101 104
1 88 12 93 122 64 68 50 117 62 33 123 94 68 85 59
36 112 85 13 104 100 102 4 100 33 41 17 89 14 121 90
103 6 56 97 70 124 19 60 59 52 55 25 120 13 85 28
125 42 42 101 14 16 105 114 49 19 3 11 33 125 101 8
17 77 122 83 1 117 72 59 103 110 65 52 25 98 30 126
41 125 66 67 21 25 37 108 55 91 79 70 58 74 3 75
23 125 30 24 114 102 84 89 85 21 14 110 119 44 108 33
41 46 100 62 72 9 42 127 101 122 69 31 68 72 107 91
70 9 115 56 112 71 18 69 92 32 51 84 76 31 117 117
78 89 51 22 99 94 21 72 88 91 103 28 35 82 119 105
92 106 34 76 50 52 17 14 84 68 98 32 99 87 21 49
49 72 71 20 38 93 92 126 56 67 26 91 22 17 69 114
124 103 62 46 27 79 60 111 19 31 15 118 118 36 40 39
108 111 59 19 76 23 17 4 91 44 96 113 61 37 99 57
12 33 103 39 112 36 22 3 67 37 121 57 73 33 97 53
17 28 72 93 52 90 98 15 6 66 0 67 103 99 125 115
4 100 26 116 8 48 119 75 85 112 5 30 18 102 83 35
2 28 0 54 118 98 69 124 36 69 63 11 40 60 126 44
33 24 32 41 72 23 117 29 8 122 59 26 96 15 61 98
43 61 25 33 32 94 29 68 36 92 80 76 25 78 121 58
103 25 99 47 49 88 77 57 82 8 83 50 23 16 21 66
77 46 99 109 12 0 50 48 93 2 125 118 80 118 48 55
15 19 103 64 108 52 121 62 60 76 113 84 92 6 22 42
52 122 23 64 122 73 113 87 75 110 77 28 100 125 83 115
17 58 52 125 110 45 59 43 122 44 127 86 50 21 0 102
15 24 39 10 97 24 97 45 6 47 73 106 44 28 93 61
87 17 58 69 63 118 112 57 34 111 15 85 5 16 59 20
40 98 30 9 122 0 54 0 47 127 106 91 28 72 25 115
89 83 56 24 73 41 81 108 24 97 65 29 113 124 50 25
95 80 34 89 80 89 90 127 88 68 91 116 12 116 103 102
71 32 126 17 73 80 125 97 49 62 127 34 58 49 59 25
1 93 115 82 54 77 81 15 17 44 3 30 32 107 4 104
11 2 121 84 82 118 53 3 52 52 37 110 101 96 8 103
62 123 57 116 72 10 3 89 55 7 119 87 114 123 63 125
126 56 81 80 46 6 84 98 59 121 81 32 90 89 7 24
84 64 12 28 75 16 117 2 23 109 89 9 104 25 6 102
62 42 13 12 12 92 14 83 14 2 42 86 119 36 59 41
100 105 55 39 55 126 32 55 126 75 63 101 113 76 50 47
118 63 60 2 27 74 85 41 76 0 127 67 36 59 108 8
36 36 47 91 34 79 18 32 26 82 5 12 30 55 59 20
118 119 22 17 66 107 59 14 107 58 82 15 117 62 23 25
98 70 117 4 22 7 36 48 89 42 60 119 97 120 11 88
111 33 105 49 13 36 64 120 95 18 8 84 80 31 110 51
102 99 55 124 106 92 44 68 6 105 59 103 97 71 63 80
104 41 2 117 77 66 110 44 84 118 1 36 21 111 87 123
82 15 119 60 107 36 0 113 13 60 88 110 3 24 62 107
65 64 97 14 2 79 59 86 69 60 123 90 43 82 86 125
97 77 57 76 113 58 61 126 118 22 108 121 46 43 100 111
107 69 125 110 20 56 68 89 116 63 52 31 18 10 28 115
87 86 64 73 16 125 71 6 19 52 127 65 95 99 48 74
41 46 56 61 102 125 23 91 60 75 122 78 85 23 66 44
109 2 117 125 127 61 3 19 113 2 84 80 101 5 26 14
51 83 76 25 80 99 116 12 46 111 91 3 6 29 47 115
31 37 112 30 98 115 49 83 117 6 35 90 11 61 105 62
16 53 87 96 24 76 109 70 59 72 73 65 101 120 52 4
29 36 34 127 23 84 82 12 90 117 102 101 51 79 35 67
4 122 36 28 70 17 98 1 89 43 66 62 36 118 66 65
26 100 65 49 56 19 61 18 9 36 119 60 115 26 127 120
21 35 20 91 52 119 93 13 34 31 75 70 22 13 8 48
114 73 98 42 92 31 61 101 67 52 33 55 79 33 47 100
68 67 63 121 58 28 6 93 60 82 35 82 95 43 2 81
116 100 124 81 4 57 54 71 109 88 126 60 121 45 32 61
113 96 54 43 124 61 8 56 15 44 10 110 87 13 64 76
113 60 29 117 117 83 61 98 43 59 31 36 105 63 98 90
31 24 5 28 85 14 84 100 58 95 83 17 108 19 93 93
79 122 83 68 78 16 38 121 75 69 30 52 5 0 14 36
24 20 64 110 34 21 82 92 116 37 109 96 56 75 61 7
69 16 75 19 32 114 13 108 55 43 32 60 43 47 97 67
53 98 107 107 26 102 117 100 72 24 122 39 82 103 46 45
76 116 102 72 60 116 57 43 91 13 53 108 64 94 41 117
64 20 96 90 122 85 62 66 110 57 106 64 32 24 110 108
12 84 53 72 72 110 115 35 123 40 15 59 6 56 48 70
76 16 33 70 102 95 8 84 24 114 20 57 10 2 37 22
86 90 94 30 72 81 65 68 121 80 127 127 8 48 70 84
64 103 26 38 70 35 122 95 21 15 24 32 17 61 54 104
24 21 6 96 102 72 36 96 24 36 95 33 84 37 117 20
12 16 59 83 51 53 50 72 68 74 104 86 7 31 62 31
52 68 0 26 12 36 122 37 72 90 70 28 127 59 49 12
75 108 95 126 33 17 71 102 91 47 60 98 78 122 2 2
62 2 29 75 38 23 112 111 113 54 11 113 113 60 125 61
40 92 59 74 109 2 48 72 50 108 42 0 102 44 3 36
46 32 111 85 55 95 68 41 21 79 26 7 12 23 68 52
115 127 126 96 2 46 40 52 26 82 52 0 127 55 37 45
87 20 2 15 116 70 56 9 22 82 16 34 105 84 86 92
84 85 60 86 3 100 10 30 54 62 30 53 118 67 99 77
88 101 92 76 44 20 85 66 102 102 100 79 58 58 43 14
15 103 100 19 75 110 49 2 45 79 55 35 19 26 112 107
0 77 55 44 97 12 110 72 114 82 23 45 12 67 59 28
42 32 47 118 14 96 120 59 47 47 94 66 74 79 45 74
28 100 118 125 113 100 69 99 54 93 16 66 32 76 94 74
108 13 64 122 109 56 54 29 104 20 95 50 99 13 124 127
113 114 125 98 86 66 70 12 31 86 78 63 34 45 10 14
58 74 9 40 3 63 69 107 83 36 29 55 49 25 54 35
11 51 5 97 118 75 109 21 34 59 85 68 104 95 83 35
41 92 75 44 27 16 23 110 52 52 37 102 77 92 9 88
15 14 57 5 90 38 27 124 98 112 64 74 79 19 109 120
111 56 37 10 72 60 121 125 113 30 99 62 122 108 23 10
122 80 15 84 119 42 80 89 26 17 35 105 36 17 98 20
73 7 30 18 67 23 15 52 54 114 115 48 94 10 58 88
90 74 45 81 116 125 42 15 14 78 120 51 95 90 71 40
71 67 56 91 107 51 4 29 46 19 51 125 53 126 83 4
103 32 119 86 65 62 38 67 27 62 77 86 67 64 38 11
3 94 102 110 17 106 11 63 125 63 60 51 61 16 55 36
48 46 122 113 109 32 52 8 94 1 95 34 65 5 45 68
99 19 50 117 125 62 52 123 125 113 46 58 1 101 94 49
19 89 34 0 121 86 9 88 88 104 122 25 109 39 94 80
58 16 69 55 78 122 50 75 107 96 5 108 69 100 29 89
61 63 89 54 21 98 14 109 74 8 7 55 47 101 8 105
117 77 33 68 71 83 15 50 52 21 30 121 121 59 82 54
122 44 108 16 14 123 125 89 3 4 16 51 105 24 28 95
102 61 35 45 17 50 96 69 71 126 62 64 58 17 118 52
61 99 68 75 94 66 36 97 70 53 20 48 77 49 15 51
110 50 97 127 100 65 68 44 63 3 108 121 20 99 46 81
70 114 28 36 52 65 5 123 118 26 43 67 75 58 119 57
108 88 57 80 25 125 124 88 0 105 82 20 76 0 101 18
114 2 54 39 67 59 34 57 85 77 124 32 7 115 90 115
75 19 67 100 16 64 61 17 41 15 37 117 15 11 7 1
13 61 40 80 120 74 9 78 23 5 110 30 121 72 17 68
91 85 41 108 21 102 125 62 117 34 51 4 45 58 5 58
119 46 10 111 120 19 61 16 25 44 46 18 116 64 86 80
21 127 60 42 101 57 104 90 91 27 94 9 85 100 67 76
18 78 59 10 97 121 26 122 37 73 12 25 9 99 105 30
98 37 72 72 94 48 34 58 75 1 67 32 101 6 108 119
84 39 1 54 32 28 48 69 101 61 95 110 32 72 12 2
110 84 74 76 4 109 6 79 110 73 111 83 80 91 74 36
2 75 90 35 103 11 104 76 72 71 58 104 16 70 106 126
26 53 74 30 34 81 109 16 26 92 99 106 55 45 15 58
120 105 93 96 116 69 44 60 13 103 36 29 45 15 27 72
68 101 102 102 54 84 118 81 48 89 59 104 6 74 34 126
52 127 94 40 68 11 101 81 114 9 110 31 24 9 103 92
111 78 66 37 34 56 118 82 17 50 58 23 124 92 22 48
91 116 89 32 127 62 113 113 71 96 17 96 105 120 60 88
46 62 17 34 2 86 57 122 52 40 78 79 24 112 3 108
31 96 5 74 77 58 66 123 41 103 57 52 35 84 28 82
18 45 116 20 4 45 15 56 85 93 7 109 77 10 89 108
106 95 55 56 25 121 51 66 96 108 118 4 64 19 86 82
64 74 103 68 119 118 124 76 83 3 57 33 14 18 13 120
113 68 48 10 62 100 76 30 80 67 34 17 86 120 99 22
66 74 91 57 64 87 5 20 91 62 53 105 81 66 97 66
7 18 77 69 118 25 99 70 92 6 87 50 126 59 73 65
5 36 122 70 123 0 90 86 62 15 63 15 81 33 82 88
51 31 29 41 56 1 111 21 7 71 71 5 2 16 70 7
52 65 77 48 65 39 6 127 54 70 15 8 103 97 96 26
0 126 67 56 127 50 77 6 121 21 11 123 37 82 3 90
19 80 10 84 120 16 83 46 86 98 54 61 67 23 87 67
21 26 124 20 77 73 26 70 94 37 66 4 119 69 94 10
21 104 94 13 120 50 60 79 20 114 12 88 9 100 27 30
126 23 50 75 97 76 18 63 114 84 67 105 25 33 116 46
9 82 60 2 4 120 81 25 106 93 113 116 65 12 18 64
36 69 11 5 17 29 68 3 113 8 109 10 41 97 57 51
51 117 53 56 109 6 81 87 99 66 75 37 78 94 101 114
35 112 119 52 14 60 56 127 68 37 10 109 6 67 32 57
56 85 113 37 91 66 124 63 4 72 100 83 38 73 69 73
57 61 125 71 121 53 71 61 90 81 42 96 20 75 26 76
32 11 113 124 78 109 59 82 53 31 37 91 104 107 36 33
40 34 105 33 87 48 94 50 1 8 18 21 83 44 97 116
56 82 112 6 63 43 88 117 74 126 80 50 105 117 83 17
23 60 50 110 108 16 32 109 24 51 2 108 95 99 96 23
53 80 29 117 123 118 106 69 116 58 119 93 47 74 110 70
7 32 53 115 48 85 97 72 8 99 52 104 71 20 127 124
100 29 113 95 19 91 36 7 22 27 100 69 102 82 12 109
114 65 96 34 22 65 106 31 37 31 7 108 51 6 104 24
35 90 119 54 53 28 61 75 55 33 17 29 115 29 10 101
94 107 7 116 44 114 19 81 17 26 61 68 33 38 92 68
7 18 70 46 73 120 68 80 107 49 121 6 79 109 60 84
125 74 16 20 41 122 50 77 104 120 66 73 10 98 84 17
116 26 63 62 18 4 14 125 53 8 4 4 117 64 88 115
10 105 7 51 99 57 0 76 49 67 21 59 37 105 77 25
3 12 87 21 16 102 19 69 110 23 74 99 87 34 86 97
11 93 20 111 22 20 59 72 87 80 3 124 58 80 22 61
93 109 83 109 83 102 51 65 125 125 37 84 31 123 53 43
89 73 26 111 93 85 55 53 37 59 49 95 11 71 29 104
53 112 86 8 86 9 74 83 6 111 39 37 106 92 80 67
37 106 51 2 63 106 55 101 37 105 68 49 48 97 25 101
81 111 110 39 120 56 122 126 39 33 36 17 125 116 85 34
95 8 37 30 114 92 3 24 69 72 73 118 41 98 91 123
82 73 34 74 1 29 73 40 62 109 58 60 97 15 94 64
23 3 95 9 96 98 33 37 42 106 27 84 77 119 79 31
64 113 105 66 14 50 106 77 31 36 9 1 51 103 65 74
107 32 84 75 3 117 112 45 96 12 1 45 3 80 76 67
66 53 5 80 104 112 29 7 20 38 8 72 14 74 18 121
106 102 68 109 92 52 27 60 64 28 105 67 109 53 7 47
106 12 127 82 124 29 90 17 67 98 89 81 44 107 74 23
82 14 4 46 67 31 106 3 60 83 71 41 8 78 88 114
90 87 69 87 116 31 104 56 1 65 9 46 44 84 69 126
98 73 44 37 105 22 41 37 105 112 78 113 62 38 100 24
125 41 111 114 72 87 42 73 24 51 119 69 7 60 67 106
6 112 15 111 6 56 20 112 40 98 97 102 8 69 127 5
110 110 119 54 70 33 0 94 85 119 35 92 52 103 70 58
87 86 41 93 14 61 77 55 31 47 29 39 116 28 44 99
11 36 25 81 69 25 47 26 17 83 119 69 58 61 127 17
19 40 110 34 101 60 89 4 107 118 43 95 19 87 66 30
123 92 111 65 117 30 91 6 113 82 75 43 16 74 60 35
114 43 69 87 103 30 91 82 21 6 49 40 94 116 70 89
80 53 26 69 83 118 76 69 72 23 112 88 98 45 124 84
88 65 44 63 96 7 17 117 14 66 29 108 54 99 69 6
102 127 74 43 23 77 82 65 73 118 95 120 6 72 59 126
101 86 1 115 125 119 50 48 74 8 26 50 2 107 92 105
106 38 20 2 115 102 67 61 92 34 53 98 106 113 97 79
71 98 66 68 89 116 117 35 124 15 86 127 123 50 104 101
88 124 103 76 98 42 9 63 76 62 33 55 47 2 6 119
100 73 59 61 61 48 97 58 64 55 57 59 105 33 32 65
29 8 13 127 50 22 62 127 85 96 54 4 98 60 123 71
5 55 4 67 103 101 125 39 28 54 98 5 87 3 71 116
11 84 115 61 107 50 60 64 18 114 68 116 47 64 59 52
119 64 119 94 37 116 6 66 42 104 71 1 107 14 117 118
99 105 52 78 27 112 14 45 99 82 33 18 18 93 70 9
29 62 104 66 50 110 4 93 86 76 94 66 90 84 56 61
61 108 11 88 93 25 5 64 108 38 82 126 3 24 8 32
86 112 99 9 94 103 102 52 51 68 118 14 24 47 75 85
27 87 45 120 112 50 56 92 89 10 91 92 35 99 125 121
83 96 2 49 71 104 101 123 45 92 9 69 11 84 27 38
43 72 31 28 123 87 120 84 98 83 48 5 54 45 126 9
13 1 58 85 105 32 80 22 124 89 92 7 45 119 45 89
63 76 117 58 36 109 14 6 65 63 11 119 108 9 1 122
10 59 79 116 91 31 10 87 120 102 94 37 93 12 126 29
88 115 87 124 97 102 2 34 37 13 25 17 23 26 11 33
86 90 21 49 121 32 9 113 6 103 23 100 115 21 1 76
9 88 72 106 62 75 12 99 88 37 117 111 64 0 17 22
91 38 71 84 70 80 70 77 56 93 49 43 114 50 119 123
10 64 101 73 11 113 44 99 23 33 83 87 34 100 109 125
10 52 81 81 5 23 30 61 116 79 104 103 1 96 98 11
32 72 84 43 57 1 14 80 34 97 39 68 69 20 65 80
73 19 33 78 42 63 11 31 14 115 6 15 83 104 26 115
48 111 30 106 112 45 58 18 14 98 87 84 118 24 36 63
43 69 13 86 4 24 117 18 12 123 33 95 99 59 83 20
42 113 126 26 30 56 45 45 26 4 1 17 28 37 80 72
106 94 30 110 118 19 0 2 14 33 98 113 92 53 5 7
119 119 115 121 35 21 38 71 17 119 41 59 17 104 93 63
102 99 119 65 13 55 61 125 58 87 15 31 43 34 20 34
25 8 28 61 29 66 4 46 57 46 105 74 22 70 10 124
42 1 61 55 57 122 52 115 81 67 19 124 101 39 31 127
47 59 60 76 125 64 122 54 110 99 1 4 42 11 0 84
12 61 11 69 55 63 57 8 2 76 5 103 115 36 102 35
95 34 111 92 99 106 18 81 77 19 86 119 30 86 75 43
20 86 112 75 21 41 84 23 117 89 127 105 125 101 12 92
8 123 56 107 101 74 60 51 94 18 42 124 105 118 39 125
76 24 72 98 65 28 121 55 117 120 32 114 94 44 78 102
39 6 81 13 81 13 64 47 32 106 43 9 96 83 6 45
107 78 15 44 107 8 99 96 1 3 83 95 47 33 69 87
40 22 100 121 35 36 40 67 14 83 76 111 38 82 28 17
33 43 62 12 51 33 108 52 37 63 19 84 97 88 43 9
110 15 2 18 51 42 85 66 125 34 49 36 116 77 53 21
120 115 33 43 21 14 96 58 77 115 14 46 76 58 55 58
73 57 76 125 99 34 63 97 68 112 5 56 61 58 78 53
46 111 96 67 125 64 125 75 52 11 121 0 69 49 58 15
106 7 12 78 41 75 47 109 59 52 37 120 110 115 45 28
99 13 95 96 78 92 43 2 104 37 2 45 86 60 60 64
67 72 14 108 19 61 89 78 113 127 70 96 114 115 124 85
1 92 54 79 56 97 81 32 6 83 78 92 15 10 29 83
83 43 63 102 105 25 53 90 24 123 58 10 111 55 96 112
19 22 63 75 119 16 108 126 99 58 90 114 68 119 69 23
35 5 126 12 30 51 102 54 46 33 64 29 88 32 13 107
54 76 54 46 92 34 44 63 92 6 50 33 126 119 56 33
124 54 45 26 105 19 80 24 52 17 53 12 49 67 119 104
15 46 22 108 80 66 43 45 72 93 78 70 85 6 103 81
61 20 108 38 40 60 62 92 77 116 105 127 55 96 103 70
14 125 50 95 63 94 12 7 59 90 78 16 96 53 98 29
74 78 68 114 10 2 78 88 118 55 87 45 24 62 116 38
59 38 5 122 4 17 1 64 107 79 80 76 5 50 105 79
