70 98 118 78 69 114 45 111 52 67 32 4 91 120 109 9
23 118 67 12 99 38 25 122 100 45 63 90 90 96 87 32
66 78 110 7 64 28 119 116 95 23 121 59 16 102 68 39
93 7 51 64 46 76 58 18 121 122 108 83 90 67 115 29
17 98 36 82 126 27 70 93 51 63 24 67 38 93 106 3
100 29 67 18 105 125 36 99 119 16 54 82 84 42 111 101
12 19 55 10 47 126 103 98 61 0 37 99 93 15 102 65
44 41 84 21 39 120 120 30 9 47 112 93 89 95 66 101
115 122 111 34 120 86 4 53 86 41 25 51 56 127 117 100
41 73 121 80 65 114 110 74 33 95 39 122 62 106 95 49
100 78 83 92 36 87 17 123 0 42 46 56 42 35 28 83
108 22 35 46 8 17 120 41 112 32 35 47 10 2 96 110
80 52 74 116 11 91 111 12 6 30 68 48 65 97 3 46
119 38 92 127 55 84 40 40 116 75 87 126 77 55 108 29
107 54 17 119 18 1 3 24 31 71 72 96 40 75 14 31
113 106 30 40 63 70 80 51 17 39 50 94 95 30 123 74
85 13 65 103 14 68 127 45 12 71 13 52 18 28 84 3
6 114 43 69 57 124 121 74 35 43 41 2 73 36 77 30
49 14 5 63 83 4 108 95 75 122 19 93 22 103 96 28
90 12 98 19 8 91 93 43 6 6 46 79 43 123 110 92
9 115 28 92 120 8 59 67 2 79 33 24 54 1 53 16
13 23 35 21 114 1 65 120 7 111 71 50 106 53 15 115
41 43 80 33 51 11 100 54 90 5 78 17 7 3 33 20
26 69 42 12 70 107 4 77 90 76 0 68 1 15 55 42
58 7 75 109 19 48 35 109 53 114 126 60 117 32 81 16
101 123 28 43 102 33 120 64 109 120 4 110 7 59 25 65
67 100 47 86 20 82 67 74 68 66 6 58 98 87 74 71
82 102 114 56 7 106 120 116 99 124 99 106 56 124 44 123
96 91 81 117 45 20 63 114 86 69 44 56 29 118 127 111
92 113 40 100 92 32 88 63 29 59 41 85 55 85 80 24
48 33 13 94 53 76 80 12 17 124 68 46 114 68 30 78
53 70 50 17 102 11 80 3 70 122 88 126 79 40 22 0
42 117 12 70 19 87 5 3 110 87 87 112 13 34 17 113
17 91 0 29 6 88 28 1 6 22 112 52 73 60 64 115
49 77 57 68 36 62 71 18 21 31 2 35 65 19 20 82
110 20 112 117 108 12 118 114 34 102 38 107 34 103 95 83
52 24 24 88 87 95 106 108 126 108 15 63 127 35 18 109
55 2 98 35 14 88 22 48 62 60 28 96 35 123 52 87
19 76 47 106 43 25 87 42 5 102 105 4 10 123 114 65
125 84 101 11 45 123 60 107 55 88 76 91 83 0 50 102
76 98 81 119 123 40 33 1 14 11 5 24 6 119 90 4
76 63 15 121 58 75 100 113 35 48 76 118 48 127 93 124
97 46 116 92 86 21 93 100 32 99 125 39 90 87 43 38
22 58 31 80 6 4 65 41 52 14 32 101 13 125 97 110
43 85 74 1 107 40 101 11 11 98 50 101 57 93 12 79
24 43 31 30 47 97 71 100 111 103 73 124 100 42 106 15
0 52 16 107 92 118 118 103 88 41 77 18 6 89 97 30
4 1 60 52 98 4 24 81 107 97 77 80 11 55 95 11
107 112 118 72 102 109 47 62 22 124 80 28 85 50 59 90
51 119 14 21 123 38 102 103 7 51 55 18 106 22 30 85
6 20 29 108 1 77 43 23 73 123 52 31 45 111 121 96
102 7 117 98 45 91 73 52 14 0 70 120 22 100 78 29
121 107 9 122 56 52 18 2 48 70 33 93 53 26 62 27
33 51 125 78 15 70 2 29 70 72 22 93 45 100 122 38
79 3 32 8 56 50 10 104 120 43 69 45 69 3 73 102
55 70 52 70 13 54 99 83 126 121 48 43 93 42 81 45
46 114 53 102 36 63 78 29 106 19 74 47 23 19 21 78
90 73 20 103 127 119 58 125 113 107 41 78 21 122 123 67
108 48 41 17 111 119 46 89 11 120 8 34 12 29 112 102
102 4 77 101 123 7 99 108 114 12 59 8 6 54 75 115
103 117 4 86 108 50 48 119 42 56 25 54 86 9 28 60
13 105 34 9 113 5 117 99 17 48 107 23 103 55 10 78
44 14 36 24 64 84 16 107 13 41 33 99 51 62 31 64
39 65 73 24 70 63 124 87 111 103 111 86 30 121 36 74
51 35 4 46 64 103 106 20 110 53 9 86 29 0 87 67
2 90 31 37 21 55 18 111 2 1 65 57 125 106 67 48
13 72 94 77 47 72 97 29 125 107 115 27 107 74 94 109
37 125 18 58 52 36 41 54 37 107 111 34 85 51 82 98
123 48 47 42 120 17 71 117 124 59 16 103 5 110 84 42
107 102 101 31 10 14 86 47 121 69 81 78 120 35 48 115
83 96 29 75 113 101 64 109 32 81 84 37 63 40 80 43
14 53 74 24 67 32 71 61 102 24 11 94 59 60 82 14
28 111 89 13 84 25 122 116 106 78 26 42 118 106 85 4
31 31 28 98 64 99 31 38 123 43 4 54 103 86 68 3
70 29 16 26 54 10 15 33 88 41 75 78 19 32 82 50
63 110 20 127 81 52 37 76 95 42 2 70 0 70 73 70
99 89 97 25 99 112 58 59 25 5 9 44 37 91 94 101
73 114 100 26 38 10 102 5 52 104 75 52 46 20 123 17
109 92 42 80 76 101 11 101 106 20 17 16 111 111 117 56
97 89 82 8 99 56 13 23 32 89 76 78 109 71 95 91
35 10 43 111 111 55 84 89 75 101 105 59 84 94 115 53
56 70 61 27 126 75 51 31 36 127 109 17 70 77 108 105
87 24 88 70 79 44 31 26 17 9 85 101 103 73 26 31
15 88 59 13 35 110 44 71 109 26 88 51 103 69 28 62
93 116 4 44 32 35 70 49 44 28 22 20 101 48 51 116
8 110 1 43 92 46 114 73 72 75 124 47 16 24 109 109
12 113 25 44 20 95 93 65 123 115 85 96 36 8 84 44
119 86 88 83 4 74 29 76 21 25 123 37 50 104 18 62
89 43 107 109 11 72 46 6 60 3 103 96 12 59 12 3
17 100 86 21 47 115 97 68 13 92 106 63 68 124 125 29
40 104 11 51 49 57 57 109 61 32 77 73 92 89 76 109
62 34 3 109 22 100 49 35 65 27 98 5 24 95 35 64
72 46 115 121 103 44 102 36 77 51 109 41 12 57 22 74
92 25 55 114 126 105 21 63 4 119 68 28 86 103 92 30
21 79 23 125 124 125 33 73 48 15 114 61 72 8 7 36
34 63 22 32 40 43 95 44 34 35 73 121 11 37 23 32
2 17 28 38 46 117 72 74 111 77 58 4 116 96 2 120
127 95 22 3 113 31 15 58 82 28 62 42 3 13 100 5
30 0 43 76 117 116 23 100 65 81 104 53 49 107 46 48
74 68 51 60 99 66 118 53 94 53 96 97 66 68 102 97
68 18 45 57 6 68 30 71 21 6 125 70 113 43 118 60
111 41 120 83 108 110 8 74 35 104 44 102 44 18 71 112
36 116 42 42 57 72 114 78 78 111 21 64 26 11 124 9
53 116 92 33 98 101 107 6 77 23 108 122 42 51 106 78
39 20 121 96 92 107 47 43 90 68 107 116 79 103 125 4
91 90 37 61 63 17 67 12 40 47 6 82 98 113 33 10
5 26 106 98 5 25 13 95 93 120 83 45 95 80 49 58
42 87 119 105 104 59 118 16 106 124 99 77 109 4 87 115
30 65 85 35 91 98 2 56 90 85 101 57 37 23 115 80
110 106 57 86 37 47 102 16 44 73 93 25 77 52 12 107
117 97 14 80 67 16 9 29 101 110 86 11 5 73 91 115
52 20 73 89 68 48 105 112 121 70 9 71 122 22 50 112
119 65 64 59 81 73 88 55 56 47 66 61 120 29 49 44
49 122 6 117 42 111 101 36 54 111 107 48 5 29 32 124
94 97 55 48 42 16 103 98 63 41 32 55 70 81 100 119
75 106 109 118 89 82 26 15 65 5 64 70 34 96 67 1
65 122 49 108 10 24 78 73 65 110 1 7 63 101 126 11
79 107 1 40 62 27 56 127 32 120 70 66 88 9 67 26
3 116 6 14 12 84 87 77 67 88 84 2 61 83 13 12
62 14 53 124 41 109 124 73 101 66 12 61 75 79 87 78
68 93 92 80 50 52 30 117 12 114 119 74 69 5 86 4
19 11 0 61 120 124 6 93 62 18 27 9 98 114 88 38
80 52 118 2 104 20 119 117 7 110 63 76 115 21 80 7
33 81 68 25 77 74 119 12 93 18 21 63 4 109 101 84
34 91 86 10 112 77 127 119 60 62 67 47 84 20 54 117
101 122 14 50 69 5 62 34 23 84 97 28 65 70 112 99
33 71 110 17 20 109 8 80 44 76 0 0 96 54 117 69
49 3 119 118 9 54 24 32 10 121 60 75 63 45 47 96
116 63 59 6 23 86 10 14 24 38 56 46 10 47 58 91
57 79 102 76 30 98 96 44 25 118 103 43 23 76 124 12
11 55 18 35 14 28 49 38 67 106 84 77 25 15 40 82
94 15 30 125 113 127 41 10 117 16 53 12 92 49 24 104
105 42 11 119 71 60 29 10 38 113 87 63 0 0 18 95
15 48 92 0 47 5 11 36 21 64 49 113 114 73 89 91
116 100 82 59 33 111 69 71 96 28 7 97 28 25 64 43
73 28 44 121 33 55 29 54 119 78 39 105 24 1 68 12
101 22 71 6 5 12 78 102 40 85 71 69 110 7 112 55
35 28 48 68 83 78 122 75 28 33 52 52 34 121 64 8
15 7 14 21 19 92 123 60 49 66 1 31 73 113 87 108
14 7 48 97 85 42 44 114 75 97 38 110 90 103 118 105
110 4 126 2 97 121 62 18 59 63 50 4 48 9 112 62
16 32 32 102 74 76 88 22 45 126 4 7 101 122 113 84
126 111 86 95 105 20 114 36 83 36 41 3 45 25 66 61
58 98 35 4 46 123 26 92 122 30 99 95 24 84 51 23
68 9 118 45 29 104 81 112 12 122 116 57 20 54 119 78
24 26 82 70 22 109 34 16 11 6 111 36 90 35 59 30
44 49 75 74 26 29 58 38 23 46 96 43 100 87 121 124
113 76 67 7 57 101 23 68 107 7 104 70 42 35 100 86
85 48 32 111 77 91 21 100 9 117 16 110 76 9 106 62
85 45 69 14 19 93 83 126 100 59 68 14 95 41 100 52
89 5 35 38 96 56 10 105 46 26 87 122 36 66 56 121
111 126 8 2 91 91 1 63 22 69 77 117 110 49 41 71
54 76 109 22 5 120 0 51 18 87 45 54 25 102 48 9
100 56 11 63 19 12 126 41 82 75 31 64 124 72 8 51
21 117 73 26 109 73 77 0 33 122 54 58 96 102 67 68
30 79 3 49 91 1 91 45 76 122 110 73 66 118 124 87
107 69 113 89 15 62 89 48 57 15 106 25 118 46 94 20
125 97 70 88 99 33 6 47 27 116 120 93 106 116 53 85
58 38 46 73 101 7 121 30 23 99 55 13 17 21 33 14
119 103 103 90 8 109 9 35 97 2 1 75 118 54 32 48
96 105 7 39 125 12 13 123 108 59 117 41 42 41 48 13
57 31 73 111 68 110 67 67 81 126 15 127 69 106 30 38
84 37 77 81 49 90 77 30 22 66 71 64 107 119 77 36
22 22 19 90 5 87 29 86 85 45 85 27 23 115 65 107
24 14 61 73 105 10 103 127 76 47 63 55 38 12 92 61
34 111 23 39 70 53 125 28 98 82 55 121 69 120 101 93
6 34 39 111 44 14 110 120 61 45 47 100 57 11 33 92
123 56 3 65 109 1 93 79 83 20 73 25 12 46 118 19
80 29 2 124 44 113 116 105 30 35 77 88 47 110 52 42
39 55 107 20 56 73 100 12 93 45 37 106 91 27 125 43
57 127 39 101 112 27 78 15 62 28 103 109 10 27 23 49
82 3 70 11 76 42 23 41 87 60 19 50 87 16 93 16
16 4 117 0 31 68 15 93 96 118 75 106 17 98 28 100
101 98 111 49 12 6 91 99 66 110 21 25 127 114 42 15
118 31 15 21 99 31 114 67 21 61 46 39 32 74 11 5
44 122 55 56 0 18 27 66 0 48 91 127 34 5 14 24
37 30 45 8 61 31 76 82 93 122 121 125 68 4 2 112
126 57 40 126 75 67 64 76 115 28 75 21 33 90 45 70
120 90 79 53 121 27 7 86 21 1 83 89 5 86 73 4
15 113 2 91 52 67 39 39 95 114 60 0 76 105 71 68
67 22 121 60 49 1 19 70 2 102 31 7 60 104 11 76
89 14 39 13 81 78 52 48 64 112 48 13 89 119 81 28
13 75 88 62 76 107 4 78 82 35 85 14 11 97 90 100
111 1 113 64 79 37 112 16 21 32 29 110 24 110 10 37
57 99 100 5 78 104 83 32 12 41 47 23 10 9 124 121
11 109 57 90 19 41 106 40 73 7 23 97 118 33 7 47
4 107 53 83 83 8 115 95 49 34 119 59 44 115 52 55
96 109 17 115 22 124 28 96 3 51 65 121 84 72 41 89
51 94 44 7 102 31 102 24 66 93 83 110 80 8 37 49
117 54 36 12 50 64 108 54 115 45 47 72 118 88 33 41
54 77 48 29 108 23 53 46 116 8 28 69 16 65 118 6
120 26 18 42 91 126 96 78 43 16 22 33 104 55 75 31
67 61 20 73 66 7 112 23 50 8 36 2 93 50 20 28
83 102 47 52 50 77 40 17 0 53 63 102 13 38 40 80
99 60 25 38 68 9 61 118 17 97 120 110 19 12 11 103
114 58 27 36 7 68 53 8 121 116 110 6 27 23 86 126
83 111 36 23 120 98 14 9 67 6 119 87 19 2 62 5
60 89 42 68 29 95 76 22 84 58 28 111 81 114 109 37
97 18 60 89 116 74 98 55 81 90 14 100 92 76 105 25
38 19 93 67 115 41 90 71 99 118 54 53 105 35 90 74
53 22 36 41 97 6 97 50 96 111 22 61 60 127 86 98
19 51 37 6 92 127 77 63 118 3 116 95 38 78 41 92
101 77 5 70 84 102 120 52 86 14 113 18 13 71 116 32
122 25 38 86 25 115 22 15 118 10 110 29 89 23 121 62
101 126 4 57 101 124 109 59 10 95 77 23 38 65 56 33
90 94 119 115 82 13 2 72 24 112 101 113 8 94 47 109
93 51 38 66 47 19 125 57 114 74 80 25 11 8 58 101
103 49 89 57 63 91 1 87 76 103 72 84 69 119 65 34
42 103 100 89 122 97 18 109 43 98 6 54 107 64 28 82
113 117 11 48 80 12 7 28 115 79 112 57 70 49 91 112
24 64 73 19 33 91 0 77 62 6 3 41 70 31 123 55
20 6 104 101 18 111 1 6 63 114 63 5 35 26 118 60
90 63 79 124 27 79 73 89 85 76 2 27 108 125 82 0
3 58 101 21 42 103 27 105 89 90 110 124 117 100 56 79
36 7 75 63 86 20 24 43 97 26 70 77 23 25 77 26
83 51 47 125 26 75 102 115 37 85 111 26 57 40 106 93
47 53 28 6 74 52 49 43 78 120 120 101 17 69 127 100
120 47 98 18 122 72 5 31 29 117 58 87 29 36 52 76
89 81 82 35 5 4 78 84 124 70 57 13 12 57 113 4
104 83 23 98 28 28 1 57 17 59 16 46 95 69 123 57
22 77 92 27 81 43 111 77 113 41 90 125 98 76 2 74
31 25 44 59 53 45 117 71 105 5 117 72 74 112 1 96
62 94 124 15 9 107 93 122 20 55 120 118 3 122 64 35
19 108 94 72 26 83 15 3 89 5 75 35 117 77 4 51
9 97 113 15 15 122 34 62 26 124 32 60 25 94 99 117
52 2 109 10 108 31 4 12 47 95 62 87 116 49 8 126
18 122 13 34 116 47 96 14 43 0 74 69 94 45 58 18
47 40 28 27 71 33 39 119 0 102 78 116 23 86 114 42
80 127 76 68 47 44 82 90 44 28 31 11 74 90 29 121
2 58 21 73 91 60 64 91 34 14 79 58 101 66 100 53
65 48 122 112 92 76 75 8 105 106 19 51 68 49 44 70
107 65 16 70 126 80 33 32 95 112 90 68 50 62 121 116
110 115 100 74 64 47 83 41 26 102 92 94 23 8 37 2
74 53 72 72 5 105 104 100 90 67 40 12 1 34 0 112
21 101 58 85 20 13 126 46 116 90 13 11 99 50 14 45
103 86 117 108 64 93 81 26 32 121 38 34 27 39 18 49
12 76 6 32 90 5 79 78 95 92 89 66 14 103 111 117
62 100 97 126 66 50 24 98 44 62 4 71 101 22 120 113
99 127 18 61 4 97 11 99 61 100 38 75 76 21 64 10
122 33 8 60 84 32 30 0 94 35 71 68 57 64 53 28
63 71 89 67 40 100 38 101 73 76 48 21 98 112 31 92
18 39 24 102 71 54 102 37 89 45 105 19 109 31 47 44
102 9 111 15 109 22 116 54 98 37 75 68 21 106 32 39
17 56 13 88 111 115 126 72 33 103 91 14 6 11 59 109
20 42 124 1 64 112 56 35 21 3 103 43 110 8 82 127
64 96 88 47 83 86 120 116 61 83 3 68 94 62 49 114
104 45 116 41 29 44 76 51 47 51 94 29 59 48 29 124
16 117 43 100 75 35 88 8 119 91 76 85 25 125 72 2
42 60 43 72 104 119 123 23 42 89 53 102 9 82 98 26
71 13 126 18 49 86 26 40 50 103 125 75 100 69 77 15
1 120 87 105 111 82 1 26 43 54 0 52 8 98 78 79
111 76 97 32 35 123 72 85 98 70 32 71 11 110 86 13
102 45 118 86 127 119 112 42 45 112 94 53 82 45 4 65
121 101 98 28 97 42 113 67 112 18 10 124 0 96 9 102
13 127 60 12 119 44 54 36 28 21 90 110 66 94 48 59
68 18 88 37 60 73 104 45 91 115 41 91 83 50 66 97
79 78 83 99 81 101 95 15 55 28 127 73 96 64 63 65
80 105 68 72 44 84 14 33 69 66 21 24 78 18 54 29
96 9 0 49 110 96 64 37 124 63 111 92 0 46 29 80
23 98 24 68 54 39 101 123 105 123 19 55 13 73 84 109
82 85 30 64 53 95 102 49 30 85 13 30 3 43 110 27
13 7 95 67 46 68 62 23 63 81 79 76 27 35 57 109
120 88 46 45 55 20 94 85 105 108 116 108 23 98 7 36
105 102 103 23 43 37 47 106 118 126 55 17 33 112 127 26
72 45 71 127 65 38 85 42 18 73 22 41 43 30 77 21
4 52 44 47 89 91 26 79 89 81 97 123 65 96 21 10
13 92 9 78 2 94 120 20 39 14 61 83 44 10 104 49
62 20 96 23 112 122 103 73 75 72 68 13 40 89 23 53
54 32 3 56 127 123 77 38 9 10 121 54 21 97 103 83
118 71 107 102 66 82 47 13 26 116 26 66 77 49 119 3
82 122 60 81 117 9 119 126 19 113 52 40 82 27 124 72
99 103 46 37 57 94 50 83 82 77 21 31 126 12 35 80
6 95 33 123 104 25 121 123 10 46 36 92 73 32 37 44
7 83 81 64 49 4 19 3 81 40 35 79 52 70 32 58
37 65 53 13 90 46 8 100 92 44 65 38 76 102 82 83
57 36 19 107 40 38 110 121 78 17 72 2 87 104 60 124
42 113 9 4 32 18 105 124 62 42 34 11 16 117 94 73
25 114 52 65 24 35 58 103 52 2 105 12 107 38 8 21
23 18 25 55 36 2 52 98 44 86 109 60 75 76 6 100
62 58 37 86 93 95 61 18 98 39 30 77 77 38 98 100
56 123 28 92 126 80 63 42 38 44 103 114 120 109 86 54
39 124 13 5 91 74 23 61 113 53 10 62 91 108 35 20
104 63 112 102 15 47 16 53 92 119 39 84 100 126 11 12
122 24 17 85 98 40 19 84 93 29 18 56 10 53 76 114
116 61 88 3 108 104 57 72 96 96 29 68 94 40 80 88
64 97 46 34 9 65 118 102 94 9 31 104 62 107 90 51
40 50 54 21 27 111 93 123 80 122 63 46 34 16 7 98
113 53 5 123 118 123 97 84 4 0 61 67 108 23 118 20
29 83 34 77 4 47 44 38 22 18 68 77 45 24 70 31
10 0 116 103 59 38 125 3 92 45 89 36 31 104 118 60
59 24 9 63 72 53 102 94 72 42 44 117 66 114 20 76
114 8 51 45 46 48 49 10 94 10 46 125 115 37 57 46
61 67 110 5 120 84 100 64 126 16 53 64 2 73 12 116
82 64 33 0 112 82 11 78 93 57 75 80 94 5 126 28
72 108 33 64 64 5 1 62 21 54 126 23 0 11 11 82
75 45 82 59 127 93 10 92 23 85 44 117 90 43 17 34
23 51 99 88 56 100 22 78 26 21 101 26 32 113 108 107
30 63 38 29 28 48 122 51 6 38 41 96 81 58 3 105
109 102 65 38 74 87 116 100 108 89 127 12 74 107 119 104
42 30 6 71 78 0 122 84 38 35 53 120 94 56 97 75
30 34 113 104 121 101 76 102 63 75 114 9 55 106 114 97
8 120 40 86 120 35 43 30 70 96 22 36 24 119 112 54
25 97 30 19 71 106 121 6 54 107 15 109 85 1 78 93
121 119 52 113 26 95 16 96 63 38 5 87 30 117 13 55
86 43 74 29 21 67 35 75 47 51 56 4 52 7 98 46
126 22 31 24 117 47 120 52 86 125 11 116 114 24 43 73
67 118 102 88 57 10 36 104 61 92 109 113 99 79 31 97
101 63 121 90 110 114 14 68 111 25 56 98 49 100 43 116
90 17 76 19 27 112 124 88 77 105 74 48 56 105 18 29
40 11 119 23 125 5 91 109 30 20 79 79 120 122 67 82
11 15 101 39 0 97 127 77 74 73 125 2 51 15 31 91
27 22 114 24 27 78 5 57 98 84 8 90 78 75 44 90
91 17 1 91 115 0 40 61 74 37 64 125 53 95 88 80
118 75 104 17 25 110 75 123 66 83 85 17 31 1 107 122
18 108 85 5 108 125 67 54 34 3 51 87 98 12 39 88
87 16 106 112 126 53 107 64 8 64 81 39 65 60 33 83
40 118 89 21 115 28 75 22 31 127 109 1 11 21 90 98
37 68 82 35 121 61 99 1 125 53 41 62 113 74 17 26
65 106 47 52 6 122 74 37 121 56 39 4 77 1 102 114
69 56 21 62 117 120 63 114 45 104 48 31 51 66 57 116
