118 51 9 83 83 114 93 119 81 117 11 51 52 100 44 15
68 46 76 24 106 69 125 32 92 13 119 64 16 28 78 6
79 87 89 35 74 54 26 27 43 38 78 95 10 122 110 79
41 58 103 19 0 100 52 92 113 43 28 1 71 107 7 23
66 96 58 12 22 84 39 65 122 118 33 5 112 15 84 25
74 59 45 74 32 97 38 17 12 67 19 83 46 26 106 112
123 36 125 17 121 36 83 115 26 116 120 11 3 76 36 77
8 81 23 40 50 62 57 62 1 76 18 47 103 124 31 98
33 28 115 26 65 70 13 91 58 6 102 62 82 11 11 90
92 35 2 15 97 60 77 98 8 95 17 111 92 48 81 125
77 69 23 14 11 36 105 70 42 80 4 125 91 15 87 55
50 90 70 19 22 20 117 30 115 6 14 79 55 95 76 4
36 99 18 48 8 123 118 50 75 122 47 38 9 7 94 60
97 36 79 119 56 69 21 44 75 35 123 2 3 72 6 39
43 24 87 51 20 77 102 95 71 21 6 81 28 100 13 125
8 92 116 65 33 10 109 109 45 104 111 48 48 118 88 92
14 47 15 34 125 117 2 68 11 8 21 39 108 34 37 116
127 25 53 32 35 34 13 81 11 125 1 59 115 89 23 1
9 39 36 6 28 38 74 39 46 96 79 26 2 116 14 1
13 68 34 49 102 47 2 113 44 3 45 31 93 68 33 102
107 69 108 8 107 54 47 25 22 126 51 25 114 65 26 0
5 60 49 108 108 51 93 24 54 10 56 19 79 89 121 58
30 101 66 9 28 114 34 50 112 85 75 99 22 102 99 28
34 20 8 14 71 101 39 125 112 95 17 63 56 10 121 86
112 60 95 12 46 1 62 30 86 10 1 108 112 100 8 18
120 16 33 63 118 72 61 102 39 78 37 95 88 30 53 72
90 20 84 8 21 19 39 107 29 40 87 13 13 96 31 5
112 64 69 102 8 2 76 47 80 113 14 40 16 67 113 106
87 69 115 108 88 26 87 117 66 47 2 79 15 34 85 127
98 26 102 107 28 50 26 108 36 41 20 52 108 5 30 68
75 17 48 35 43 8 25 110 55 27 61 70 61 18 69 32
44 43 11 72 94 37 52 2 78 73 54 59 78 84 127 25
76 6 5 38 79 62 75 22 99 25 115 101 53 25 107 36
123 56 11 72 77 29 126 60 8 66 19 43 50 76 102 126
83 107 36 34 41 112 56 13 9 43 114 63 68 94 99 63
22 111 7 99 12 6 31 20 72 50 63 122 127 37 120 82
16 28 116 57 12 44 70 22 87 57 85 28 23 56 91 45
39 99 16 51 105 47 71 49 98 6 43 97 43 35 51 59
63 39 117 76 83 59 98 42 116 55 70 11 111 34 56 23
5 72 74 110 120 18 31 90 24 74 59 68 109 110 127 44
21 116 120 104 48 90 18 36 17 89 48 1 123 104 24 0
49 98 110 41 116 13 3 13 87 62 81 68 44 80 112 65
69 105 41 117 67 59 25 85 20 73 86 15 50 110 15 99
80 125 12 69 10 15 82 97 77 35 37 121 115 22 58 56
127 99 45 66 30 71 23 51 16 109 66 66 91 82 37 44
79 49 113 90 64 67 59 13 102 97 6 89 119 64 18 118
35 63 56 66 6 80 117 23 61 55 89 25 9 127 69 89
48 54 51 113 121 110 126 95 79 5 56 70 69 74 60 105
10 117 43 16 69 32 39 2 87 1 27 97 0 96 58 48
22 109 33 15 91 32 110 43 37 39 113 106 113 46 83 123
35 126 12 104 30 51 106 118 52 6 87 52 102 17 101 125
126 6 12 89 38 123 4 75 34 118 54 19 36 9 15 71
8 27 47 38 78 25 28 3 31 115 55 6 4 28 3 2
35 15 92 73 10 96 21 44 86 75 64 122 84 79 65 92
106 112 3 56 10 31 59 41 19 115 47 23 15 50 26 50
66 118 124 76 86 17 121 45 92 57 39 48 8 105 13 114
89 16 42 99 47 102 13 66 89 60 90 104 111 116 27 49
106 23 125 64 40 118 109 4 47 21 52 55 126 65 41 87
81 84 59 1 58 72 67 19 4 29 123 115 17 22 36 123
45 34 60 85 24 41 89 72 62 14 127 60 79 41 20 33
125 79 34 55 23 101 74 27 3 69 15 20 92 51 16 9
85 76 95 110 117 56 54 52 70 53 112 22 94 4 55 91
83 89 18 106 62 92 6 65 34 21 86 126 72 102 7 30
50 102 12 39 31 66 91 101 119 76 123 86 80 50 49 36
108 35 40 42 125 97 126 0 39 105 70 7 10 56 115 64
4 10 111 64 13 29 100 121 75 101 111 91 15 25 111 123
60 23 38 57 121 36 57 32 13 127 39 23 55 26 88 60
36 71 124 50 101 96 43 48 70 26 12 85 51 123 81 111
18 119 41 11 27 98 43 40 98 82 63 25 109 23 85 17
95 81 67 68 50 110 116 120 8 0 77 59 123 30 43 14
21 84 25 48 54 69 88 24 23 24 50 4 47 7 22 14
89 89 82 11 72 71 3 80 71 80 12 67 111 55 81 4
11 106 53 65 47 13 90 71 37 12 75 85 19 97 99 108
59 54 119 3 125 122 83 68 75 95 7 58 22 88 62 33
67 115 99 114 1 61 57 38 73 5 123 92 102 95 73 33
21 64 36 18 59 120 86 6 87 94 64 110 54 126 15 121
114 114 108 115 47 37 25 120 42 21 85 17 116 30 50 9
94 87 27 25 79 113 31 38 79 95 20 6 94 36 127 80
22 107 67 70 17 92 62 59 113 19 76 101 49 127 110 16
86 9 41 37 123 73 75 74 40 96 80 6 4 80 86 26
59 25 96 76 118 31 8 103 50 84 77 100 83 59 116 41
69 29 78 64 102 26 10 15 122 91 21 126 43 108 24 102
5 121 51 123 24 59 99 74 15 48 46 99 107 34 12 48
64 91 112 38 117 123 53 111 86 75 109 1 55 5 103 60
126 26 56 22 85 27 97 101 75 15 72 54 50 84 103 114
47 87 24 36 82 78 19 40 25 0 41 80 6 17 12 4
43 68 27 1 95 124 102 42 11 46 97 61 2 72 47 50
31 72 86 114 22 106 26 47 106 68 127 112 85 11 117 0
80 16 1 47 12 103 90 23 21 59 85 24 3 4 74 34
76 32 20 98 10 47 17 117 115 16 101 72 28 90 72 108
106 74 27 118 49 117 14 71 48 99 95 51 103 41 86 52
73 106 22 84 25 40 73 12 56 46 84 84 9 29 64 115
103 92 106 24 81 120 95 2 91 62 53 66 103 11 118 49
118 13 5 15 53 78 28 109 124 112 66 5 13 2 121 116
94 99 13 48 91 108 50 54 43 103 120 18 115 111 67 105
124 72 120 49 22 20 30 19 5 96 24 18 99 17 7 65
114 42 87 75 61 110 27 87 75 64 0 82 44 35 105 6
113 81 120 82 88 15 46 119 27 58 113 95 55 125 21 41
39 108 116 100 90 15 60 37 80 60 120 124 96 97 3 81
51 123 36 11 10 82 3 37 13 116 4 68 113 25 109 24
5 97 124 96 113 56 5 65 117 125 61 85 95 64 38 18
59 74 29 69 29 32 106 42 20 111 110 5 8 91 29 14
60 26 110 45 82 115 110 71 113 44 28 80 108 67 98 40
13 127 109 42 32 88 84 52 71 66 58 79 29 87 93 90
113 75 7 68 63 118 11 48 34 40 0 14 107 98 54 120
97 36 35 1 124 119 54 67 58 112 18 87 71 112 49 57
59 57 125 122 47 8 42 81 48 42 95 27 12 22 20 110
58 55 111 54 46 37 121 104 21 11 64 93 123 113 22 55
42 19 49 89 27 92 42 76 6 10 103 19 32 123 1 90
50 112 16 97 22 9 73 43 20 9 8 16 123 30 71 37
49 120 127 77 84 41 25 91 51 0 110 83 124 111 45 46
95 61 15 117 70 89 33 91 98 41 107 93 72 50 3 121
42 2 70 127 43 95 90 95 96 72 50 92 55 96 10 22
29 26 12 100 115 45 63 85 86 42 51 30 92 54 24 6
56 94 5 99 62 95 66 30 39 117 122 94 85 4 117 114
30 1 86 17 46 21 103 4 63 26 35 27 80 59 34 8
25 39 107 87 7 46 117 46 35 111 13 120 116 2 106 18
3 65 36 49 86 11 53 22 37 88 49 117 19 83 125 45
123 104 4 2 22 122 48 57 105 61 49 93 63 28 112 66
93 20 115 51 31 41 73 68 1 123 57 21 78 54 66 73
30 70 75 53 64 124 110 42 57 32 7 121 60 119 59 25
11 47 76 42 88 22 110 89 17 39 110 95 93 48 41 124
119 116 49 55 112 31 97 42 63 105 35 123 96 94 20 108
13 97 22 101 119 5 63 8 44 45 103 10 94 16 6 85
5 55 12 117 86 110 31 22 87 66 17 55 33 38 35 46
7 58 20 126 63 83 6 107 0 109 117 94 126 123 51 3
50 64 120 9 46 24 31 5 90 48 60 123 86 96 42 93
26 62 91 89 17 97 68 17 79 58 112 77 53 35 80 104
11 91 65 33 123 4 51 7 29 113 88 0 22 15 96 119
7 107 33 120 116 4 35 118 89 85 87 0 44 89 86 55
52 23 88 47 27 11 55 57 125 15 57 19 30 25 10 38
5 43 30 121 47 65 111 8 22 70 8 66 31 94 122 84
118 82 3 17 94 58 74 91 74 3 110 104 29 121 14 34
36 45 27 84 110 10 92 5 80 101 71 112 67 65 68 57
20 71 75 114 2 21 77 76 25 59 52 54 52 67 88 89
112 115 45 94 125 9 99 77 110 43 61 50 108 1 107 0
73 54 114 75 76 63 23 101 123 75 27 47 14 115 8 126
102 53 93 99 63 64 48 45 107 110 95 88 111 75 88 56
1 75 3 77 10 26 50 5 102 77 53 116 64 61 115 38
115 80 9 50 16 58 95 124 40 63 84 23 10 44 80 11
119 83 89 2 110 11 7 84 89 60 72 25 122 59 64 109
11 73 31 28 3 126 24 43 61 108 67 71 24 19 83 16
102 44 18 84 55 25 40 16 86 113 42 80 44 106 61 56
51 92 84 55 90 108 98 24 88 37 95 112 56 50 0 31
94 18 115 22 44 28 38 2 13 80 82 57 58 15 113 110
107 69 37 69 49 7 93 9 45 61 122 101 111 122 4 78
13 120 100 57 20 10 59 33 91 13 90 21 28 76 3 7
17 40 76 67 48 42 76 93 103 70 66 86 65 71 36 78
63 8 7 83 19 66 116 110 79 78 3 107 26 7 114 44
47 62 111 95 104 59 60 79 2 127 38 67 70 74 17 5
83 24 88 102 90 76 84 41 26 87 20 53 94 6 97 14
68 80 109 45 11 42 124 13 41 34 80 111 109 97 116 64
121 76 38 83 24 122 124 50 81 16 103 48 22 72 62 91
24 43 8 36 85 4 49 126 39 2 109 20 99 97 84 93
45 122 48 69 116 45 120 69 61 95 117 84 40 51 47 64
95 55 100 52 59 22 51 98 24 32 118 123 2 74 88 47
68 9 117 56 54 109 126 115 76 115 71 116 39 118 53 6
45 25 58 105 47 109 75 71 14 66 67 16 12 27 63 81
36 52 9 90 33 7 78 110 123 21 98 34 12 23 40 57
49 98 34 96 80 110 40 94 48 107 110 60 6 45 13 43
75 95 98 100 5 114 51 81 27 71 112 117 11 33 17 106
14 101 118 63 6 3 6 83 120 112 85 34 28 8 109 103
104 80 75 109 66 127 62 93 70 46 83 81 80 100 60 94
73 50 29 79 53 36 34 45 20 119 79 48 0 61 24 104
13 99 85 79 98 19 45 40 65 0 122 17 100 54 111 45
104 13 124 30 49 31 75 69 22 27 117 22 88 13 126 101
113 83 52 83 102 97 124 40 97 118 57 69 44 41 114 20
54 111 50 103 14 126 44 36 25 33 59 113 47 57 86 32
13 10 115 115 108 111 27 77 101 85 19 17 126 5 38 52
116 88 27 2 86 71 39 111 104 98 96 23 27 54 55 40
65 43 28 45 26 55 122 0 12 13 17 10 19 55 62 7
16 89 10 102 32 49 86 9 19 54 32 46 109 88 87 46
3 115 91 29 42 85 29 55 99 47 65 118 102 0 125 118
89 7 93 122 56 51 3 75 105 35 122 86 123 81 4 126
68 95 28 110 53 57 37 24 104 103 14 79 103 11 69 64
19 34 58 75 85 61 23 63 97 17 21 92 98 26 91 38
121 119 20 46 48 58 70 25 33 84 104 8 96 45 72 115
80 3 62 37 64 85 100 33 102 122 126 72 20 89 110 13
80 3 60 0 61 2 25 94 87 1 102 55 47 46 42 127
49 104 36 114 62 9 19 36 3 17 109 23 106 91 36 58
94 96 59 27 99 84 121 58 86 95 113 5 14 27 4 63
3 40 49 65 49 69 102 52 86 83 75 65 46 112 123 13
80 54 40 51 11 34 109 97 1 94 102 15 121 106 79 125
18 0 62 68 69 36 120 28 119 68 93 38 52 88 51 4
15 91 56 26 125 37 123 127 4 97 14 125 75 93 122 93
94 57 33 35 93 26 63 85 94 28 123 18 117 46 22 4
9 78 30 7 116 25 6 120 122 20 117 69 114 112 34 80
41 68 115 6 94 51 91 60 79 86 78 68 4 100 72 14
51 102 21 39 127 27 31 121 47 20 62 33 4 97 113 45
37 101 52 3 24 15 63 103 102 13 44 106 113 116 120 36
91 13 75 90 40 106 84 88 127 18 121 3 115 107 49 24
80 101 27 104 116 90 79 90 103 123 69 89 112 61 125 75
123 37 116 112 47 79 107 115 82 54 84 2 96 7 18 109
19 72 31 58 83 48 62 123 74 79 56 45 27 47 119 22
84 107 6 3 58 113 118 12 39 74 15 8 82 33 117 101
106 20 31 61 69 93 56 15 45 113 60 72 32 51 94 116
30 101 120 89 86 110 101 126 57 116 6 11 22 123 112 0
16 16 61 85 109 117 100 26 102 32 98 6 83 65 123 113
38 115 74 124 97 48 122 26 36 0 37 58 124 22 58 12
38 119 97 19 109 69 46 83 101 16 90 56 81 85 41 119
72 116 116 41 36 110 68 72 111 105 3 107 127 61 119 37
53 88 57 34 29 103 117 2 119 79 58 73 36 99 64 108
87 52 22 123 35 90 68 18 67 71 125 67 4 116 104 57
76 33 91 105 8 81 107 0 32 37 73 69 8 9 49 96
62 71 91 97 33 31 115 101 102 112 40 107 100 16 36 48
50 0 25 58 81 4 58 113 41 3 54 49 13 104 17 75
47 109 44 81 12 31 54 115 15 94 94 115 110 2 35 32
2 60 91 83 64 21 69 105 25 123 26 38 99 44 113 19
25 29 100 37 60 26 24 75 120 118 62 102 121 97 7 123
29 98 79 93 119 20 70 16 15 96 54 115 12 39 6 37
68 106 75 0 4 99 75 124 90 9 98 83 106 105 78 7
75 29 100 67 49 42 83 65 11 10 52 23 49 58 61 118
36 8 118 40 107 66 36 69 75 6 24 54 112 103 61 59
4 34 126 54 76 82 119 87 92 43 111 13 101 44 3 9
52 122 49 31 60 85 101 7 91 125 61 75 100 123 7 105
29 5 31 105 87 22 65 51 65 48 65 38 92 68 47 16
62 96 47 122 53 20 2 16 18 63 92 118 58 99 95 87
104 126 65 64 20 2 115 85 50 52 123 14 121 42 30 55
10 77 50 63 98 52 80 116 115 44 106 46 15 74 5 119
72 70 55 93 72 43 50 122 95 46 8 88 88 38 16 99
116 66 34 86 118 114 74 105 30 52 23 45 126 29 37 71
99 92 36 44 7 86 38 103 4 47 63 93 85 79 64 73
17 98 31 7 85 105 113 115 30 8 33 28 37 70 99 9
34 7 53 42 94 91 17 98 10 80 63 96 32 127 41 49
85 64 7 19 21 20 124 25 37 57 43 65 121 101 78 120
22 124 91 66 69 73 23 40 45 24 0 41 14 102 12 99
38 19 118 59 39 114 85 77 43 0 14 36 101 92 28 123
89 120 62 30 65 85 70 110 110 71 24 124 45 36 95 83
55 85 15 95 71 100 44 114 100 58 23 73 22 51 68 111
43 2 13 109 88 84 91 70 27 115 66 72 23 33 27 79
118 42 46 61 14 90 47 114 20 70 59 42 122 0 26 37
2 39 18 90 123 110 32 22 97 98 94 121 3 122 72 121
36 118 54 51 80 102 37 100 44 97 14 38 97 40 76 99
80 94 62 75 76 94 98 46 65 64 39 68 58 111 62 95
101 116 18 53 90 55 25 7 24 39 45 121 80 121 93 32
88 27 107 36 121 77 82 58 14 121 127 72 104 61 39 77
49 57 2 12 113 27 19 9 67 64 3 19 58 96 51 18
123 30 54 116 108 9 47 122 2 46 66 107 107 106 56 28
35 59 40 20 86 59 30 25 124 33 44 54 1 95 72 124
126 126 112 106 7 31 100 10 77 38 117 56 16 45 85 52
104 125 72 63 57 102 88 53 7 5 107 8 100 51 4 98
49 117 76 57 20 48 67 98 87 56 26 103 101 111 27 78
109 100 13 38 74 101 91 82 106 70 90 79 121 95 49 42
84 126 99 104 46 38 74 5 94 101 109 68 84 8 18 65
108 31 103 55 4 66 9 111 8 99 62 1 66 111 44 22
109 15 127 28 54 73 33 20 46 14 88 3 23 106 68 3
9 44 58 14 110 67 125 119 39 59 120 105 42 36 0 24
52 127 52 106 72 85 126 119 100 87 122 123 65 62 126 75
106 57 89 89 124 86 80 35 17 72 13 59 109 13 83 33
12 7 11 84 93 9 75 65 96 69 60 34 4 58 109 110
115 70 71 112 28 23 19 45 96 32 104 77 45 60 110 57
67 121 14 32 2 89 97 99 31 29 5 35 88 114 17 75
56 89 59 84 112 79 1 80 111 105 29 29 37 11 86 105
4 100 9 7 62 107 106 93 8 111 0 96 97 17 44 25
106 103 109 91 54 110 43 38 87 73 67 125 84 25 102 89
126 111 96 60 90 74 25 99 57 25 67 26 42 111 51 21
68 68 74 41 124 74 88 69 50 100 114 116 121 5 30 19
26 26 51 71 34 41 96 61 27 115 110 61 27 50 44 96
118 118 9 115 64 97 56 115 70 43 103 63 48 5 82 75
32 6 18 66 47 114 0 74 101 110 8 1 32 52 97 23
42 106 10 107 76 66 94 18 109 69 81 30 75 35 105 107
41 123 45 89 110 45 35 83 28 43 84 60 95 53 83 10
32 93 117 108 32 83 126 13 24 79 43 99 114 20 78 28
16 124 117 126 41 24 81 69 68 38 2 35 91 85 45 123
51 34 103 83 117 101 96 14 52 12 113 39 32 64 67 48
60 56 46 101 80 0 43 20 38 45 56 1 2 101 125 53
8 100 8 125 74 105 11 126 117 125 37 21 61 104 70 121
32 116 94 113 116 9 5 26 54 61 28 57 35 25 110 43
125 119 40 71 96 52 70 85 49 107 106 110 84 48 103 116
37 69 101 25 79 107 52 5 40 80 62 75 105 45 118 102
36 31 46 4 83 116 89 4 95 67 114 51 116 89 40 25
30 13 50 109 120 102 115 33 54 49 108 31 94 99 6 2
2 52 6 85 40 95 89 7 35 75 59 23 36 99 48 66
112 98 48 105 73 35 10 127 84 118 31 51 89 37 53 91
89 60 48 1 27 9 8 62 84 67 85 120 38 5 59 23
104 107 0 49 14 10 48 98 0 79 21 90 116 75 53 77
7 102 78 34 111 87 97 68 26 54 60 65 60 119 88 36
98 88 85 112 98 5 83 98 85 104 60 73 51 114 23 58
88 101 93 71 60 62 11 87 116 72 24 48 63 112 84 34
72 41 18 42 47 101 12 4 78 73 77 1 59 100 60 19
74 25 90 6 87 102 93 75 46 117 124 109 101 80 15 45
122 34 87 41 7 100 45 85 45 122 87 104 95 19 123 41
44 85 47 3 59 13 78 105 2 74 87 104 27 102 21 21
8 109 62 16 81 107 101 126 101 60 102 68 79 97 109 123
54 29 126 114 42 77 91 44 23 50 20 50 25 42 71 33
23 5 49 104 112 23 102 86 83 76 26 35 45 8 30 99
37 29 85 79 106 49 123 1 99 16 52 124 58 123 30 81
1 79 57 113 102 31 71 58 107 98 93 24 106 123 123 15
79 64 91 109 106 39 112 68 79 71 70 81 101 105 103 13
55 52 124 72 12 25 83 77 79 32 96 37 37 35 107 117
100 70 98 78 110 82 18 61 25 88 14 127 65 117 12 120
41 8 65 54 33 20 3 112 52 99 21 90 7 0 79 107
70 49 57 52 3 75 113 28 35 127 27 100 116 39 92 30
47 29 84 80 49 87 64 102 59 85 64 66 85 15 45 28
64 102 80 67 49 66 95 84 65 123 56 54 34 20 84 82
50 40 34 99 127 99 73 58 56 9 124 14 24 41 42 88
15 122 27 64 60 123 20 126 118 76 52 24 97 8 106 19
48 13 118 47 112 64 106 40 73 102 54 98 16 96 58 31
91 86 96 23 81 116 21 71 65 73 95 34 81 74 53 1
87 43 49 71 107 27 111 53 1 38 23 17 6 81 49 97
39 17 121 120 5 14 63 70 88 31 104 41 105 29 43 64
73 92 7 52 119 118 105 120 28 0 10 35 82 59 4 121
76 125 114 81 12 49 24 100 80 0 13 57 30 56 121 103
20 0 27 11 119 5 4 19 5 14 54 87 73 59 81 21
56 67 102 68 116 126 40 69 127 54 126 29 110 120 4 3
120 31 14 111 36 18 3 42 32 57 1 105 116 82 126 45
21 101 113 10 99 26 79 98 80 77 127 62 69 3 65 62
35 80 45 71 98 48 113 3 106 115 108 94 69 107 11 91
80 125 101 51 23 52 22 103 1 21 37 71 25 103 5 60
55 50 3 25 99 117 28 77 104 9 43 45 116 55 8 68
52 109 119 75 33 13 50 35 35 87 106 60 62 111 120 117
33 123 15 4 112 43 81 88 52 125 6 40 52 14 108 104
124 100 51 29 113 101 64 20 60 42 80 123 25 72 112 59
68 127 63 52 43 17 13 95 14 19 8 66 33 116 42 29
88 93 59 74 66 123 94 126 38 47 121 63 119 106 122 59
105 58 112 20 75 125 116 89 16 124 27 49 112 69 79 73
34 10 19 100 5 113 98 43 32 92 107 24 70 101 83 47
31 67 68 106 64 56 67 80 52 94 2 36 35 81 109 69
91 0 41 96 114 12 12 18 104 119 42 46 92 126 93 124
65 33 102 2 89 42 82 13 8 84 50 44 37 31 113 0
