118 31 122 92 5 62 45 1 121 52 117 13 116 0 100 1
5 4 68 50 64 43 63 100 56 22 86 116 56 2 78 47
33 73 11 38 7 56 40 0 108 29 13 97 29 113 98 34
117 38 84 54 81 19 26 9 42 112 125 98 114 76 17 20
21 29 58 28 85 98 28 66 127 41 35 28 27 5 63 16
43 19 70 124 39 96 5 81 80 3 51 67 79 69 87 100
98 17 0 55 116 28 121 115 69 28 16 96 33 79 113 76
98 55 72 9 24 78 90 104 81 14 43 32 83 2 4 53
20 4 108 8 32 102 123 101 2 11 70 36 90 55 112 61
110 57 70 6 7 33 111 88 47 26 120 2 29 124 55 49
0 35 57 32 9 52 5 12 64 75 48 26 2 32 87 113
89 30 119 96 63 102 56 110 1 48 112 30 44 39 79 44
74 8 76 84 60 82 96 124 29 16 23 32 48 110 17 10
12 8 106 75 111 35 57 112 83 41 14 0 80 93 44 27
101 121 111 33 75 79 30 104 95 53 8 15 35 25 25 48
34 4 123 17 39 53 1 122 94 15 122 47 108 39 74 81
32 57 114 107 8 16 83 103 69 92 118 105 117 16 25 23
20 20 40 59 73 41 53 40 56 48 87 36 87 33 117 119
90 104 98 98 120 53 73 62 17 63 39 7 79 64 30 99
84 71 30 30 112 84 70 41 4 29 77 91 62 67 82 24
43 52 122 35 105 67 97 123 2 8 2 82 72 32 53 29
103 84 59 88 40 1 1 44 30 78 7 92 17 89 116 60
13 110 96 118 49 65 113 51 74 115 5 18 20 59 47 123
15 106 83 55 107 84 99 9 35 106 101 52 67 89 113 80
71 81 70 120 18 56 44 92 43 49 111 63 108 30 59 123
9 14 50 116 99 21 126 6 127 99 58 66 61 43 18 4
124 89 125 15 17 41 107 60 90 90 124 71 121 55 66 2
69 117 118 40 10 116 46 10 88 105 76 21 20 95 25 17
56 22 32 73 63 11 5 26 102 1 97 95 56 35 97 126
24 87 38 35 76 85 45 36 62 121 57 82 88 82 99 16
105 3 89 40 15 95 66 117 96 35 84 25 71 53 23 95
12 61 2 88 18 47 124 80 41 53 35 1 8 6 18 113
108 124 47 86 121 61 27 3 124 118 78 75 79 44 5 123
64 105 50 89 124 80 56 42 16 3 1 1 17 53 108 125
49 27 83 43 89 110 46 85 100 124 32 51 40 38 47 104
15 97 65 11 50 121 54 66 125 55 67 14 108 48 11 30
75 94 73 36 76 119 121 48 115 26 100 27 64 19 4 79
116 69 91 38 63 17 104 60 72 44 74 53 92 85 83 39
51 28 76 127 19 69 47 6 95 19 33 31 38 37 111 27
107 74 65 42 91 42 102 35 86 48 88 50 5 43 89 56
71 37 55 90 107 102 96 74 122 2 106 32 39 89 59 18
35 125 60 126 39 34 33 125 82 122 47 87 37 8 15 109
46 70 71 25 45 40 99 39 42 77 71 81 38 3 100 73
0 32 71 39 67 105 36 21 99 83 109 8 91 124 117 9
67 61 34 112 101 6 23 15 83 94 96 122 97 68 67 97
101 11 8 40 116 44 61 87 127 42 95 91 39 85 100 106
18 7 90 119 13 113 6 96 79 102 90 49 43 30 18 16
41 27 56 29 71 117 116 71 32 83 34 71 40 6 49 58
13 11 49 26 124 55 123 75 30 85 124 73 115 15 89 28
42 17 57 113 6 45 56 38 1 90 109 41 97 30 100 110
41 21 9 37 77 4 113 107 89 109 52 77 124 13 105 38
30 35 24 36 80 80 75 81 43 56 123 12 87 95 122 0
116 3 38 65 7 23 44 97 4 96 46 1 109 23 39 11
58 63 48 11 16 123 92 59 51 87 71 10 54 65 11 43
69 49 108 76 72 25 45 76 121 91 77 103 115 117 114 45
52 34 56 68 29 21 127 81 108 70 91 35 8 102 78 77
23 58 25 95 83 71 44 77 34 121 52 21 110 38 67 35
73 123 103 102 16 103 55 125 45 19 32 53 121 110 2 17
40 28 112 124 99 28 73 5 22 125 27 4 35 94 39 108
89 15 83 106 118 10 103 35 29 7 89 23 117 91 40 29
119 24 25 90 53 98 96 75 95 123 79 3 89 119 111 50
6 66 28 124 77 3 31 106 10 120 1 127 84 41 29 75
66 54 38 119 25 6 66 120 1 17 123 90 8 107 12 14
45 41 10 122 44 42 101 55 34 102 54 118 16 83 66 82
103 60 11 29 76 105 3 101 51 65 66 80 50 112 103 117
127 115 127 74 45 69 83 20 85 51 53 63 121 41 37 96
101 48 125 50 26 1 23 77 66 89 30 116 73 5 106 72
121 105 18 38 46 102 59 4 25 112 67 18 25 104 115 126
25 112 48 51 113 72 0 52 33 30 40 107 36 18 51 29
124 70 67 42 44 126 46 69 110 114 88 7 90 75 6 115
59 54 38 45 126 39 97 32 69 9 11 105 28 62 6 24
4 74 66 48 72 113 118 55 99 78 62 61 25 68 49 84
123 87 1 121 126 98 25 68 108 36 45 8 99 52 32 103
126 98 24 70 83 14 125 54 92 60 116 117 0 37 73 123
124 75 117 123 45 14 63 25 51 108 33 22 32 65 125 30
36 21 101 119 35 98 46 127 30 34 116 31 71 62 26 67
9 15 62 54 30 125 80 81 106 113 103 10 51 100 41 87
122 14 78 29 112 124 29 15 30 17 46 101 79 72 41 88
88 103 15 118 101 95 71 79 80 46 89 3 18 2 90 12
16 41 42 1 37 71 16 68 88 62 41 40 6 82 0 94
58 15 84 31 110 27 110 63 73 71 66 92 74 29 104 90
70 18 91 107 89 107 47 50 41 89 90 48 43 90 14 101
106 99 4 88 126 114 23 72 58 90 36 4 119 12 94 61
31 58 40 120 37 88 42 79 49 4 127 92 95 13 66 73
112 70 33 111 57 57 55 115 19 91 119 10 103 85 71 6
15 111 127 53 71 41 4 120 46 3 85 13 16 23 86 1
93 119 112 22 48 39 9 67 2 0 77 105 86 20 112 101
4 111 26 75 24 30 68 70 33 25 83 50 48 41 51 13
33 35 36 81 74 45 21 76 46 98 53 4 119 37 105 123
20 4 70 45 34 10 115 68 35 71 118 83 112 41 97 17
76 5 99 22 50 120 98 96 90 23 100 81 61 78 76 81
82 19 126 116 29 114 56 65 57 46 20 41 87 117 59 35
122 30 57 45 22 27 13 112 51 114 66 112 64 14 65 18
33 64 6 63 50 63 0 107 109 20 20 69 10 79 104 4
109 34 49 3 61 63 116 112 49 54 96 113 68 34 3 102
98 9 37 20 72 37 127 54 57 19 123 67 99 99 72 80
36 54 72 45 83 75 21 117 70 31 24 110 18 28 79 38
69 49 87 77 41 70 22 64 81 116 66 63 18 44 50 54
99 122 100 54 69 121 44 11 24 68 122 43 96 73 81 37
122 40 114 35 110 9 100 63 125 38 126 16 82 49 70 53
43 42 108 113 35 24 124 60 92 118 103 61 63 56 98 58
96 85 93 78 94 65 13 91 103 12 107 58 61 50 111 104
92 91 89 0 115 86 60 80 76 35 13 12 91 111 70 59
68 35 9 34 101 22 126 76 34 105 6 95 27 118 72 120
81 33 120 69 119 52 21 68 87 34 80 50 17 22 109 86
57 118 120 30 12 118 107 47 96 113 14 123 103 86 115 57
120 107 126 111 31 19 51 118 53 3 40 70 25 21 28 83
11 21 113 24 11 92 71 107 78 85 103 53 44 90 110 36
70 108 19 101 127 71 92 52 74 4 123 100 26 23 55 37
44 40 61 56 5 4 35 83 90 10 8 6 101 119 42 43
99 61 16 99 4 108 23 79 113 18 51 11 42 106 48 86
18 110 14 23 114 50 106 76 60 115 82 33 106 124 76 77
58 93 48 62 73 72 13 58 90 64 69 4 42 118 91 61
100 105 84 86 27 63 35 88 50 117 121 28 114 70 105 44
35 26 106 108 98 120 39 60 56 108 65 99 98 28 32 70
5 116 29 33 51 64 121 101 53 114 1 39 56 107 83 91
5 62 72 103 54 111 35 110 91 100 81 62 0 113 4 6
102 33 39 25 97 32 127 23 18 0 62 75 107 18 38 112
80 110 87 6 93 123 116 57 95 70 119 96 55 123 102 29
29 13 55 126 45 54 21 63 54 84 10 34 102 49 18 54
31 106 60 125 101 48 54 68 118 45 36 46 40 10 75 69
23 2 68 68 56 89 4 111 45 14 17 19 63 35 73 95
13 5 92 114 54 18 55 44 63 91 90 103 102 38 45 125
40 113 66 97 74 70 80 120 84 97 11 20 4 85 115 18
90 79 4 16 97 59 61 32 23 23 7 125 61 52 122 102
37 60 71 112 2 23 104 87 120 115 107 124 72 94 14 35
45 19 51 14 78 112 46 101 8 53 98 69 106 93 43 15
25 114 127 28 9 103 115 1 91 94 126 35 60 12 70 105
126 113 91 36 84 70 81 73 49 25 76 72 38 103 103 76
96 36 94 51 116 113 7 99 62 41 39 65 50 48 115 48
33 78 84 117 20 38 63 69 63 11 14 101 115 117 50 83
25 16 6 14 2 13 113 64 54 24 1 104 72 116 24 106
66 109 95 87 19 30 28 82 42 42 56 29 31 106 112 57
122 118 71 124 4 56 61 58 81 62 35 25 51 59 3 117
40 99 76 59 1 105 14 43 19 70 72 51 48 56 108 42
47 51 39 51 107 100 109 60 34 16 86 85 76 89 75 116
60 23 48 62 0 62 105 20 4 50 71 52 106 51 94 25
102 5 76 81 105 58 14 12 74 100 97 22 61 44 11 122
68 59 56 68 121 33 88 125 83 31 49 62 82 15 87 56
21 36 10 126 94 24 10 40 124 108 63 57 24 74 51 92
5 107 33 126 13 121 123 96 25 44 30 107 59 118 36 80
26 46 79 120 70 89 32 66 69 95 123 94 41 47 58 46
26 91 44 39 85 39 8 110 83 38 89 15 28 125 95 54
43 46 46 113 8 79 51 77 46 47 43 88 94 102 6 120
65 51 32 22 90 40 4 46 78 94 61 107 91 28 33 7
75 80 120 83 31 44 32 77 91 76 37 57 50 44 49 115
95 81 10 57 121 14 103 72 108 36 51 72 65 84 79 12
36 71 95 67 115 127 17 78 75 54 7 125 98 57 113 65
10 123 123 4 9 98 76 118 7 127 62 72 83 13 84 120
84 51 59 72 50 76 22 126 3 30 123 101 87 108 39 97
103 34 101 113 4 49 103 11 48 37 83 4 50 39 124 6
90 55 78 13 4 101 11 7 3 6 108 90 115 19 59 90
53 33 75 58 82 50 69 3 87 25 7 9 64 3 16 27
58 94 40 62 67 51 69 70 57 50 32 44 69 92 7 123
125 82 53 79 5 122 82 92 19 89 102 84 92 118 111 23
84 23 85 24 74 27 94 3 77 127 48 18 91 55 13 88
9 66 39 14 61 122 107 80 83 81 36 48 71 19 71 27
42 28 51 116 55 18 120 4 17 40 23 108 95 36 68 104
103 107 119 36 101 98 116 57 51 25 105 122 44 48 21 87
76 73 75 4 91 67 8 108 107 31 88 74 68 28 51 43
50 67 53 87 73 40 2 99 106 1 74 79 9 32 4 6
127 90 114 3 51 42 85 44 126 53 60 59 127 19 1 50
86 54 9 31 95 11 3 73 12 77 24 21 110 28 28 109
118 14 112 42 56 69 86 54 122 18 113 122 38 114 44 124
41 53 28 8 65 31 81 77 108 105 99 90 5 127 71 124
13 55 38 70 125 124 124 119 14 110 113 52 96 29 49 9
83 77 17 20 108 98 97 88 75 68 51 81 67 122 77 81
50 115 23 47 111 19 38 125 1 24 50 98 53 99 107 8
48 125 28 28 95 126 116 43 66 39 124 6 34 73 87 84
60 110 3 43 1 41 40 3 65 90 101 119 61 80 127 109
77 28 9 45 26 126 88 92 37 84 98 71 29 57 27 89
39 30 4 41 72 44 44 9 7 17 0 68 97 0 50 47
28 59 92 54 57 52 18 95 8 117 38 37 46 66 126 86
96 2 127 40 46 43 50 53 60 50 122 29 50 44 76 78
103 40 4 33 92 23 0 100 12 38 9 58 104 7 16 73
9 15 113 56 58 35 109 118 86 103 20 8 19 96 87 123
9 91 28 101 114 28 74 126 66 83 57 43 91 73 116 100
89 101 28 19 9 10 10 95 113 30 103 5 126 62 0 7
26 28 109 12 56 55 11 122 10 68 37 101 13 25 74 102
127 102 122 8 112 4 103 98 34 78 103 32 13 103 40 39
3 21 51 59 76 62 53 86 2 91 60 16 116 6 118 115
108 112 123 93 116 98 63 22 49 38 55 62 13 95 101 16
116 24 75 64 87 0 22 89 91 82 105 80 88 96 67 69
80 63 34 69 33 97 91 82 7 18 16 20 113 117 36 101
14 111 37 101 111 60 62 75 14 40 27 103 8 94 44 88
29 78 29 63 47 121 17 54 11 34 74 125 23 110 98 37
93 8 10 76 68 73 23 82 113 50 57 121 17 101 81 46
51 111 109 98 104 127 24 115 33 98 112 56 80 83 94 45
91 104 122 31 49 17 113 34 68 43 27 85 16 109 3 68
92 113 38 68 112 63 55 17 33 40 73 114 123 39 31 86
16 25 117 65 43 102 100 111 17 127 68 34 108 71 102 72
56 12 12 40 75 68 57 109 108 3 95 103 42 126 61 58
53 104 72 31 106 28 106 17 36 110 49 33 22 22 75 61
127 16 127 110 26 95 74 112 87 47 113 44 127 82 113 52
59 58 83 37 86 61 55 122 43 104 27 65 126 102 126 125
119 125 107 17 92 54 1 51 101 114 95 100 68 81 24 127
11 107 37 97 40 92 92 84 68 119 21 66 94 20 63 85
17 42 102 110 96 103 33 70 89 1 42 29 82 67 29 93
46 66 62 87 30 26 43 98 18 64 36 112 84 99 69 102
13 43 84 110 18 117 52 107 118 94 8 72 33 37 37 80
103 100 39 5 126 82 103 16 18 11 0 103 110 69 77 124
112 33 106 2 22 30 109 13 124 118 85 30 27 123 110 3
95 21 8 93 103 112 110 121 123 110 96 106 52 45 102 36
78 80 39 101 110 20 114 106 10 71 8 38 66 118 41 33
11 49 127 114 33 109 108 29 91 76 7 15 122 109 52 72
61 91 45 43 111 31 21 122 103 30 32 41 20 73 75 32
122 74 18 28 55 126 57 18 75 64 34 69 45 86 13 106
49 59 21 32 90 42 26 65 72 58 107 93 3 54 125 126
0 15 26 55 14 83 73 89 19 107 30 64 65 43 42 114
102 63 19 65 105 45 2 50 104 109 15 107 35 12 105 35
27 3 90 41 86 36 2 105 15 32 41 81 76 83 67 50
18 86 115 124 4 118 46 108 99 61 87 7 73 65 42 100
68 5 14 27 41 16 4 56 49 46 9 125 1 77 47 20
35 35 16 39 25 62 19 124 123 107 3 68 44 46 40 112
51 54 11 92 71 16 20 120 62 30 117 63 107 36 83 14
71 99 54 96 33 73 93 28 52 96 96 96 14 9 81 65
63 92 29 6 108 50 126 42 80 115 106 59 24 61 73 95
33 127 64 66 73 29 95 125 125 63 94 12 72 47 77 8
11 107 14 120 29 13 34 109 0 12 40 24 74 113 120 107
113 56 45 58 85 12 55 82 76 21 94 20 68 44 28 80
23 43 72 52 56 106 33 56 119 73 81 65 58 73 44 43
1 89 101 86 102 29 40 50 50 7 70 119 51 99 71 74
14 15 126 70 121 31 126 112 104 79 49 34 24 93 78 25
55 51 111 29 80 24 79 3 31 21 122 82 120 65 28 6
17 9 80 106 93 61 53 126 16 42 112 73 45 102 85 72
102 105 6 12 50 92 38 102 1 2 71 4 119 57 86 9
66 39 115 31 100 40 29 117 82 13 62 0 115 19 72 90
124 79 102 46 43 12 20 44 15 91 48 6 20 6 15 86
45 2 118 18 43 19 7 125 33 69 125 20 88 70 110 84
21 85 2 64 97 23 108 112 114 28 119 7 34 6 93 80
9 83 98 52 103 105 49 8 46 47 28 6 117 11 90 10
96 92 74 65 115 54 50 102 82 41 109 116 47 74 68 56
30 38 108 5 15 30 13 61 77 41 67 66 52 29 76 20
122 22 86 109 76 8 83 30 49 64 18 96 11 87 25 41
125 5 46 13 35 59 74 112 100 14 50 25 43 126 45 37
20 3 19 96 11 102 126 60 39 17 29 50 104 54 91 101
59 9 114 95 68 61 79 40 75 2 65 118 0 111 28 21
114 47 117 126 21 116 58 60 5 87 110 109 13 73 82 73
82 69 40 22 2 119 63 77 121 0 67 122 111 95 15 98
14 4 96 36 120 26 96 125 114 79 106 127 24 61 72 107
2 112 1 4 104 64 81 97 65 20 91 48 116 106 18 2
111 114 38 103 13 7 101 127 86 79 126 110 12 71 89 14
55 91 18 31 27 99 1 92 120 92 13 108 71 31 110 54
18 21 29 31 28 2 30 114 82 28 96 94 99 58 109 27
21 127 58 48 99 59 13 91 24 26 71 95 57 53 21 75
74 50 106 102 53 8 88 7 37 57 101 8 115 82 35 8
82 94 56 53 25 69 16 49 95 87 16 25 12 37 100 87
88 79 61 13 87 22 20 124 79 121 5 66 76 40 74 30
6 2 83 32 72 99 81 39 58 98 64 70 7 37 29 95
116 91 108 75 113 0 72 64 122 77 2 70 117 76 100 124
78 55 28 22 26 109 62 84 79 126 26 87 35 56 54 23
19 35 99 4 35 43 68 29 120 70 99 109 18 71 105 96
126 5 119 24 115 53 108 66 51 7 25 87 63 80 110 82
115 81 86 22 124 26 52 116 96 23 98 114 95 75 82 93
81 73 118 68 126 98 6 50 105 32 9 40 112 119 122 99
73 80 121 69 106 45 58 74 69 28 60 36 103 15 1 56
32 106 93 45 54 112 109 59 10 41 54 112 46 27 80 104
47 64 100 33 113 4 94 79 39 7 89 23 43 116 6 75
94 100 120 20 84 101 79 94 14 6 78 61 33 30 37 81
94 9 114 79 13 80 30 53 87 119 76 2 108 83 77 74
55 69 95 11 42 46 105 57 52 55 118 86 85 27 39 52
36 25 3 50 105 34 103 64 25 51 66 5 6 15 80 61
84 47 72 126 93 49 55 18 104 45 104 62 72 15 114 109
40 117 31 17 23 6 81 49 57 19 54 64 34 6 125 118
53 70 116 19 119 44 37 96 89 13 30 34 28 16 15 68
5 46 85 29 52 38 78 109 57 4 45 91 11 43 81 64
113 69 83 104 113 120 72 75 5 102 109 33 118 124 101 124
42 58 25 94 96 103 75 25 107 121 116 118 36 69 55 21
11 10 125 124 3 70 71 8 44 52 42 35 48 15 31 90
74 56 56 42 31 4 68 10 125 56 1 33 126 56 54 9
66 51 5 69 121 77 78 38 1 120 73 50 7 104 12 81
32 69 124 63 73 64 73 70 120 74 103 118 2 29 127 69
80 5 10 74 82 88 112 83 80 57 5 88 33 18 41 65
87 37 0 32 101 73 102 94 20 77 84 22 106 84 91 58
89 102 4 43 62 116 126 15 45 4 103 78 22 16 15 109
54 15 13 27 89 115 121 109 64 78 3 42 34 95 100 123
69 105 38 3 93 36 18 11 40 121 89 62 10 105 43 64
120 56 91 81 43 85 62 107 35 66 21 69 33 122 64 102
99 102 105 64 10 124 75 51 117 37 113 127 14 29 63 6
85 27 88 1 112 22 108 19 88 2 88 121 124 24 95 95
126 73 31 8 69 107 59 58 16 45 58 30 74 121 36 31
20 124 32 4 19 13 23 107 15 111 101 11 7 68 106 5
13 9 14 82 116 73 13 4 118 71 34 64 64 71 96 85
67 0 89 86 13 113 66 28 96 39 39 104 107 17 109 121
27 123 75 15 69 88 20 59 31 54 124 96 125 92 53 65
92 14 23 106 127 89 6 96 0 46 72 108 63 53 101 90
49 48 106 118 9 126 49 40 52 45 8 50 9 61 115 102
76 10 80 75 100 86 43 100 4 115 80 68 41 53 30 90
21 44 107 98 53 99 68 105 15 50 6 33 59 127 16 86
126 41 93 8 32 85 75 10 74 22 93 28 11 42 13 32
87 120 2 12 91 70 117 106 120 124 12 51 123 28 10 122
69 103 2 102 60 77 112 7 99 77 35 110 120 48 14 79
41 16 91 4 86 80 111 79 76 123 2 72 23 12 66 93
116 68 67 48 17 51 55 117 1 90 99 121 11 114 72 52
2 35 56 89 115 39 40 64 34 42 8 58 55 74 23 43
14 90 91 31 13 19 20 14 109 120 7 120 106 79 44 108
114 101 69 102 12 109 38 47 24 46 105 79 120 0 122 6
90 85 37 103 104 58 118 86 50 125 78 28 77 123 8 63
96 78 37 108 59 75 27 83 121 4 34 113 4 28 119 94
114 29 70 90 87 60 48 9 57 127 37 6 122 45 70 90
123 107 70 55 55 98 10 48 102 45 34 107 73 25 73 59
54 15 22 13 75 70 22 5 69 59 11 63 105 81 25 100
61 96 27 116 66 38 36 40 83 70 19 28 96 93 88 22
108 110 36 56 52 58 61 122 118 72 57 95 26 83 67 87
51 95 75 117 5 111 29 88 54 49 116 22 14 76 44 122
58 80 50 111 11 111 105 1 56 34 96 82 117 35 41 40
2 116 29 7 99 59 95 25 108 84 47 122 32 92 116 91
44 39 74 55 22 51 56 78 85 24 32 75 60 73 115 62
61 17 70 33 76 37 58 56 121 106 50 26 70 38 117 114
77 63 42 100 114 98 50 71 123 83 18 55 28 6 117 90
23 59 123 99 97 53 27 90 31 77 116 101 115 105 88 65
40 2 37 26 100 87 98 95 42 116 22 71 122 12 33 17
71 28 116 40 81 15 3 113 92 119 86 80 97 46 17 9
48 54 36 21 13 6 116 56 122 11 127 117 23 32 6 94
60 123 7 13 10 10 126 103 1 85 55 98 3 72 108 52
126 16 73 11 22 61 67 16 72 66 5 95 98 12 62 30
7 69 44 17 79 42 120 80 127 47 51 3 119 31 55 117
47 0 1 69 61 68 85 6 7 91 101 105 103 35 8 110
104 52 127 55 94 120 8 94 39 59 97 31 90 24 20 9
24 21 78 85 90 35 91 97 126 65 74 101 100 82 83 77
