107 115 73 5 72 76 28 32 87 30 60 38 6 20 79 2
100 4 77 126 90 81 13 6 88 48 90 67 42 16 26 22
3 99 27 75 47 55 107 6 86 39 45 92 59 124 94 32
0 43 30 90 124 43 96 84 91 58 24 6 74 50 28 77
21 55 24 68 111 3 74 69 42 119 33 102 115 127 6 116
42 36 78 39 80 47 123 43 105 19 49 52 69 77 1 90
5 26 30 116 29 105 57 72 96 90 46 84 89 52 72 3
88 22 42 40 69 38 84 47 57 5 99 127 83 100 89 88
126 120 76 28 97 5 100 65 95 18 21 56 70 93 59 30
116 102 71 57 12 27 104 69 32 75 68 115 48 30 75 46
22 23 74 119 28 46 56 123 64 78 51 6 43 111 37 31
85 108 89 97 7 65 38 39 13 107 27 61 9 102 107 31
126 54 22 26 100 78 22 37 28 73 43 72 56 80 103 13
60 64 110 67 2 21 107 15 0 6 76 9 108 55 40 106
109 62 5 82 12 27 119 41 100 34 113 29 115 88 42 47
25 25 115 27 46 94 42 46 100 118 55 80 45 95 59 27
29 64 109 41 91 100 82 63 6 67 92 121 28 7 41 53
32 28 80 78 122 122 124 94 112 51 46 29 18 105 56 47
41 37 88 4 9 43 68 16 110 32 9 10 39 50 63 71
78 15 21 72 9 17 38 121 68 85 23 86 62 79 5 104
117 94 108 126 9 48 14 119 81 24 2 120 74 65 64 25
81 85 97 90 103 8 84 43 93 107 2 27 58 7 3 47
101 112 46 110 32 60 102 113 84 104 106 31 41 42 56 122
127 25 85 102 33 41 18 126 20 20 26 78 27 29 126 1
13 44 111 46 104 85 31 61 61 9 92 103 51 20 97 51
45 54 25 79 95 43 77 115 63 103 66 91 5 64 92 18
108 75 64 84 33 96 17 94 105 109 69 29 1 39 80 47
93 105 126 61 21 75 48 84 51 114 47 56 50 11 74 30
87 11 115 120 107 4 86 84 114 28 113 115 67 65 34 32
43 32 93 64 108 14 20 31 0 68 87 51 79 33 81 38
44 68 30 23 73 117 108 59 17 93 46 84 31 81 116 74
113 82 10 93 96 30 124 96 98 83 19 50 117 101 88 33
93 31 78 116 120 77 57 77 100 16 6 38 120 117 13 48
87 56 78 16 22 4 45 4 2 4 95 17 110 1 114 76
32 64 64 24 13 121 101 114 9 107 24 1 97 38 49 56
94 0 72 116 4 118 121 6 122 88 23 105 89 9 53 121
73 117 17 87 110 118 73 119 98 97 120 67 7 42 123 101
42 67 90 46 57 83 52 52 43 76 29 4 85 82 125 31
71 14 118 53 4 63 44 102 32 36 41 40 78 36 13 120
104 103 38 33 58 91 85 101 39 114 105 124 68 102 27 11
116 17 64 121 80 108 95 113 17 9 25 95 45 38 88 21
14 126 55 72 89 12 46 0 127 23 125 67 126 24 79 114
42 15 107 122 124 75 107 13 84 4 108 1 43 68 23 57
67 78 1 28 90 47 29 89 71 26 29 69 50 108 55 92
123 35 87 119 110 66 4 66 71 113 67 114 53 90 43 120
40 44 21 3 92 50 92 35 76 121 104 126 101 31 91 97
66 50 88 48 116 93 114 59 78 54 45 3 16 88 124 57
5 17 60 97 67 24 4 15 18 108 13 119 11 104 88 78
26 49 126 15 14 113 74 92 39 120 95 55 80 91 112 85
108 44 54 47 69 58 62 87 38 76 78 50 52 39 0 79
88 126 94 102 111 40 66 22 32 33 78 113 125 62 70 105
107 125 25 48 55 87 7 94 35 85 16 88 124 16 39 84
14 5 58 126 45 124 20 78 30 98 63 27 33 5 4 12
2 29 60 58 117 67 24 24 24 40 112 21 56 23 105 70
28 36 68 74 32 89 24 62 59 87 89 92 92 94 104 95
123 36 25 112 103 49 9 0 89 121 21 17 17 126 87 45
34 28 119 67 117 15 1 48 102 91 13 67 57 117 34 52
26 59 37 1 108 46 1 69 39 22 86 56 21 45 102 55
73 93 122 62 109 124 111 83 87 124 22 16 113 56 68 11
115 105 13 95 23 14 36 63 37 122 119 58 40 93 113 113
59 108 48 40 104 31 123 63 27 18 79 12 74 19 24 62
125 37 29 20 51 66 83 88 60 75 18 100 40 4 86 99
112 6 11 88 37 7 23 64 25 102 76 99 121 100 33 118
9 63 11 61 1 94 21 61 41 40 34 82 44 120 53 28
47 32 76 19 84 49 25 76 13 0 99 8 54 92 47 18
64 7 73 92 123 91 28 77 73 58 98 35 13 100 48 61
4 124 80 88 45 106 37 58 106 8 67 32 100 114 51 37
121 124 1 116 88 29 65 33 88 36 69 101 8 117 34 12
114 115 101 31 93 10 90 71 18 29 103 118 15 26 27 9
23 28 125 111 58 63 16 18 99 85 119 107 75 26 119 61
13 92 92 106 102 54 49 120 83 24 111 99 51 10 108 74
39 105 57 97 40 73 115 11 31 106 118 106 4 110 39 17
74 3 123 49 58 44 41 13 69 24 112 120 35 92 66 74
70 123 43 110 68 30 122 99 8 112 77 13 94 116 30 41
120 26 90 50 70 3 63 11 28 48 3 63 12 69 9 82
64 52 65 5 82 59 104 90 43 54 103 10 42 6 51 34
32 13 84 102 16 20 114 44 68 117 107 80 59 116 35 123
40 100 0 122 31 105 85 74 31 60 84 73 66 7 108 98
20 64 73 37 84 59 81 24 48 61 105 107 49 12 103 90
112 103 84 15 80 41 89 111 102 46 57 40 53 37 11 74
101 84 111 58 15 64 82 63 125 59 43 47 71 18 9 55
121 93 70 74 7 32 57 109 78 114 21 3 23 32 77 125
116 60 55 3 125 9 67 122 69 110 41 12 0 50 68 121
16 10 67 23 42 125 4 120 111 25 124 7 58 73 4 46
6 59 50 3 68 117 125 9 99 39 22 99 89 90 92 105
100 32 0 15 29 4 7 12 30 3 19 88 77 23 6 83
82 56 86 23 45 83 32 16 122 54 115 84 16 80 61 117
112 62 4 13 66 11 25 96 15 45 56 92 68 63 47 23
119 5 46 37 88 78 53 83 5 41 39 21 121 100 10 105
34 14 118 101 26 15 69 41 60 126 5 1 61 52 24 52
57 70 89 17 20 15 100 25 56 11 47 49 112 57 26 18
72 16 119 98 31 61 11 92 59 16 93 120 68 117 44 125
59 6 14 79 21 115 105 77 126 24 126 110 81 24 1 25
40 120 123 71 53 6 35 112 22 0 104 90 117 21 87 48
27 102 0 48 89 105 125 87 1 123 70 82 19 71 108 59
63 103 2 117 110 38 101 4 38 78 95 28 99 54 76 126
28 99 96 93 106 114 8 108 64 21 76 54 34 91 99 99
116 113 67 92 57 64 36 114 40 5 108 4 81 88 75 109
59 43 74 38 30 83 18 94 104 94 20 10 58 119 109 46
104 49 10 34 113 46 20 25 51 0 29 4 88 105 113 20
20 59 58 50 14 76 16 119 43 36 1 101 28 111 19 4
32 29 38 17 75 59 42 126 59 71 2 20 48 115 40 69
46 98 119 61 46 8 52 89 44 53 62 72 36 81 77 68
110 115 85 57 46 127 55 106 71 57 126 119 44 38 60 91
8 52 24 54 60 76 16 104 1 78 49 38 32 126 106 14
113 64 72 32 63 127 10 6 57 8 126 101 46 58 64 54
110 88 108 42 36 124 19 38 75 68 76 107 66 54 121 51
118 65 83 54 65 93 60 122 101 58 95 19 117 32 73 99
120 54 14 29 50 33 67 125 101 15 104 39 69 98 90 60
35 46 114 100 11 46 94 113 105 62 4 94 94 78 65 86
4 79 115 54 112 54 52 85 69 28 124 11 126 87 71 34
5 57 6 16 103 101 1 80 35 6 46 1 84 112 87 88
63 75 14 48 1 66 5 71 95 2 82 93 89 25 127 94
82 6 110 57 107 112 10 14 118 56 15 74 40 102 34 104
49 48 24 51 115 29 122 82 31 76 47 120 101 47 86 55
53 69 112 32 53 122 46 43 51 61 117 91 35 23 67 85
71 91 8 58 121 2 12 24 78 60 17 51 107 103 106 32
44 90 64 97 85 110 12 8 43 1 99 78 24 39 35 96
2 43 26 123 45 39 20 123 99 37 46 78 12 24 110 57
115 46 26 72 28 39 80 71 40 51 21 65 90 57 33 93
100 59 88 18 98 108 13 69 17 60 19 30 84 1 87 71
47 113 15 75 24 95 18 65 19 40 2 109 97 35 74 69
94 35 87 65 15 101 6 33 33 26 63 117 27 22 61 75
7 76 22 32 44 41 97 63 81 99 44 50 6 119 119 100
26 79 37 41 52 44 74 85 70 9 74 97 31 7 44 39
84 67 71 0 108 40 63 61 11 107 111 17 98 102 117 124
53 27 38 105 71 112 62 13 122 9 110 25 16 27 64 100
94 7 100 74 47 35 7 58 15 118 75 113 92 65 110 18
61 7 38 34 127 94 24 54 124 11 97 50 58 47 40 93
101 44 25 112 55 24 66 111 16 79 80 125 44 28 17 105
35 56 11 34 22 35 89 18 46 58 68 104 106 108 69 79
24 94 64 80 119 2 63 7 81 16 4 125 44 21 102 79
77 113 114 100 20 75 118 66 5 59 43 111 39 112 63 64
79 127 16 70 1 79 77 82 95 81 80 11 102 54 91 52
40 77 24 60 24 14 127 29 73 42 13 113 26 76 49 105
75 65 47 76 16 124 30 112 77 110 123 52 37 86 104 77
35 0 9 59 14 8 89 88 50 102 73 77 50 122 54 125
59 102 73 75 98 103 59 48 86 55 100 123 13 76 72 49
76 81 108 90 90 69 50 12 43 123 89 93 117 16 90 48
118 35 124 88 11 55 8 97 110 108 92 124 56 36 45 4
117 25 95 79 95 17 92 10 13 53 104 2 69 66 51 59
102 47 20 113 102 28 82 85 9 46 81 65 82 126 70 71
23 37 23 118 54 115 1 67 40 105 70 110 43 121 41 17
40 61 2 14 90 84 99 99 2 52 36 84 50 106 28 74
15 51 64 70 38 65 9 78 42 79 60 86 72 102 103 112
35 106 127 125 62 98 96 65 23 5 21 73 111 49 19 127
100 84 69 10 21 78 89 64 30 21 22 102 123 125 87 31
103 86 28 38 56 125 103 79 2 124 25 113 46 44 112 18
0 53 29 22 4 118 86 34 11 108 8 7 105 95 38 81
53 66 119 110 63 94 61 65 90 86 51 8 3 35 27 3
89 56 25 93 46 111 127 57 91 7 64 69 103 102 22 28
41 13 10 104 107 72 42 69 30 93 78 33 0 105 37 89
33 62 54 79 46 53 8 9 61 73 78 36 47 100 64 88
113 75 65 92 19 107 34 49 72 112 83 72 89 120 34 122
54 88 73 100 14 81 110 75 26 60 111 74 33 47 34 18
122 99 111 13 78 17 63 22 1 18 95 90 10 1 84 64
89 29 37 103 110 19 50 9 79 33 83 112 81 117 3 75
89 114 89 39 3 24 62 4 42 29 94 52 30 50 116 119
79 25 95 61 44 17 70 124 51 25 108 4 15 111 79 104
97 40 15 100 64 77 104 106 106 70 30 8 120 19 0 71
54 8 109 118 89 54 50 23 75 66 127 61 32 73 10 25
91 114 39 41 109 121 79 21 20 40 88 35 50 80 89 105
88 71 95 50 125 17 73 73 84 72 6 116 18 16 14 109
2 53 22 112 46 101 5 66 13 93 102 63 45 63 40 6
6 8 56 4 25 1 77 109 74 83 98 92 100 112 73 102
37 95 86 83 68 91 22 81 56 124 16 102 59 57 108 66
65 36 70 90 37 19 72 111 102 42 75 74 26 20 49 63
115 7 18 55 99 40 8 27 36 25 1 96 82 109 34 19
17 104 109 55 123 53 38 97 95 114 44 121 6 93 56 122
100 75 49 71 115 58 99 24 83 100 120 37 82 26 56 99
2 37 26 125 91 65 94 58 51 10 52 57 103 108 51 76
55 101 19 43 31 118 67 114 91 59 23 45 85 79 16 87
116 43 84 79 108 50 10 31 61 62 88 36 42 12 112 98
113 4 13 16 122 80 2 85 11 25 2 96 104 19 55 92
62 11 44 42 61 54 73 122 116 33 31 30 45 15 0 30
19 13 46 14 93 48 99 104 73 102 72 49 121 127 14 55
10 58 97 72 112 42 66 100 75 97 2 121 113 3 23 4
16 70 18 110 118 118 86 64 92 31 113 85 30 127 12 41
57 109 113 41 23 51 13 98 21 16 91 6 19 115 10 35
57 29 17 47 19 104 111 111 7 97 68 37 96 80 78 26
61 63 67 84 115 81 54 8 97 18 14 116 5 24 23 62
53 41 109 72 17 93 55 24 62 123 61 30 75 12 56 8
75 124 92 62 77 19 70 46 37 84 34 42 109 57 104 34
98 85 107 115 50 34 11 112 30 73 15 105 85 71 114 32
67 78 95 16 97 37 62 6 122 96 48 103 26 24 9 124
110 116 112 32 23 123 17 53 68 32 30 25 103 16 58 43
95 25 59 64 62 122 71 56 90 119 31 116 16 41 113 126
29 97 30 52 92 47 105 33 79 8 58 55 24 116 98 119
13 29 56 76 23 127 4 114 118 36 102 6 77 87 4 106
56 35 31 21 82 8 54 34 16 112 89 41 101 59 32 114
88 88 62 112 87 67 98 78 103 72 84 52 32 89 30 88
124 61 109 78 70 35 112 86 20 73 127 121 4 32 107 93
67 49 2 15 55 3 28 126 6 69 108 119 15 12 32 17
5 66 33 58 105 29 22 64 120 50 47 3 30 92 74 97
14 77 112 69 80 12 68 86 81 48 77 96 61 110 114 66
48 19 124 26 48 18 90 40 69 9 43 99 102 118 68 116
67 52 57 19 65 125 105 18 46 54 115 107 36 101 45 85
120 41 111 40 59 73 81 0 83 124 99 57 114 39 45 53
92 102 72 29 100 49 47 18 104 34 125 12 7 42 97 127
83 80 40 14 26 121 15 109 117 114 38 104 26 83 29 118
57 102 19 29 23 66 47 127 101 44 12 108 86 109 108 41
62 20 56 88 13 71 69 2 57 107 106 83 62 8 73 119
110 92 21 5 31 68 5 4 113 17 112 71 126 92 113 60
112 41 20 125 112 89 0 41 68 106 125 2 114 70 122 96
35 15 102 66 83 107 70 68 124 54 12 122 19 125 55 3
38 75 1 22 37 1 63 105 107 60 108 94 3 102 62 38
117 36 104 72 15 46 13 11 100 25 6 119 22 61 123 60
8 124 82 45 125 17 23 104 78 3 70 81 105 5 119 94
41 95 38 57 13 51 68 113 76 74 105 98 7 100 30 16
96 112 61 93 2 84 69 80 87 12 33 64 17 24 30 58
119 69 115 4 120 56 117 69 2 94 39 10 66 70 26 34
54 87 127 56 44 69 8 3 81 41 68 98 65 98 28 56
39 16 60 32 72 50 101 74 16 12 84 83 82 110 117 9
70 117 65 114 58 74 117 11 115 57 109 53 28 9 109 67
25 42 99 97 92 72 44 108 85 0 63 39 111 53 48 53
42 114 39 100 60 28 111 47 86 92 100 114 101 82 53 127
124 25 96 88 97 12 68 54 13 4 94 124 57 14 49 99
0 88 71 60 116 54 108 74 18 80 60 119 34 114 118 30
11 87 118 108 99 59 35 112 63 1 108 120 15 29 91 16
117 34 76 106 88 56 52 106 9 113 97 43 99 88 74 110
47 64 90 18 123 125 3 58 126 111 50 14 13 13 30 2
47 106 108 7 35 33 113 44 18 83 87 117 43 33 99 90
98 61 108 93 59 111 24 57 95 74 71 108 88 101 110 7
80 91 15 115 124 0 31 14 83 118 3 126 24 102 88 122
106 70 127 110 67 102 93 97 46 38 126 83 47 26 102 113
120 76 77 4 45 56 32 120 21 100 11 19 40 35 75 18
105 74 1 45 49 94 14 95 5 12 50 52 38 24 37 31
100 114 35 17 42 67 9 64 39 21 83 79 56 30 98 34
105 99 79 26 65 93 121 70 105 43 122 16 67 32 47 39
18 82 56 61 21 66 125 61 87 80 12 15 111 110 49 88
81 0 114 19 93 107 89 71 22 84 87 89 116 6 0 6
88 56 67 109 122 64 42 81 17 55 97 0 37 18 88 119
19 74 10 112 53 99 55 75 55 14 36 43 20 36 50 108
92 117 90 87 54 4 40 71 59 9 71 97 28 31 88 47
105 98 31 30 69 87 105 125 101 13 40 122 49 90 102 13
80 64 100 6 69 13 77 0 22 20 97 50 51 57 97 28
27 1 58 97 88 35 94 61 48 6 55 97 97 30 110 49
94 83 55 35 96 4 36 118 24 5 41 75 63 10 103 90
11 33 59 99 68 25 33 116 32 88 85 1 118 67 50 85
22 105 120 118 109 28 109 5 34 22 80 97 32 55 59 44
88 119 15 28 16 48 16 48 9 101 49 127 40 99 84 63
76 77 53 57 105 34 62 11 56 14 108 89 69 40 5 29
31 20 57 47 69 73 96 78 46 17 77 87 117 34 22 65
111 75 123 88 110 57 100 38 72 80 127 13 120 4 43 23
25 100 71 94 46 39 44 92 56 121 51 45 27 73 111 10
21 106 99 3 35 71 41 107 23 41 121 16 45 36 39 70
8 110 36 54 21 80 19 78 74 70 123 101 16 106 112 37
84 83 40 120 26 81 99 49 122 92 65 40 0 105 110 9
87 19 63 109 99 82 59 45 25 54 19 41 33 3 78 117
86 118 109 112 71 81 33 66 45 99 106 46 76 88 55 35
107 118 16 79 73 75 124 98 2 15 11 35 18 89 24 104
79 6 88 22 87 122 88 4 93 66 50 41 27 105 76 6
96 93 85 41 40 82 11 42 97 22 77 116 111 102 92 62
108 53 84 67 47 45 71 12 111 122 53 10 99 1 17 67
94 102 108 7 56 119 49 26 13 127 14 124 101 106 58 81
31 15 20 78 60 91 90 43 85 15 54 57 17 71 124 111
19 116 80 89 104 116 45 36 59 91 99 115 7 24 93 1
110 38 71 25 20 101 40 7 98 35 72 53 89 116 17 108
104 98 70 80 86 115 117 18 78 88 5 85 113 98 86 95
8 29 120 28 3 32 35 101 67 108 27 28 96 44 8 72
14 78 24 101 65 13 119 15 102 124 100 87 94 59 54 102
88 46 3 91 78 38 65 17 18 92 45 114 8 53 58 23
4 83 124 69 96 115 85 70 111 57 29 77 116 83 51 77
1 54 40 79 93 105 96 111 69 13 98 78 67 28 101 71
111 97 12 80 84 97 22 67 27 52 16 15 7 67 92 9
122 5 88 87 110 57 70 52 70 40 2 9 69 103 80 52
72 93 4 28 62 27 95 89 79 111 105 86 50 69 95 44
74 56 3 57 113 74 109 55 114 111 65 55 86 17 108 30
110 112 58 45 11 25 6 90 8 111 49 58 53 16 103 127
72 106 56 57 52 37 113 39 20 50 94 106 67 74 8 50
59 66 95 70 91 101 33 99 85 82 30 10 98 5 9 43
111 66 100 36 103 85 75 124 7 41 102 75 116 111 125 47
49 92 117 13 65 22 112 22 104 14 32 75 19 42 118 3
108 90 39 83 48 114 79 55 27 54 2 15 37 127 62 86
91 52 99 29 74 84 51 51 98 84 126 118 126 116 121 106
78 32 61 126 18 13 54 45 67 56 61 104 56 123 62 19
47 34 48 122 118 100 45 88 56 43 78 54 31 71 32 109
103 93 108 121 106 34 39 45 90 100 21 18 95 84 38 15
118 86 9 108 58 54 68 114 97 19 40 0 90 72 109 66
38 89 59 16 123 98 62 86 70 83 104 38 39 14 53 29
101 62 9 31 116 78 18 85 97 58 85 59 3 66 125 41
28 57 57 23 27 119 109 98 75 86 8 114 100 61 16 73
123 25 105 111 103 123 68 72 53 25 4 56 91 1 97 119
58 27 15 86 18 124 56 93 82 64 80 55 125 96 0 120
121 105 103 97 100 43 41 26 68 45 82 31 47 52 23 105
79 38 63 97 34 119 63 117 55 15 44 52 111 44 44 104
22 19 73 122 62 115 20 2 32 103 34 79 27 57 57 106
95 120 75 1 112 10 118 39 25 34 92 8 79 8 113 101
94 109 123 105 65 96 26 70 93 101 120 37 21 6 46 49
17 83 42 116 99 86 106 18 33 109 91 33 81 48 13 48
29 9 25 94 105 51 36 70 24 29 108 45 35 26 95 52
110 9 40 81 96 19 100 1 0 63 34 82 111 47 2 12
56 27 107 34 78 15 104 102 44 84 20 79 111 115 4 93
124 44 46 92 63 18 93 64 81 127 18 64 47 20 77 103
47 56 9 125 71 114 99 116 70 119 67 53 106 71 18 103
116 65 67 51 83 33 115 37 32 5 101 79 25 50 55 72
106 64 69 50 50 41 38 121 32 105 46 11 49 65 114 37
2 53 88 85 86 76 122 119 81 96 70 107 18 125 51 125
62 121 47 112 34 85 105 66 62 24 77 111 89 63 20 91
117 109 48 75 57 43 66 10 11 9 117 29 6 41 26 68
34 73 53 68 30 30 6 93 54 84 76 15 19 97 106 8
78 27 84 7 70 22 17 81 31 7 110 38 48 9 106 82
82 31 22 113 62 28 78 116 112 26 4 4 123 110 12 73
9 96 80 79 119 98 32 22 105 15 60 25 24 39 107 106
70 1 91 4 29 41 121 14 68 125 18 63 107 30 9 117
127 89 68 118 59 101 12 36 116 73 61 12 112 40 118 54
41 82 59 71 123 52 85 63 49 103 127 28 5 8 17 4
97 86 122 29 59 7 65 47 80 127 59 64 39 49 118 81
3 49 24 127 101 109 62 22 84 61 51 89 69 68 94 39
26 88 68 85 95 5 4 47 4 63 111 44 113 102 125 116
23 21 115 125 2 50 19 86 111 70 47 53 11 13 92 37
102 32 123 69 37 127 117 42 63 100 86 48 74 83 36 98
104 24 95 106 74 114 64 57 57 111 110 68 125 74 105 99
106 100 40 16 100 29 58 35 2 16 83 76 99 119 46 75
15 13 53 89 0 117 19 57 100 1 125 97 76 102 68 54
75 109 70 47 10 0 82 12 16 37 89 115 28 7 62 44
21 115 5 21 104 24 78 77 26 75 46 102 49 115 28 124
96 99 43 106 99 125 119 116 34 80 103 63 87 38 107 108
25 112 1 2 9 79 79 35 26 125 9 76 112 37 72 80
8 116 59 108 113 50 96 20 2 71 83 89 109 62 70 7
