72 37 71 125 101 70 120 66 126 63 125 82 42 13 61 42
2 123 64 106 126 82 58 74 99 104 96 26 89 20 30 34
57 101 31 30 44 23 96 42 86 93 124 1 106 58 43 108
53 107 87 51 61 17 125 33 121 93 59 83 113 89 117 42
62 20 72 106 43 40 21 1 5 17 2 112 75 46 92 1
25 51 52 87 69 50 120 62 15 51 17 1 12 6 43 74
26 116 53 69 28 74 71 34 91 73 18 39 119 110 40 17
34 92 104 103 14 96 37 30 19 55 31 31 61 74 105 88
62 30 29 91 104 100 125 68 46 15 107 37 125 19 54 31
111 30 6 126 126 44 28 17 99 59 48 32 5 26 120 68
56 22 31 33 122 28 101 40 43 80 78 40 99 4 72 82
35 78 80 33 122 108 51 93 39 99 126 45 125 118 113 54
12 16 87 7 44 60 47 87 12 125 127 111 2 71 65 37
22 18 70 16 126 121 110 38 93 108 83 90 98 68 16 111
84 103 118 0 35 37 87 47 35 86 30 37 30 96 74 52
114 16 68 112 10 50 22 103 30 105 65 1 45 82 112 1
57 102 1 93 11 88 12 46 47 43 83 77 11 29 1 125
46 69 109 56 120 4 31 22 109 96 23 27 50 7 28 108
109 30 73 121 118 85 39 37 0 123 114 11 24 115 8 70
57 118 126 49 122 29 71 103 126 95 2 48 102 31 28 84
61 101 77 51 59 116 89 59 111 75 71 8 63 79 78 120
69 77 41 63 106 112 39 104 79 41 25 54 72 53 10 5
27 87 57 86 75 18 17 59 93 88 67 28 40 17 20 109
94 61 45 73 46 84 49 125 125 74 51 70 0 61 75 27
20 4 113 96 22 2 27 116 91 94 16 3 111 37 112 78
98 29 23 16 113 72 14 111 19 65 53 19 127 0 46 19
5 31 115 27 33 14 15 124 108 32 127 92 69 112 42 39
13 65 56 127 9 70 110 28 7 35 47 6 35 93 26 40
124 13 68 30 28 83 26 8 115 26 100 56 10 14 96 23
79 24 22 89 94 4 117 101 39 37 108 75 2 6 115 127
19 55 29 47 11 55 56 126 81 28 55 91 43 23 115 122
47 9 83 13 14 73 114 53 110 94 0 112 100 116 111 120
26 41 56 107 41 95 114 60 53 43 120 14 31 43 108 7
36 105 65 12 113 21 16 92 102 44 35 37 110 112 93 8
25 21 116 66 116 102 126 41 18 119 56 49 34 36 56 70
13 121 82 127 15 98 91 117 14 126 27 125 110 120 5 7
14 121 73 2 96 72 44 114 63 100 35 97 8 92 40 22
85 122 21 100 93 112 90 107 111 117 104 93 109 110 101 123
103 46 126 71 118 42 57 53 14 93 23 22 57 63 44 14
57 65 115 22 50 77 2 33 66 106 126 47 88 99 43 64
18 41 7 8 83 65 62 97 30 85 119 87 20 36 101 77
101 88 100 23 37 102 56 103 80 55 23 41 26 66 105 44
107 112 53 62 49 115 31 79 72 22 38 92 58 12 41 32
100 13 55 10 115 112 113 68 39 8 109 65 74 86 110 53
70 35 115 120 22 18 71 94 41 110 58 99 122 99 3 94
113 59 104 100 43 90 40 82 98 21 19 45 107 1 98 50
36 86 42 58 104 113 24 17 95 82 117 89 54 120 56 39
51 32 11 94 122 52 48 93 73 68 10 53 69 108 103 106
66 17 36 43 2 61 60 98 15 49 59 69 42 115 108 93
20 120 60 14 44 108 107 117 48 117 42 118 98 17 96 36
34 4 79 37 65 12 7 81 61 66 22 103 54 3 69 74
123 1 88 39 109 68 28 30 57 71 20 27 88 116 64 123
120 15 32 58 27 39 11 89 105 33 64 31 36 5 105 31
6 66 70 116 6 99 18 63 42 38 91 2 26 27 125 18
42 29 76 70 68 87 31 46 121 95 77 29 101 55 61 107
121 3 95 127 102 113 62 16 23 25 19 49 52 16 68 95
46 16 37 114 104 68 32 97 35 110 126 8 37 59 116 30
63 83 29 37 69 91 54 92 117 73 14 41 89 82 8 7
98 45 122 74 113 26 43 21 8 42 29 45 101 17 75 36
101 104 74 42 68 0 6 57 73 20 98 34 102 107 42 73
24 36 19 10 62 63 31 71 105 60 116 78 78 64 115 51
40 61 93 108 61 99 37 6 120 8 40 94 115 82 39 11
118 59 21 53 122 52 124 99 113 112 49 63 48 36 114 89
97 79 69 30 50 107 36 42 115 77 9 102 31 48 113 22
21 21 113 27 32 99 70 41 71 22 28 83 94 113 21 50
69 40 125 84 84 71 54 26 10 41 18 56 55 27 93 77
49 78 104 81 50 47 123 121 69 23 77 35 8 98 86 77
10 83 33 94 26 88 120 36 1 10 92 57 38 57 6 87
8 110 40 58 29 35 51 98 58 0 6 66 98 92 15 109
47 49 75 73 9 68 110 10 78 74 67 116 4 73 75 12
56 116 70 85 23 121 56 82 122 62 20 92 26 36 73 73
85 21 18 94 89 0 104 39 75 44 28 79 117 103 91 45
91 33 3 115 26 59 69 20 121 89 113 19 125 58 92 82
79 110 48 40 111 25 80 58 69 108 9 58 83 100 104 47
5 107 34 31 38 103 52 31 64 37 50 62 95 14 16 47
124 65 87 107 90 39 37 31 19 46 89 103 18 65 22 23
44 56 55 82 31 107 113 95 16 35 29 111 49 46 30 46
111 118 25 73 29 63 104 49 109 65 24 0 3 46 23 47
102 78 2 5 57 115 100 73 23 2 57 72 48 87 118 31
77 16 104 107 79 80 28 60 17 52 60 20 98 84 68 72
34 70 77 92 57 49 37 80 51 94 25 99 54 15 2 3
31 106 110 110 58 10 43 76 62 103 96 32 59 36 104 94
106 53 58 36 103 95 116 26 62 13 126 116 29 0 119 60
107 102 43 37 112 86 113 47 61 82 79 121 118 56 87 97
109 17 5 84 112 121 111 46 7 109 34 36 109 26 96 88
0 11 126 112 97 111 31 31 65 111 24 56 39 111 25 20
0 30 105 112 23 88 31 30 69 65 66 50 91 35 11 91
46 9 76 16 120 107 47 58 90 71 114 1 54 11 22 54
41 127 38 64 87 69 95 28 7 33 78 98 68 89 62 115
98 10 3 91 117 50 21 80 121 7 81 47 18 103 101 59
102 11 123 61 81 90 89 88 124 40 58 64 1 120 51 100
2 54 63 120 104 84 72 97 91 25 16 109 1 117 40 103
1 35 37 82 126 126 42 122 38 100 58 40 93 110 12 95
36 75 87 13 31 31 110 122 57 127 103 58 116 15 33 117
50 70 71 48 69 113 42 107 86 101 19 51 83 31 18 119
106 106 4 9 9 115 3 66 114 106 124 102 121 30 92 44
117 60 112 84 103 113 19 35 17 110 82 84 93 64 23 56
68 75 14 65 12 78 10 106 71 3 99 53 60 37 124 49
97 108 5 72 93 25 107 110 7 61 67 100 126 90 29 66
37 43 4 49 121 14 27 64 18 127 117 78 36 114 127 5
94 5 77 60 30 56 42 37 118 109 9 116 71 38 54 109
81 58 30 75 73 58 11 91 57 1 41 93 115 40 98 81
45 47 13 75 103 56 112 93 37 122 81 109 32 8 90 114
66 120 61 11 50 72 102 107 73 15 72 60 56 42 14 101
89 27 49 65 83 33 30 121 27 112 102 60 120 64 46 58
56 107 70 107 51 44 86 125 60 31 57 116 73 71 89 35
99 10 100 54 44 2 47 71 114 21 3 106 85 49 37 14
28 107 121 80 23 79 77 83 110 6 71 56 78 33 91 49
43 63 103 87 65 23 31 52 44 34 30 2 84 67 16 112
46 9 64 70 88 13 25 71 20 97 127 98 2 90 19 45
25 122 5 90 17 36 14 62 70 45 64 26 112 80 11 31
89 75 101 49 89 126 120 109 95 119 79 97 81 98 15 106
92 20 69 110 56 83 44 126 0 108 25 113 60 36 16 21
111 117 70 72 115 63 53 83 54 4 52 8 102 67 114 67
87 55 49 15 11 93 14 11 73 39 124 5 75 12 26 58
1 96 3 117 31 56 72 86 61 124 94 35 64 80 102 23
8 23 39 19 116 53 30 61 92 27 66 39 39 92 97 41
61 100 30 92 29 102 50 90 98 16 125 34 97 100 58 105
123 97 124 112 22 26 45 114 53 112 25 93 76 122 6 9
95 36 102 124 10 24 86 108 41 83 15 10 55 73 115 51
42 111 35 64 9 80 50 63 64 75 28 13 69 34 22 36
70 124 32 80 21 118 60 62 74 75 72 1 20 59 52 62
42 87 126 51 40 48 114 104 123 14 117 65 48 12 101 118
8 6 70 29 124 3 91 70 78 35 72 99 94 124 33 8
84 32 60 124 80 46 100 76 61 90 13 109 102 114 100 110
120 42 12 117 45 103 59 124 11 3 95 105 0 0 114 84
32 46 80 113 92 52 61 25 14 74 7 116 60 107 99 53
21 111 42 67 86 101 63 97 105 30 75 105 30 61 61 63
88 14 126 95 63 25 110 15 95 86 6 45 73 5 102 24
0 69 110 36 67 88 32 15 32 96 52 25 58 106 115 18
120 113 113 56 10 95 71 106 54 77 23 127 82 126 23 82
67 6 118 6 94 23 22 126 119 74 23 49 53 11 67 45
124 52 101 7 19 44 113 73 121 8 73 76 6 96 30 73
102 21 80 68 44 102 67 35 48 90 84 101 101 23 19 98
75 120 105 94 37 90 40 30 98 113 106 105 81 9 50 56
30 2 124 74 104 63 109 25 26 65 126 127 88 17 97 35
10 74 1 47 36 41 77 7 26 56 112 108 65 34 36 95
37 32 41 13 96 22 38 122 87 37 121 47 54 91 82 64
37 83 111 74 125 61 81 23 117 65 3 54 99 39 21 8
72 62 22 40 84 60 34 43 97 27 90 24 118 44 88 28
127 72 102 124 5 55 20 122 120 23 48 91 63 69 100 7
3 122 47 87 54 81 2 24 108 92 48 99 8 8 127 7
80 101 4 85 28 24 79 20 47 127 111 110 68 83 117 71
77 36 30 4 117 32 28 98 124 76 69 4 84 68 12 37
41 16 122 69 40 74 89 87 73 72 70 14 28 59 85 105
96 116 109 85 20 9 55 17 85 124 21 42 64 33 79 105
49 73 46 89 19 7 49 93 80 119 107 108 50 64 85 18
52 67 104 73 76 31 90 34 28 111 76 92 17 27 70 66
100 116 28 120 124 77 85 76 68 64 56 118 0 13 9 53
80 113 126 29 16 88 63 44 71 11 9 88 38 79 27 10
67 55 2 63 4 87 11 72 23 67 62 24 81 71 77 33
56 75 62 73 35 125 117 106 8 126 67 46 77 94 57 17
21 59 80 25 19 92 97 42 31 31 66 112 103 15 18 31
90 80 104 125 78 94 104 86 92 43 5 42 9 62 59 30
121 11 55 12 103 24 55 7 55 121 119 30 9 9 62 99
90 38 97 40 4 73 126 97 116 3 11 125 65 70 27 59
81 82 71 57 106 126 64 33 120 55 64 1 65 126 100 27
36 69 67 41 14 65 10 2 69 21 127 6 91 26 65 44
108 9 101 86 7 37 120 127 93 56 0 30 54 101 57 90
42 124 3 57 61 13 59 2 34 59 9 125 85 74 42 66
45 77 1 111 4 63 25 69 64 8 112 125 95 110 39 37
53 34 50 39 105 53 58 24 98 94 55 125 98 66 69 15
15 71 127 19 6 24 88 70 32 73 68 127 55 107 36 108
13 87 19 119 12 77 15 111 44 70 108 14 8 50 30 23
121 29 42 127 53 3 70 86 76 10 85 3 117 122 111 2
81 2 121 93 79 8 76 123 79 57 10 87 107 40 111 100
69 25 99 122 28 41 80 104 51 38 107 40 32 90 43 113
92 36 78 44 45 27 39 124 84 49 83 63 89 66 35 30
92 6 25 120 48 105 97 99 15 76 12 47 39 55 32 3
91 111 47 8 10 87 4 94 8 88 29 98 26 64 0 118
70 25 111 118 3 80 90 18 28 102 66 67 29 98 71 120
81 118 1 91 77 5 57 86 93 86 56 120 22 56 110 93
82 93 83 85 45 45 103 74 19 41 13 48 12 84 41 93
75 42 57 24 47 114 110 13 73 38 5 95 95 115 60 49
81 16 6 126 61 109 72 81 23 86 1 35 42 42 0 117
84 57 14 4 44 124 17 117 35 22 84 2 9 17 51 90
33 57 89 94 38 33 47 61 119 49 96 34 91 97 23 48
26 37 52 70 34 69 59 69 91 16 71 100 33 122 63 66
51 24 32 89 57 80 23 49 1 119 83 92 88 106 12 115
16 64 57 50 5 117 119 96 5 62 69 38 56 4 104 107
28 8 68 85 88 91 6 89 83 89 54 43 68 66 30 84
3 88 6 8 77 125 105 82 59 46 120 115 50 96 94 78
104 34 35 65 126 42 26 81 3 80 124 71 19 27 27 22
115 33 30 64 30 7 18 89 53 10 76 103 106 42 53 82
77 89 19 75 3 46 28 6 126 24 78 17 51 105 39 38
11 70 102 41 77 120 3 3 2 79 106 108 122 32 63 71
121 82 18 124 0 46 2 127 70 80 16 122 58 56 32 69
126 7 110 75 127 113 78 2 65 57 110 59 89 45 2 82
0 20 78 0 66 80 127 8 33 16 2 91 72 35 32 70
42 14 17 41 0 96 43 65 25 26 124 114 71 126 68 71
18 18 72 84 98 71 92 3 87 95 94 31 2 126 101 44
13 119 85 13 87 1 78 112 27 74 98 98 72 38 42 90
105 6 88 29 56 47 62 5 81 21 125 116 85 0 109 53
113 69 99 126 54 26 0 35 75 34 85 61 45 7 74 22
13 34 51 69 82 113 74 35 6 71 23 91 71 4 16 57
73 115 55 127 14 55 34 89 89 119 22 7 126 96 29 12
2 81 81 84 66 28 119 73 99 14 36 43 18 53 100 92
40 27 91 54 83 126 15 44 117 37 51 116 5 81 0 8
34 81 92 100 109 84 45 81 98 82 124 117 7 96 81 47
123 44 102 78 42 117 123 32 27 46 20 32 127 20 40 33
101 5 6 83 89 51 36 59 5 32 48 12 0 1 60 123
46 34 74 88 23 69 120 50 115 12 83 115 32 123 20 6
0 26 89 89 78 125 21 83 29 69 96 29 71 28 24 117
62 98 77 85 39 70 8 27 82 91 14 115 86 34 121 87
61 82 48 11 79 69 94 108 11 62 9 82 90 33 71 24
4 20 110 43 90 118 70 45 81 84 32 39 119 25 126 52
107 47 63 58 116 29 38 127 92 47 81 54 80 24 79 84
45 61 0 7 51 70 52 4 27 84 43 18 109 42 70 88
89 5 18 77 34 56 77 126 103 30 53 56 55 4 12 100
65 12 107 116 83 32 120 110 116 35 0 98 77 70 58 38
75 77 116 109 5 65 108 109 95 33 37 22 37 49 122 102
62 102 90 17 6 82 127 122 117 127 92 67 69 23 105 16
100 93 125 105 30 105 86 126 10 123 20 47 45 15 21 107
117 111 124 123 65 123 117 55 122 82 122 63 105 99 79 77
65 76 54 95 54 13 93 64 8 114 112 53 1 5 32 118
117 28 113 54 23 102 109 17 56 103 80 33 75 31 110 12
108 37 107 34 50 73 98 58 59 82 112 60 88 16 50 77
45 35 3 68 9 113 86 66 88 38 99 35 70 82 47 50
119 27 84 41 100 54 99 31 9 83 91 97 100 13 46 17
48 49 85 57 34 43 123 123 82 95 30 24 49 78 74 40
105 30 81 77 84 52 108 93 8 71 62 108 84 108 125 4
30 82 61 64 126 57 59 80 24 90 104 73 40 50 113 17
80 66 94 36 118 74 2 126 17 64 106 101 45 103 105 75
58 38 11 56 95 71 8 119 33 112 64 73 34 49 90 114
44 46 49 64 89 109 32 113 102 84 36 117 73 44 62 75
14 2 109 88 92 94 30 44 34 51 118 17 23 87 3 67
5 52 3 94 33 35 79 7 119 116 124 64 32 58 12 46
61 121 6 25 87 36 70 121 87 60 10 110 19 13 49 24
65 53 118 99 88 70 106 80 58 103 16 90 33 28 9 94
22 15 120 109 52 62 103 11 122 113 122 14 127 43 38 64
96 29 35 57 99 14 9 29 117 25 119 22 54 0 117 76
16 109 57 68 43 32 79 37 18 73 51 17 117 90 81 85
119 117 14 90 3 23 119 120 49 110 14 103 111 3 51 127
112 108 67 27 13 18 65 31 92 116 48 81 78 1 38 69
118 53 31 121 76 22 113 125 5 0 100 116 3 23 115 116
4 54 15 17 72 80 48 36 69 96 117 19 97 28 89 88
81 120 81 29 15 67 27 20 67 127 8 70 23 123 58 27
49 74 44 121 26 92 30 95 60 19 115 29 47 76 117 0
68 71 30 83 10 57 103 77 56 111 19 79 106 78 106 27
24 22 21 50 114 51 18 46 70 5 76 118 81 65 118 21
8 20 105 18 77 80 95 6 64 115 85 42 65 64 70 89
86 91 11 73 14 29 119 84 34 67 74 115 5 65 9 13
85 114 32 35 66 127 41 2 114 126 45 51 62 115 12 21
78 24 94 92 53 85 48 88 25 123 75 30 60 84 43 17
70 75 52 9 75 93 11 61 92 56 113 26 43 125 47 121
21 13 85 75 99 6 35 124 1 110 26 61 67 69 78 9
17 3 18 92 96 30 25 60 86 10 87 2 8 6 123 29
20 81 104 119 87 11 115 88 122 13 21 61 82 99 70 99
102 89 63 71 119 89 3 77 99 90 79 107 97 75 9 117
28 113 108 115 125 95 75 119 108 96 52 62 67 122 34 42
83 97 113 74 58 116 24 30 79 103 9 48 50 18 37 78
4 17 65 1 112 12 120 92 108 44 26 48 38 60 90 122
30 75 68 88 63 92 118 14 68 0 62 118 18 99 69 22
116 6 23 100 19 15 64 127 59 91 47 98 23 9 92 53
84 32 14 20 125 4 34 65 4 97 55 23 68 124 45 57
3 69 29 22 84 94 21 16 57 69 114 80 78 78 6 35
7 7 44 115 31 75 39 38 48 37 75 1 105 33 31 124
2 21 73 125 65 71 91 108 82 1 106 50 97 13 16 104
20 61 91 52 8 2 90 56 40 37 58 17 70 89 14 73
111 87 70 48 30 34 28 112 35 6 34 4 19 50 108 40
111 72 92 120 74 54 48 114 92 106 4 34 68 18 107 51
105 50 99 7 84 127 119 119 5 25 124 24 75 104 64 59
48 28 51 123 83 99 109 47 78 113 81 18 3 61 69 108
111 40 115 67 39 106 58 44 3 54 68 79 31 5 10 79
33 61 74 116 32 56 35 110 41 117 0 45 50 69 25 33
109 13 100 20 119 30 64 123 85 5 74 116 10 84 67 43
17 14 32 49 70 67 32 111 56 32 28 106 102 54 11 83
67 111 104 58 14 40 53 99 45 127 87 55 83 26 99 100
40 3 22 110 70 54 94 127 86 122 105 60 48 117 16 115
100 120 46 114 32 99 85 78 99 44 5 54 71 104 27 111
107 49 94 50 103 60 49 61 54 26 122 103 15 10 90 116
2 8 102 34 108 60 112 79 104 118 5 47 94 32 31 74
81 125 124 56 57 45 118 111 71 112 86 87 122 49 75 124
57 49 30 37 109 15 116 86 5 122 5 99 26 36 45 108
33 41 36 90 86 26 74 30 10 32 117 4 81 64 0 11
113 31 48 95 46 37 53 51 31 58 22 57 95 68 37 0
109 74 91 68 100 37 98 111 69 87 115 23 23 116 34 8
19 82 103 65 119 28 116 22 87 10 80 54 78 117 54 60
63 17 0 36 54 98 19 124 57 6 19 80 122 53 88 13
7 64 78 127 92 66 21 51 77 101 105 27 91 32 87 26
49 87 62 104 57 81 100 114 88 119 66 82 44 27 96 51
91 46 50 55 113 72 107 62 45 84 89 8 116 49 35 38
8 97 14 66 51 114 52 11 105 119 93 21 18 61 72 109
108 123 36 93 67 15 27 112 100 116 121 88 37 28 126 46
125 12 112 48 126 36 59 103 27 25 124 45 86 69 26 66
64 63 31 3 78 58 115 50 47 108 11 84 8 9 2 6
22 114 54 20 23 114 124 50 11 120 96 97 61 122 36 125
57 67 0 8 126 116 58 45 96 69 1 105 79 4 111 101
119 41 105 42 31 126 109 30 20 73 30 31 30 106 119 10
85 28 31 63 51 120 35 41 97 2 39 113 30 11 111 21
52 88 64 84 86 45 114 106 118 17 10 21 123 1 31 80
29 63 15 80 55 51 121 24 53 33 9 84 44 120 105 97
81 41 53 39 86 39 18 77 56 28 98 52 29 1 4 59
64 20 11 119 71 5 15 124 38 25 80 82 17 58 51 98
99 104 10 58 16 28 7 72 56 105 124 85 106 1 16 43
21 28 34 92 33 50 88 71 75 41 25 92 99 77 63 70
53 73 0 69 101 7 14 29 112 10 114 91 11 3 6 32
31 40 124 64 90 85 7 37 126 32 2 97 109 65 39 35
10 40 104 111 47 118 12 32 1 126 123 12 1 1 45 32
41 41 96 4 126 103 41 124 8 43 93 117 108 5 24 118
45 1 101 92 119 113 124 120 112 119 5 113 120 50 18 34
91 114 38 90 90 79 86 98 123 52 87 103 57 112 94 102
113 67 66 104 53 63 97 37 54 102 22 47 24 40 81 115
27 119 77 117 70 36 87 65 88 46 41 17 30 7 119 15
74 57 120 127 120 89 36 47 63 59 94 87 99 47 74 126
38 24 115 108 60 74 46 20 121 87 37 23 94 28 39 40
85 31 40 78 120 76 125 55 7 91 14 107 10 88 105 48
112 93 28 44 39 74 64 32 33 101 56 127 1 95 40 87
126 80 37 118 28 34 45 36 125 59 15 7 19 120 55 4
85 83 48 125 30 113 29 63 86 85 63 88 52 103 47 50
55 84 40 83 118 85 119 115 16 6 122 36 127 49 40 84
4 88 81 34 73 111 98 32 68 33 120 121 8 39 43 63
123 84 18 113 41 10 100 58 16 94 94 15 15 6 100 19
94 53 54 40 36 24 72 105 57 64 98 65 103 13 0 98
97 18 83 11 28 55 69 45 21 35 60 36 41 32 55 7
86 109 47 122 5 119 99 62 55 69 127 30 83 127 0 52
18 83 63 46 10 4 91 31 39 24 67 80 56 123 88 14
104 7 9 110 127 108 44 54 50 44 85 5 43 85 57 61
41 121 108 51 125 71 83 37 95 22 117 24 17 77 38 122
85 47 104 84 28 20 10 78 64 95 83 108 53 12 41 94
