67 88 4 55 94 90 99 13 95 96 92 123 45 121 87 67
112 16 60 77 117 74 85 73 58 78 4 36 33 77 53 100
37 57 28 4 19 127 17 115 95 110 110 13 103 70 80 87
86 13 37 75 87 122 21 17 72 25 54 106 103 107 78 12
37 106 16 56 105 34 43 73 16 26 86 119 96 38 78 54
51 115 1 11 110 22 28 54 48 82 32 23 62 111 35 99
89 52 27 67 86 71 12 102 97 98 93 65 8 43 119 60
31 120 71 13 15 99 67 63 54 100 86 116 83 121 87 44
45 114 111 3 57 123 105 26 93 70 91 102 114 82 34 17
75 105 30 90 76 97 25 2 69 111 118 24 104 77 69 22
64 52 25 121 48 3 20 13 73 111 115 59 66 21 76 13
126 106 103 75 76 0 77 17 111 68 42 87 17 111 109 81
35 7 75 83 10 95 97 83 78 84 15 16 106 91 29 104
70 4 51 18 4 1 35 115 69 77 75 86 60 56 40 96
63 115 51 73 82 20 29 32 105 44 49 83 7 78 59 77
83 111 95 87 112 3 75 53 80 22 11 13 78 51 109 14
38 32 87 120 53 116 25 30 32 74 113 40 24 44 117 107
27 85 67 11 88 14 64 40 36 76 53 114 127 34 0 38
67 88 30 120 76 55 22 109 1 7 21 26 51 10 5 79
95 72 90 55 86 27 96 122 103 21 109 102 56 109 12 123
69 43 115 18 98 9 127 100 16 20 126 67 30 3 18 126
76 109 53 34 8 21 29 111 43 10 85 99 119 98 94 61
13 81 79 111 90 78 83 106 98 81 45 0 85 64 126 33
45 52 67 53 73 96 36 116 106 121 87 98 91 53 31 104
6 110 88 96 60 43 74 30 125 120 30 82 56 29 115 101
81 54 26 26 23 62 15 1 55 102 99 19 28 2 123 34
112 83 3 44 127 77 74 124 69 105 78 125 6 65 98 87
119 124 113 14 58 0 16 114 103 115 5 3 118 0 37 102
84 40 19 83 118 93 79 59 70 29 57 76 94 27 35 85
24 21 100 82 21 116 68 124 103 73 127 93 74 37 68 30
77 87 113 67 52 64 127 123 93 56 71 59 83 107 16 107
0 116 62 21 104 2 18 80 76 17 45 22 54 113 52 4
106 92 36 59 76 60 41 52 110 83 67 86 30 66 102 17
85 110 103 84 124 60 120 101 12 47 76 26 33 72 26 11
37 62 71 113 123 112 37 105 68 104 64 98 42 38 115 127
20 91 83 17 23 76 118 35 123 66 62 28 10 88 39 47
22 110 32 17 95 69 123 35 45 59 5 87 97 121 87 117
84 42 6 107 118 124 15 113 62 77 13 73 37 53 120 59
35 25 77 2 94 72 37 12 3 43 99 100 36 58 89 120
101 96 99 91 92 114 77 27 63 90 100 100 15 92 32 51
117 109 53 84 53 91 96 56 6 67 28 42 126 117 34 99
85 5 62 50 120 11 77 55 102 49 28 117 13 60 40 3
41 94 87 94 57 55 22 63 122 50 105 120 39 11 91 125
16 26 47 8 37 124 64 11 45 92 1 58 24 41 61 65
7 20 31 64 75 53 127 70 103 104 62 14 115 26 11 4
52 58 12 89 54 76 101 99 40 102 30 64 15 91 1 23
112 32 87 59 85 87 1 60 63 64 75 51 90 86 55 14
17 67 103 71 16 76 43 56 50 73 121 66 36 122 89 20
27 48 80 112 7 81 45 71 17 120 122 107 78 49 121 95
116 97 39 4 45 82 61 96 27 54 34 63 48 123 84 75
43 36 60 51 117 105 122 7 97 116 114 47 37 108 15 25
77 54 30 122 8 91 90 35 17 124 98 65 119 54 13 35
90 73 86 80 50 80 87 19 68 73 66 105 53 81 2 2
7 32 125 15 123 87 50 12 84 21 78 75 75 91 110 38
36 68 118 86 20 77 105 88 22 43 65 76 125 68 78 4
100 75 20 96 35 70 108 119 91 58 66 39 21 49 77 57
117 67 15 10 16 120 98 38 36 36 114 33 104 65 37 76
12 57 44 47 0 25 38 91 83 105 2 105 26 79 34 15
18 50 25 34 42 124 73 78 32 59 111 8 124 21 84 9
78 1 56 78 26 95 42 109 72 44 86 98 124 121 113 14
43 11 49 85 7 122 36 39 53 19 47 50 40 3 59 119
4 115 69 30 82 111 12 26 28 98 124 24 91 110 38 6
121 87 92 0 81 0 39 7 19 86 57 60 89 116 51 94
103 120 124 58 104 8 84 4 107 81 28 70 63 66 77 56
120 62 72 81 47 69 33 58 55 21 97 21 25 126 28 99
99 69 27 114 3 6 88 28 102 24 31 99 55 127 95 48
62 39 1 109 108 34 39 35 56 8 56 81 6 85 53 105
26 80 92 29 86 52 57 60 77 88 32 4 88 127 52 22
38 53 3 18 88 42 53 16 51 109 97 57 66 22 35 92
103 127 121 61 51 51 122 0 11 26 5 99 25 57 121 63
111 124 81 71 39 6 87 90 115 56 19 54 79 54 18 54
53 12 115 105 63 109 105 74 7 110 46 32 40 39 95 23
36 48 94 75 54 53 37 42 109 56 96 60 111 114 114 36
126 102 13 61 83 119 8 91 101 54 123 13 93 91 36 1
11 2 76 66 55 113 108 37 42 76 97 25 62 84 61 61
58 75 122 13 66 2 104 39 56 100 53 22 63 89 23 74
92 100 12 19 85 120 56 127 68 26 24 3 110 86 64 40
33 58 53 99 61 30 10 117 2 63 11 65 25 35 11 117
7 24 8 92 16 65 92 85 91 116 88 73 74 24 113 107
82 38 78 15 68 89 5 70 24 16 7 49 51 19 38 58
43 47 23 59 112 115 16 75 103 104 20 50 0 5 29 83
43 108 98 112 69 103 54 93 120 62 15 43 81 53 102 124
100 125 55 84 112 72 31 87 48 51 9 49 56 39 4 100
19 102 84 88 78 10 53 70 72 68 113 25 122 87 21 94
84 77 51 68 21 82 28 69 6 37 118 62 76 122 34 95
97 118 55 47 1 109 117 73 49 102 99 43 62 120 10 18
69 61 87 90 15 115 32 21 24 22 84 101 17 118 68 114
109 124 33 110 105 22 55 26 124 26 70 58 19 80 77 88
13 36 51 28 23 83 50 47 105 6 20 122 124 89 108 105
85 13 87 62 35 15 88 32 41 30 90 60 110 39 21 123
75 72 24 98 27 74 18 4 80 38 127 76 127 107 54 84
121 13 18 28 28 107 60 70 9 23 2 120 62 23 115 10
95 11 108 122 85 126 127 37 37 126 114 36 105 40 121 98
53 11 127 82 118 59 24 0 82 26 120 17 50 107 27 17
119 7 12 76 6 11 114 43 9 100 79 114 12 72 85 65
84 84 19 74 15 43 74 98 70 66 115 120 46 14 9 37
93 103 62 10 59 101 74 87 84 78 37 93 75 36 78 78
101 43 8 105 96 45 116 93 33 17 67 73 59 41 43 24
16 105 34 75 78 108 34 34 58 71 0 5 107 78 84 81
122 92 58 90 9 46 56 42 64 123 116 123 36 31 19 52
9 54 127 87 34 33 122 93 105 122 98 84 72 54 37 66
19 95 29 28 14 85 71 78 80 59 73 116 90 92 40 99
18 39 59 53 72 53 18 49 47 116 6 119 43 43 58 62
11 87 90 25 44 33 103 124 92 48 112 55 12 24 26 31
63 85 84 7 10 102 57 57 90 63 49 5 106 107 67 117
66 30 14 110 63 117 106 28 37 90 83 50 114 109 81 49
67 37 56 77 11 113 7 101 48 56 107 27 35 46 16 101
76 31 83 12 20 61 40 58 23 123 108 9 104 61 58 43
98 114 121 109 100 0 82 20 56 61 47 91 108 64 64 56
95 19 68 115 80 108 45 103 103 25 112 80 86 42 123 56
28 116 37 0 116 120 21 44 53 68 7 33 4 71 90 99
90 30 87 42 11 4 17 114 30 1 66 116 43 62 45 72
50 82 72 39 74 93 83 0 34 91 33 38 34 123 10 125
26 97 39 37 101 57 23 3 58 90 120 102 24 37 46 74
119 118 113 66 84 69 66 118 32 99 28 66 95 38 63 121
7 103 30 109 32 53 112 90 15 104 64 39 13 110 114 5
101 99 71 57 40 9 47 72 108 75 11 75 114 74 68 121
49 98 102 81 24 87 44 39 63 108 79 77 91 65 82 64
36 25 121 77 34 40 21 14 115 32 90 101 107 30 95 28
1 69 110 25 28 26 64 92 6 15 41 97 80 123 33 117
20 26 66 54 66 87 68 54 120 30 27 99 61 122 127 62
64 109 87 92 7 23 56 14 39 97 111 119 92 17 108 112
43 46 38 110 6 107 36 126 9 63 97 70 58 96 4 122
78 91 86 85 115 15 99 26 112 83 17 77 100 126 61 15
44 100 125 50 79 33 48 88 97 17 31 27 114 35 21 64
127 107 21 114 122 121 12 107 76 29 56 48 27 117 63 72
89 61 122 40 94 43 1 63 60 32 90 46 67 111 110 66
91 4 52 85 125 64 64 73 94 120 121 121 110 56 65 71
103 57 80 11 73 103 82 72 4 76 25 30 102 98 125 42
36 98 117 68 95 118 49 46 41 17 4 27 32 54 14 8
112 94 19 57 69 101 1 74 50 26 104 24 125 101 66 33
72 55 101 39 45 23 85 86 40 89 114 72 16 0 80 0
94 100 57 35 73 59 109 123 85 86 19 82 59 85 115 3
12 89 43 58 112 0 16 24 90 2 96 106 2 49 106 96
21 35 4 94 94 113 90 52 71 109 6 3 67 122 6 79
83 49 9 67 50 26 91 12 28 59 118 31 108 96 127 1
3 3 96 98 117 58 22 60 39 28 63 106 22 70 58 105
119 67 44 41 93 7 53 122 67 43 25 47 11 24 49 15
28 17 113 17 75 7 77 114 35 13 93 58 83 23 35 74
90 80 116 56 87 41 50 26 85 75 74 96 99 123 111 127
12 96 16 87 103 94 73 11 107 38 69 62 61 104 8 24
56 124 80 16 38 2 42 123 77 116 91 48 111 75 48 123
43 64 82 19 30 28 30 9 66 99 71 0 75 80 24 4
76 104 20 114 106 62 109 55 51 73 103 34 20 23 30 63
88 112 82 118 12 112 0 79 83 71 79 31 23 103 35 100
79 55 86 57 117 68 112 40 13 87 75 33 111 105 96 71
89 51 61 102 35 61 53 119 5 4 22 28 107 57 0 58
112 87 115 101 27 99 14 40 58 89 73 41 66 41 112 27
92 46 1 0 107 54 119 112 58 13 13 37 70 13 95 54
100 82 27 127 53 41 39 112 2 112 25 68 26 10 96 118
56 97 118 35 24 109 20 82 122 33 120 64 46 87 118 19
42 18 18 95 59 58 79 62 42 105 2 68 115 98 59 43
68 49 78 92 31 98 46 25 3 38 90 50 126 80 69 40
98 87 7 30 17 87 92 60 64 94 0 51 65 59 94 5
109 44 97 12 15 15 37 18 54 127 68 52 80 9 92 50
97 99 80 114 58 44 46 122 11 47 45 76 106 11 81 87
56 50 99 71 65 9 89 119 8 30 43 88 39 7 11 8
107 91 123 37 8 41 32 19 88 77 95 67 89 48 26 17
98 126 88 35 7 49 27 15 79 70 104 119 78 115 127 57
78 122 94 86 36 126 105 124 76 72 63 37 120 90 54 90
109 15 2 106 78 118 27 50 56 49 21 93 93 117 45 110
42 51 70 29 78 4 48 84 39 61 93 75 14 56 53 123
71 55 101 21 46 0 71 102 50 93 67 15 82 112 126 124
35 68 25 113 72 73 69 112 7 35 59 21 91 112 16 34
39 117 55 85 117 127 59 39 92 126 55 46 110 53 42 17
121 67 3 65 13 72 49 20 107 108 41 70 92 57 104 4
46 32 89 35 31 21 75 123 19 2 41 2 55 83 19 48
22 22 113 35 95 35 55 74 15 96 17 108 25 121 112 71
25 73 107 56 94 54 51 114 56 92 116 111 47 7 31 70
30 16 105 125 51 33 71 67 1 88 47 27 82 31 98 107
104 77 36 71 3 87 57 59 52 45 42 99 52 73 41 82
90 19 79 13 52 23 80 53 111 127 80 65 30 51 45 7
0 81 78 4 40 7 63 92 52 106 64 104 51 105 59 13
124 10 27 48 33 107 102 17 107 54 82 9 105 127 16 106
80 94 110 121 101 45 85 25 23 21 2 75 127 61 88 123
71 115 44 105 95 18 122 74 72 76 83 50 76 100 28 28
66 10 21 40 55 107 65 79 0 67 26 127 0 114 123 72
102 39 49 69 57 43 15 1 119 98 51 67 70 79 96 9
89 117 49 17 96 114 96 97 54 122 96 54 108 91 126 82
2 47 23 59 90 38 61 82 9 112 21 79 64 117 88 25
107 9 42 75 124 10 44 50 4 13 104 113 104 103 67 107
22 91 38 113 1 99 67 10 84 88 90 20 78 50 45 57
60 88 4 56 98 49 106 103 62 82 88 38 57 27 17 80
118 56 65 120 27 4 2 111 92 92 3 42 15 49 99 75
9 104 3 107 25 109 82 87 63 42 125 121 70 15 73 60
71 10 52 98 14 55 82 106 19 85 21 34 6 120 109 15
96 112 123 121 93 77 80 29 120 78 22 62 93 95 122 36
105 47 6 119 102 88 97 121 46 118 28 52 111 9 68 79
122 63 73 87 12 25 116 4 103 10 66 68 105 61 104 82
108 111 73 82 71 43 75 117 33 103 42 16 113 110 96 107
45 41 66 57 66 55 62 42 65 0 110 43 61 87 125 41
70 71 123 13 114 71 3 19 46 45 36 31 27 4 10 72
18 50 66 41 7 34 3 119 20 35 67 47 7 94 79 48
33 55 57 22 92 95 6 6 1 98 5 52 84 80 37 102
2 104 15 10 10 19 1 30 54 68 77 61 34 28 109 67
83 38 90 47 5 96 54 6 66 59 59 22 11 96 124 14
72 12 24 82 31 25 112 85 93 61 18 0 89 127 67 45
37 29 92 42 125 18 48 64 77 107 86 89 76 83 103 20
95 127 103 126 24 87 83 117 21 101 117 110 100 57 27 9
86 120 51 84 10 99 20 88 79 106 49 27 61 24 47 28
23 22 26 47 110 109 36 3 82 26 113 54 83 13 63 41
5 114 125 15 86 17 103 37 124 24 64 57 48 111 86 71
6 112 118 116 94 27 119 48 53 104 103 8 117 38 49 122
25 47 10 111 64 113 20 60 10 84 118 58 67 76 2 73
60 120 61 26 19 52 75 72 29 50 80 18 88 2 13 113
49 23 96 113 8 116 46 18 72 36 77 12 112 79 85 44
71 19 71 91 71 18 35 100 68 116 119 28 118 4 14 39
27 110 24 35 99 70 54 43 106 3 55 90 82 13 7 25
32 78 116 103 96 24 76 36 12 67 64 2 71 78 41 98
61 65 5 32 8 59 75 114 62 3 77 16 16 84 42 48
34 30 23 2 54 99 38 66 38 102 68 109 53 109 79 114
47 85 18 55 16 93 41 79 96 118 95 112 74 9 32 108
40 56 110 94 27 20 33 66 123 101 47 48 83 127 34 2
84 52 57 100 17 98 51 114 89 19 98 35 28 3 16 68
59 126 35 86 19 68 24 14 41 72 62 124 71 96 126 27
20 55 127 37 26 51 23 115 70 122 22 98 125 38 39 56
37 74 14 56 14 39 70 55 111 4 52 54 100 50 81 120
106 80 29 4 3 53 119 73 47 13 44 44 52 83 100 89
29 114 17 43 25 87 98 8 91 22 62 63 73 15 55 51
96 84 55 99 9 46 45 56 59 89 100 111 44 72 72 73
59 89 116 84 48 86 93 11 109 27 74 54 43 1 105 11
86 32 110 95 78 27 24 9 116 124 121 32 69 65 105 0
27 93 84 75 52 49 87 33 77 33 87 120 35 64 3 121
96 113 88 46 13 112 55 1 109 48 34 50 114 11 50 13
27 59 24 89 104 0 118 64 39 31 0 74 18 22 40 116
41 110 100 72 126 80 39 126 7 71 71 126 17 45 100 44
105 124 5 81 125 123 17 36 26 17 110 45 40 23 33 81
5 5 25 4 85 64 2 92 7 73 90 24 118 62 68 95
59 73 48 56 68 66 92 95 83 74 12 123 97 45 76 103
50 101 107 8 38 109 100 45 54 63 70 44 125 10 12 56
84 60 112 24 126 76 119 82 23 3 77 120 48 26 95 99
127 74 107 37 55 79 83 109 14 25 26 12 35 38 68 119
98 53 16 97 1 7 51 24 11 0 17 59 26 112 30 26
59 9 63 114 89 18 96 103 43 122 115 79 32 56 70 2
109 86 99 110 94 22 7 105 23 24 36 49 8 67 75 67
76 11 54 37 29 22 13 73 16 0 24 48 56 94 50 37
53 22 20 19 44 27 124 67 51 32 117 59 99 64 127 48
75 53 85 105 75 98 50 91 99 74 11 27 40 61 65 93
83 85 112 0 112 108 67 35 13 56 94 112 121 93 32 68
18 118 45 93 88 95 56 59 41 67 87 82 1 24 47 84
109 32 84 93 12 24 0 25 80 94 10 73 60 42 14 78
32 59 44 121 27 100 52 68 40 11 22 41 35 70 125 16
102 82 109 114 106 109 12 58 76 22 4 8 64 18 86 97
77 2 90 104 103 14 45 15 26 67 56 61 9 53 78 111
7 59 98 113 41 110 44 117 4 48 125 68 66 83 37 15
86 127 120 61 14 37 76 40 104 4 101 114 57 51 97 65
111 67 50 24 49 94 13 53 14 10 122 80 93 31 96 51
31 88 112 45 125 60 85 101 64 58 87 122 110 57 59 93
124 109 117 46 76 2 99 90 12 93 43 105 125 11 29 28
99 13 73 96 74 30 69 10 88 29 4 70 86 63 35 82
45 24 0 121 26 100 83 38 65 126 16 62 9 45 90 108
58 35 76 4 65 18 15 26 47 19 96 5 83 4 87 0
28 88 121 55 60 76 93 125 75 109 60 84 26 22 65 85
58 13 89 123 31 104 21 78 124 118 83 79 122 43 79 22
3 72 77 63 20 43 60 95 24 120 52 51 15 117 8 73
2 97 68 34 74 90 112 70 80 68 21 74 111 100 96 114
3 90 76 98 34 84 108 90 57 36 94 71 12 51 43 123
117 19 45 48 104 31 2 12 95 66 30 108 90 73 5 94
35 81 64 69 37 44 31 94 81 126 37 93 49 80 88 39
99 5 87 75 36 90 87 3 28 117 112 118 62 117 84 97
70 21 39 107 65 70 74 18 68 111 112 118 64 72 29 35
78 116 111 114 78 70 118 106 60 102 97 122 91 53 92 33
74 3 12 12 73 86 30 14 70 14 4 6 87 33 41 37
21 24 23 100 95 13 78 27 115 47 21 78 101 113 111 47
116 124 59 62 82 90 76 24 104 80 30 63 113 72 100 6
96 124 106 63 9 57 90 125 104 112 75 77 97 59 125 86
55 56 20 9 18 96 34 123 48 64 58 33 8 31 39 105
27 18 40 36 75 3 33 51 115 109 1 84 40 126 42 95
54 62 104 73 30 10 68 78 75 126 111 83 29 23 60 56
41 101 93 116 104 126 39 91 107 40 47 19 38 90 114 93
24 91 38 55 101 106 5 48 104 117 4 6 12 64 62 53
37 27 41 13 26 80 104 5 121 24 25 31 114 11 124 10
102 34 65 76 12 71 124 117 60 0 123 72 65 57 125 102
85 38 116 111 118 92 116 111 116 13 15 102 25 11 113 127
46 50 75 58 121 72 47 53 72 42 125 9 100 122 112 57
32 100 40 23 64 28 6 53 42 21 27 67 33 12 66 79
63 14 9 56 86 57 110 30 99 107 40 71 102 24 0 6
124 40 29 60 69 36 113 111 57 13 50 90 25 116 41 88
2 51 17 88 108 127 119 79 106 31 23 80 55 23 87 51
64 116 111 5 24 97 116 82 110 38 44 7 26 86 96 29
9 113 117 117 112 108 68 90 11 91 43 66 115 2 117 51
118 101 56 15 70 44 97 52 82 13 59 108 99 27 9 108
12 127 97 124 107 38 87 119 1 2 57 116 4 47 39 122
20 95 9 90 11 106 14 93 120 73 74 91 101 83 72 113
82 41 110 62 79 69 53 81 71 110 69 75 29 109 69 49
76 79 11 88 57 25 53 49 99 127 13 72 83 85 57 37
126 39 99 78 108 24 31 51 7 100 126 36 81 68 86 30
19 97 118 76 123 43 126 94 43 11 38 126 96 95 35 94
42 22 5 41 110 92 68 8 49 89 28 70 104 110 7 22
87 10 17 127 45 39 27 36 66 121 56 24 99 88 15 13
110 21 54 92 113 122 100 34 84 0 105 60 111 112 83 70
122 100 69 40 11 97 76 78 90 4 102 61 92 117 74 74
10 1 38 124 123 10 30 79 10 7 12 121 120 95 64 114
67 5 26 78 102 102 28 65 106 2 126 70 120 73 16 2
74 54 126 69 64 29 21 75 36 33 68 28 0 4 15 67
10 41 17 112 16 46 49 122 48 48 65 40 121 81 43 67
8 41 8 72 70 29 19 107 62 88 7 62 92 22 1 102
64 19 87 80 65 8 74 113 56 11 26 49 93 69 116 101
110 125 45 53 26 65 32 89 25 39 23 117 62 25 92 126
44 51 78 109 59 24 94 116 36 120 37 1 61 26 102 44
23 19 97 49 84 1 10 109 40 34 99 102 59 63 100 103
114 50 84 45 75 50 33 111 43 71 112 104 97 86 20 120
105 117 41 62 118 52 43 31 86 14 5 17 77 106 120 63
28 76 109 103 126 14 86 41 85 70 18 54 28 38 46 6
28 88 68 18 12 111 49 98 126 55 115 75 33 107 11 61
55 120 37 53 6 123 95 92 66 113 18 94 23 65 100 51
25 40 70 37 24 119 7 22 46 122 97 79 101 108 13 28
100 50 81 107 45 48 71 111 33 89 78 57 26 50 108 51
91 50 88 115 42 95 9 88 89 106 40 62 87 53 90 59
103 44 38 20 92 109 4 126 71 82 55 97 4 35 21 95
86 109 82 0 77 91 88 38 70 0 101 29 53 63 88 28
107 127 49 72 108 53 70 51 7 125 21 11 32 42 107 118
23 61 118 100 25 79 11 95 79 112 124 5 47 84 33 27
83 82 99 64 7 41 115 14 38 8 26 70 50 5 61 74
66 51 46 91 2 57 58 82 41 54 87 89 11 120 116 94
75 87 30 82 0 18 97 38 26 123 108 77 0 41 23 66
93 69 30 95 127 88 49 40 15 8 1 26 1 117 120 76
76 23 30 76 41 127 114 67 122 95 16 122 8 39 61 101
109 91 69 108 51 118 20 66 127 22 92 0 11 85 76 88
108 106 36 21 106 23 88 100 118 105 95 126 16 28 100 125
