18 3 63 82 47 28 3 126 85 68 71 56 116 80 41 86
115 103 0 104 35 10 22 121 48 11 9 76 8 13 102 26
16 37 109 63 66 112 61 23 52 5 79 40 85 120 127 73
96 127 49 3 10 71 124 58 83 6 6 91 19 109 118 36
18 99 99 84 83 33 107 7 38 58 48 123 51 47 68 19
46 118 22 56 61 18 114 16 24 121 108 44 102 98 80 120
69 51 77 24 84 56 31 122 115 79 118 38 126 58 57 45
48 79 101 110 97 88 126 122 81 106 38 55 76 118 47 17
41 124 41 126 53 73 120 40 24 110 78 23 41 7 68 89
86 41 71 55 1 70 49 82 48 87 9 125 77 57 14 119
53 56 117 106 1 109 18 25 92 96 48 5 103 116 94 61
30 38 117 31 108 38 114 28 126 123 25 75 52 40 66 106
96 55 84 97 37 103 122 1 71 43 6 47 31 100 108 61
10 97 93 118 8 79 19 6 74 44 81 127 84 20 105 52
75 61 21 112 36 16 113 108 59 119 27 90 92 7 24 102
105 117 93 113 68 112 119 14 28 72 13 113 92 118 37 40
52 59 24 88 75 10 68 6 1 95 96 93 103 120 68 80
109 33 65 49 17 56 64 45 0 77 30 93 68 68 5 120
127 29 80 74 39 21 80 41 116 48 6 91 41 74 43 22
107 108 72 124 36 8 42 37 85 72 2 25 12 7 17 11
36 98 85 76 119 37 117 107 86 123 71 127 70 114 21 49
95 93 46 3 101 88 40 59 32 42 84 45 49 102 56 86
72 14 34 63 51 23 42 9 18 113 8 88 100 30 10 67
123 56 70 97 16 111 28 48 25 112 93 75 86 22 33 30
36 67 93 87 90 8 97 108 121 105 69 93 7 79 32 3
7 103 100 23 86 0 71 111 112 37 58 71 59 91 101 95
30 67 54 120 75 23 101 68 1 42 34 8 121 66 11 0
41 111 23 127 111 94 111 96 3 41 39 62 5 12 29 35
79 84 28 26 107 1 95 108 43 1 117 36 67 0 36 109
112 59 108 95 25 91 63 29 5 102 91 10 115 121 45 66
77 73 93 56 74 60 37 117 61 26 25 0 26 61 109 10
120 90 106 18 53 41 47 58 16 10 68 3 3 114 69 80
45 86 31 108 17 9 125 98 101 12 57 27 4 73 112 52
23 35 71 66 51 21 81 117 39 60 119 49 62 15 32 108
102 64 88 119 73 85 89 46 98 18 73 102 91 57 26 115
93 98 53 16 119 7 5 31 67 125 80 2 12 112 110 114
48 70 105 121 27 66 40 125 84 113 99 48 43 126 35 8
96 88 24 87 95 30 118 35 27 70 37 39 55 19 26 103
89 3 97 116 70 9 114 26 122 85 74 37 83 109 45 51
70 70 11 37 100 1 72 127 72 109 38 127 0 64 102 89
68 71 78 10 80 64 36 75 21 111 112 105 92 30 28 34
100 39 72 72 41 16 71 113 126 109 112 126 46 86 88 114
30 38 124 110 102 32 57 123 15 42 100 108 72 1 14 44
40 86 116 81 103 59 66 101 40 50 99 86 9 59 72 39
97 68 21 71 101 79 67 116 121 39 96 65 40 111 109 81
69 97 34 44 28 101 17 68 23 117 27 32 48 99 71 18
40 93 89 13 44 28 1 37 68 98 102 108 81 83 61 22
52 96 67 80 69 84 20 92 73 47 125 122 19 68 12 59
33 101 72 77 2 73 114 70 43 88 50 124 43 112 19 95
80 86 47 21 42 68 113 116 115 110 110 6 51 122 65 84
95 9 34 97 83 20 39 126 109 90 123 24 74 14 120 26
100 39 47 14 107 32 2 95 15 112 101 66 106 39 22 74
48 56 43 3 77 83 2 58 45 125 82 119 11 74 17 111
114 64 125 93 96 0 60 111 112 34 49 91 73 72 37 121
0 80 125 77 35 127 7 80 124 90 71 7 36 88 118 22
24 115 116 121 115 48 104 100 82 26 63 27 98 100 21 98
52 18 48 88 17 55 40 13 17 112 20 54 72 10 76 97
125 64 90 113 113 66 85 67 92 20 95 62 120 116 33 44
6 81 4 23 8 45 36 26 29 56 80 101 66 28 70 63
93 32 48 78 99 5 17 63 25 112 126 17 100 31 62 106
112 66 1 120 111 37 18 12 93 98 114 31 127 56 95 92
89 15 42 60 21 59 123 46 44 121 64 16 24 126 123 8
64 124 1 48 34 19 60 127 118 46 31 117 103 126 81 64
13 123 124 34 54 119 81 98 113 17 115 9 15 110 18 79
24 51 57 97 90 88 5 4 90 80 44 46 57 22 78 60
0 36 85 91 99 19 55 55 9 72 31 109 115 11 44 11
62 102 109 24 62 114 28 25 66 73 71 123 95 21 55 95
58 12 59 29 31 114 84 40 58 116 22 46 127 66 57 61
40 38 86 103 24 114 0 90 59 71 86 27 93 13 122 23
26 53 52 57 40 9 98 98 125 120 16 124 58 74 57 99
112 15 74 9 2 74 99 61 17 57 88 110 71 83 5 97
8 58 26 48 67 124 19 64 116 35 60 47 109 117 18 94
5 92 103 7 38 74 68 55 4 29 38 75 112 43 44 120
101 70 41 40 67 60 104 55 95 36 102 77 26 120 43 31
84 18 38 122 92 106 50 96 7 88 43 119 3 87 112 105
30 25 17 97 85 122 24 52 30 127 1 56 119 44 87 76
62 125 70 27 104 120 123 111 80 39 103 84 126 87 61 28
112 78 125 69 72 22 121 103 21 123 31 12 39 119 88 102
116 31 1 92 23 124 76 104 35 51 60 34 10 121 62 122
71 60 63 16 82 56 119 103 51 22 115 91 13 76 65 2
107 66 94 2 62 42 106 98 93 38 4 103 31 66 97 103
126 32 119 80 89 110 55 12 4 43 103 18 119 40 20 98
106 114 100 41 29 79 11 122 117 15 98 21 81 67 124 80
100 115 32 61 97 88 73 101 3 49 119 122 89 11 92 68
126 64 109 27 15 120 21 5 7 119 26 88 59 22 40 31
9 73 92 106 33 37 79 36 86 71 30 48 82 122 116 80
58 97 107 74 89 1 79 96 120 105 56 51 127 97 82 8
42 46 114 75 84 65 111 42 8 13 90 91 7 78 43 65
47 23 11 8 24 90 104 16 67 33 68 66 2 22 74 44
69 60 119 25 126 102 67 6 115 30 97 122 108 13 59 28
36 71 36 60 33 13 76 101 46 16 39 48 39 114 92 108
46 83 5 44 57 72 51 44 102 20 38 83 33 97 111 69
40 19 1 74 32 78 47 78 94 86 126 5 72 90 113 119
45 118 35 102 63 86 18 37 107 56 120 12 26 103 82 66
123 83 12 27 33 59 106 0 18 104 5 90 67 119 81 112
109 117 87 44 75 105 82 54 34 74 67 60 50 21 126 45
24 35 14 2 123 66 102 42 45 121 45 34 106 27 74 61
20 26 65 45 112 52 104 75 30 23 91 77 11 51 10 35
86 24 37 82 90 11 124 7 5 42 41 111 69 116 44 89
14 110 7 127 34 111 74 64 6 37 14 17 88 24 53 47
49 90 1 11 102 125 19 107 39 60 90 109 48 6 70 63
116 77 62 22 60 8 87 66 45 101 84 5 125 9 52 46
99 53 58 73 51 77 52 90 9 14 71 58 21 14 121 9
91 55 32 24 63 119 90 108 92 46 113 89 55 38 8 27
91 66 100 14 15 25 105 24 39 48 82 60 62 75 70 26
2 102 50 65 93 12 45 57 59 31 18 114 69 26 13 32
92 114 47 107 11 24 4 50 72 86 111 7 34 53 33 36
27 83 102 120 95 19 49 26 50 67 13 119 94 26 24 58
12 71 38 23 95 42 74 39 0 57 46 34 110 79 71 9
34 45 1 2 64 50 28 115 117 41 106 83 68 2 14 80
73 52 104 40 94 50 80 94 107 126 1 89 78 72 98 112
117 99 114 53 21 15 40 10 56 19 94 124 21 108 77 95
32 53 7 126 103 87 92 82 86 93 43 36 37 13 20 26
112 7 80 5 22 120 15 78 11 109 75 33 89 24 0 121
77 7 119 52 95 84 6 53 49 49 89 87 62 109 113 46
116 65 51 10 58 66 89 69 48 36 102 9 60 102 3 9
110 122 61 77 78 67 2 0 116 91 87 50 72 72 96 61
10 19 71 68 85 32 9 5 68 112 15 0 86 18 9 68
12 70 17 91 9 19 91 125 110 50 47 55 122 15 116 4
34 59 72 120 92 82 125 32 66 12 33 24 30 42 93 43
113 110 6 122 2 97 120 112 19 39 39 13 55 27 18 89
87 90 81 51 44 79 83 110 91 116 7 122 31 100 37 16
82 43 10 84 12 2 69 31 42 108 44 97 8 62 58 95
25 12 18 69 91 101 52 54 90 59 48 121 31 85 9 113
0 19 70 12 22 11 43 64 119 88 33 127 22 91 94 47
103 112 117 66 86 41 121 48 100 41 41 3 127 50 116 127
69 58 12 91 69 55 27 61 15 60 60 38 24 27 85 127
11 74 66 97 115 59 17 87 100 58 90 99 108 79 99 50
33 121 10 70 102 40 7 38 67 40 20 5 100 115 53 127
17 40 21 76 75 39 35 58 61 59 39 28 49 68 53 82
62 63 24 36 103 32 74 42 72 94 47 44 81 101 43 99
13 64 47 89 103 82 19 37 13 59 65 62 127 118 16 61
53 41 97 28 73 43 71 17 10 118 61 91 91 104 62 105
40 109 66 16 63 85 53 76 16 118 10 16 109 27 77 34
68 47 63 13 90 6 30 100 124 91 64 88 67 126 65 107
108 3 123 43 88 48 120 105 39 2 121 20 29 70 54 97
117 117 110 80 123 12 52 120 103 116 80 42 115 17 22 95
20 17 10 108 66 2 85 105 5 78 125 34 21 51 4 10
41 114 90 36 127 15 28 102 3 108 17 118 125 39 85 17
56 96 126 122 98 83 99 103 34 96 10 55 20 14 65 61
0 28 97 127 43 126 102 46 106 119 37 104 30 122 121 86
90 119 81 61 75 52 36 109 21 46 36 41 60 101 102 61
1 71 60 44 69 34 91 48 25 0 24 55 122 17 14 85
9 95 18 84 19 54 65 40 101 101 81 33 74 55 94 76
127 27 120 68 61 83 116 87 83 12 14 78 30 28 35 39
123 53 123 15 107 60 55 80 33 9 114 107 64 80 55 63
107 48 4 41 3 120 0 87 5 14 37 35 43 72 74 38
125 69 53 104 1 109 57 34 118 43 13 54 123 69 118 103
117 122 16 120 114 16 79 119 30 116 26 73 60 100 112 57
41 37 34 42 18 91 76 8 6 90 63 1 31 53 104 20
47 120 12 33 8 92 25 39 80 51 112 13 24 96 70 65
6 104 108 24 67 56 33 73 18 96 75 49 21 51 69 68
44 82 101 52 46 126 91 126 50 76 11 74 44 82 11 50
58 119 75 126 48 108 71 66 76 18 116 97 70 57 37 114
11 10 38 57 9 2 56 59 78 67 5 122 21 16 45 80
8 120 78 56 100 21 122 48 40 110 17 110 40 54 96 51
64 6 109 73 8 37 4 86 104 9 81 126 26 126 78 34
118 28 90 90 49 84 10 89 67 27 71 107 81 39 30 17
46 11 91 54 48 95 13 25 105 94 23 3 92 101 37 82
1 127 44 50 83 54 12 22 81 83 1 34 123 32 51 41
63 26 28 10 43 17 8 21 10 54 13 87 104 88 38 79
60 35 95 69 42 18 64 7 32 23 36 106 38 57 47 101
83 75 112 126 93 120 20 103 46 33 62 22 122 100 101 54
7 69 123 49 87 59 56 119 82 93 97 120 22 16 93 105
92 77 103 57 69 123 32 115 29 94 9 23 66 111 77 74
52 72 123 11 3 52 2 85 17 99 77 39 116 42 16 80
120 119 9 61 115 41 49 16 7 58 39 73 41 116 19 93
60 15 104 63 67 106 20 84 78 97 123 66 11 11 18 3
2 27 65 117 68 114 5 75 44 44 20 86 32 40 51 92
55 28 27 122 6 47 78 84 16 73 22 28 84 40 31 86
67 96 76 7 82 81 82 127 126 103 85 30 15 8 123 70
36 22 64 43 70 14 127 86 87 22 114 43 62 18 1 2
114 77 9 69 31 92 68 29 67 25 59 82 33 54 24 70
77 88 113 19 102 112 105 61 6 92 104 69 110 105 71 96
55 80 37 86 44 105 115 111 2 46 65 36 101 89 106 50
49 91 69 23 75 46 84 82 10 60 23 120 38 94 89 93
46 126 51 91 104 38 74 106 84 12 14 57 101 120 107 23
83 48 46 31 95 3 113 105 63 8 98 101 102 59 66 20
57 117 111 33 27 58 12 112 70 26 41 43 19 21 66 102
69 113 5 36 116 118 14 51 126 112 25 100 43 91 121 100
81 104 6 108 34 18 92 104 44 6 20 63 27 86 38 96
71 43 5 59 34 19 111 32 3 8 5 46 99 126 18 52
102 24 33 9 42 125 113 87 3 5 22 30 92 60 127 35
104 4 95 10 23 78 42 26 86 47 72 57 45 90 110 20
115 15 29 29 12 14 116 16 20 11 46 112 71 45 19 47
49 114 57 72 64 100 98 22 19 42 80 65 5 62 85 120
77 114 21 89 0 10 105 20 21 24 4 92 69 24 12 119
10 69 63 75 41 34 97 61 76 49 126 81 111 83 73 60
69 95 22 69 105 127 90 126 23 94 90 93 118 102 84 1
44 19 76 85 53 45 18 2 95 16 83 78 99 29 11 40
124 33 110 101 32 72 99 56 38 61 21 29 36 105 30 80
124 106 37 50 23 56 52 118 72 7 69 44 36 80 84 32
18 119 127 91 19 57 27 44 96 121 84 85 24 112 106 112
45 15 113 94 2 1 35 114 12 29 11 36 97 77 11 115
68 10 79 87 67 106 3 36 99 88 121 123 72 99 108 117
115 93 83 117 94 118 103 106 20 114 14 117 63 26 104 3
36 55 91 104 34 94 12 5 54 5 1 127 104 109 116 91
74 72 80 40 62 55 19 82 42 33 71 105 59 48 109 96
103 72 72 9 38 84 15 93 89 16 92 65 125 80 29 71
24 109 111 87 37 2 41 79 36 113 56 95 33 37 63 8
109 7 18 20 91 33 113 52 49 77 118 46 29 19 117 54
0 100 13 37 103 54 116 11 39 45 106 72 82 42 81 64
49 99 84 13 4 69 65 53 18 55 99 47 74 88 101 75
60 114 112 35 41 101 46 80 18 25 25 100 67 106 36 116
77 120 1 81 61 67 6 79 122 105 127 69 65 100 16 125
87 0 33 0 101 79 80 119 104 105 92 43 83 0 32 32
121 33 113 54 100 119 6 95 96 5 36 33 105 52 31 64
52 64 64 26 15 17 17 120 122 109 35 78 110 67 110 103
101 96 29 73 87 35 40 56 40 76 89 18 0 120 82 53
56 19 79 72 36 96 64 30 78 99 108 60 39 91 35 12
59 64 85 18 100 126 74 12 74 36 30 75 28 113 0 85
4 79 29 40 47 93 70 125 64 51 57 103 14 92 115 73
29 73 91 1 71 38 13 17 74 44 92 102 29 92 59 33
43 88 73 91 53 15 88 118 66 18 93 80 110 81 25 11
26 117 12 97 27 26 114 101 70 79 75 99 43 7 4 87
95 77 50 21 92 10 11 31 28 104 111 11 57 9 22 83
126 35 52 25 61 39 126 3 118 73 102 33 80 106 120 48
55 42 69 19 53 80 50 81 56 34 92 114 43 115 69 41
22 122 66 83 33 64 86 23 9 60 56 90 38 49 10 93
91 79 112 16 31 35 98 87 69 62 73 112 49 15 25 71
9 91 26 42 27 112 65 36 44 121 126 82 42 8 47 6
87 32 22 118 67 120 78 8 55 23 120 104 38 17 48 47
108 74 89 7 59 26 43 103 20 42 58 62 50 105 68 10
9 91 0 76 83 78 84 10 102 76 115 12 93 35 60 73
77 97 103 57 116 44 13 32 26 28 76 115 54 81 122 37
64 10 90 88 71 110 13 24 82 24 93 16 111 103 51 61
72 26 118 60 70 3 92 96 32 41 83 86 122 77 123 58
88 86 19 31 68 32 55 22 56 20 38 40 124 89 101 68
115 91 1 57 95 93 26 127 6 109 85 1 59 80 59 19
38 78 50 106 111 105 1 39 125 39 79 121 1 52 62 116
16 63 46 111 28 72 110 35 53 67 36 112 19 95 3 58
46 53 36 29 30 37 68 28 77 20 21 78 72 83 66 88
18 112 71 47 56 53 82 110 120 118 94 12 85 98 70 3
23 106 32 54 16 101 82 93 121 103 43 65 59 109 26 77
94 97 124 22 23 78 4 15 68 99 27 26 69 97 29 92
76 62 18 92 35 100 57 28 76 100 93 7 81 119 84 47
89 81 70 112 31 74 127 100 45 27 126 114 124 27 79 72
89 97 36 124 70 93 24 18 65 118 25 19 109 109 66 70
62 8 54 94 83 54 66 0 81 64 115 77 91 66 22 53
35 58 49 105 24 74 123 89 64 20 108 45 2 47 116 64
55 42 30 10 96 96 11 49 32 126 127 124 64 21 49 99
79 98 77 103 44 72 65 108 93 45 26 95 92 14 31 20
56 62 30 25 30 41 74 63 39 73 59 103 94 108 75 46
78 24 21 123 96 86 103 61 4 1 28 96 15 60 116 72
122 19 97 24 60 43 87 100 117 18 75 83 126 22 1 77
46 23 72 15 109 47 76 113 49 105 82 64 37 70 8 31
89 105 55 22 21 15 122 10 33 69 93 32 92 95 109 10
118 53 25 99 100 102 85 21 79 39 86 116 109 94 19 71
72 74 93 93 89 87 103 123 28 68 27 120 35 8 3 25
61 28 125 33 2 82 55 81 121 13 69 102 107 88 45 51
35 10 16 124 97 119 119 126 60 18 118 95 26 121 121 87
22 118 121 24 72 48 106 65 61 47 39 40 8 85 92 43
95 108 39 65 100 31 63 32 49 53 127 76 47 120 35 69
110 28 93 54 76 71 119 9 119 31 50 127 116 14 42 83
122 81 20 94 112 83 126 34 9 126 110 56 118 17 125 101
46 90 27 122 34 19 4 25 50 54 24 38 68 66 121 62
73 3 113 126 5 25 82 5 86 19 127 108 90 70 8 93
10 46 125 95 83 113 111 40 97 112 3 37 34 10 47 107
13 32 105 19 57 60 24 15 79 23 124 41 94 4 7 104
50 4 71 5 117 55 45 86 39 49 123 73 59 42 53 73
75 30 92 4 90 116 20 42 12 16 83 106 20 90 82 70
95 25 76 84 80 121 43 120 42 38 65 102 81 118 47 28
21 11 32 111 127 52 25 11 68 109 117 88 71 71 31 38
97 107 123 49 100 38 41 15 76 107 117 29 97 36 57 118
47 90 102 46 14 127 58 83 108 47 43 52 119 74 90 88
53 85 9 26 123 51 41 72 30 30 101 127 66 31 118 113
121 92 31 7 91 89 90 72 9 6 124 0 80 86 88 6
44 97 32 39 20 73 111 50 103 85 50 41 116 40 26 109
4 57 116 95 19 79 39 28 85 35 28 37 122 116 43 38
85 75 77 106 20 61 28 123 18 78 36 6 118 62 115 122
120 103 90 11 54 1 39 11 37 67 49 31 55 92 69 12
40 18 118 60 79 19 56 97 97 92 103 88 27 90 82 19
66 44 30 120 46 69 4 83 8 53 114 63 17 55 75 57
73 66 118 25 85 46 122 54 10 98 14 37 60 97 56 126
13 86 119 59 27 123 14 35 48 0 98 65 55 46 123 1
112 113 26 69 31 20 123 41 118 10 79 51 107 7 49 120
94 40 52 121 35 66 29 83 67 127 21 122 45 16 123 29
1 21 98 32 42 94 73 32 104 24 83 83 32 5 75 126
45 127 119 81 66 20 36 5 20 57 127 65 73 123 95 74
16 65 106 58 31 52 91 7 76 46 90 108 51 38 106 97
37 98 50 103 118 86 108 10 16 108 76 89 103 43 36 119
108 14 50 12 66 13 19 15 59 110 123 111 20 102 80 57
72 2 33 62 88 13 73 104 121 21 66 96 64 102 88 44
116 10 56 55 23 76 70 82 58 65 65 78 39 17 7 111
19 40 46 108 54 119 84 47 12 22 16 76 124 104 120 113
114 49 40 9 125 110 91 55 47 29 5 87 46 12 70 66
53 116 46 107 107 2 26 119 25 42 67 21 18 60 6 4
109 46 13 106 28 105 33 76 6 38 35 52 50 105 118 103
11 111 55 109 78 44 124 110 82 86 12 41 37 56 61 73
116 36 3 96 117 82 84 123 46 126 89 121 37 105 46 48
88 101 29 39 17 25 21 100 112 33 13 21 89 74 94 78
110 97 46 99 51 2 94 98 0 55 91 37 33 9 85 121
110 114 32 0 12 54 100 124 87 113 17 49 59 111 127 41
80 45 12 3 48 106 101 48 33 65 86 66 74 43 60 57
30 92 57 42 18 29 38 106 14 55 27 73 38 26 114 118
71 126 121 119 104 95 40 9 32 126 76 106 41 8 35 71
100 92 113 119 121 23 97 7 78 124 80 116 22 66 106 93
64 100 85 40 67 125 50 99 123 126 77 36 6 113 108 106
77 93 97 71 117 66 78 67 62 31 56 84 97 34 50 34
6 7 74 73 4 124 44 127 122 122 35 0 107 15 107 56
109 76 127 98 15 78 37 77 109 93 34 78 0 84 112 6
91 59 80 95 55 124 94 50 118 1 50 97 17 29 26 126
106 25 96 121 103 5 70 84 99 104 35 99 60 19 105 23
78 57 118 6 54 84 56 44 86 106 14 103 8 40 101 114
65 69 107 41 74 49 125 45 26 32 16 86 52 122 110 2
51 100 8 105 57 64 22 15 43 36 118 51 76 91 37 13
32 16 54 106 65 52 24 91 84 40 50 8 34 32 11 86
4 19 63 61 84 85 76 127 121 66 50 69 29 87 83 61
103 9 40 40 61 64 4 18 104 54 26 11 86 37 97 90
57 32 24 13 118 100 12 111 39 62 53 68 21 8 2 124
17 42 36 79 106 40 97 82 94 123 93 52 33 62 15 90
95 39 103 85 11 115 68 50 49 121 119 70 1 121 66 19
35 102 98 13 15 67 95 109 62 61 34 95 123 49 57 90
88 32 47 99 19 116 22 68 109 13 10 111 6 76 2 41
51 100 54 66 39 21 47 101 82 81 69 78 2 126 40 90
31 88 62 50 76 84 119 57 97 1 40 103 78 42 16 1
14 70 67 53 91 114 27 46 68 96 124 70 94 36 33 125
124 95 48 72 51 39 2 20 40 42 123 118 85 11 119 99
81 58 25 44 45 52 90 113 20 86 55 114 123 88 112 119
55 32 64 106 71 66 126 111 108 121 102 65 4 93 37 85
