58 34 99 112 93 41 36 13 97 126 20 65 58 41 48 26
83 111 56 81 6 65 40 27 103 99 37 27 52 52 5 110
87 104 94 52 18 2 65 115 0 85 52 58 126 101 84 81
84 12 35 90 77 75 118 53 46 27 80 98 79 85 80 38
61 46 90 79 48 27 67 48 112 119 107 111 92 63 64 48
76 99 11 25 46 1 78 93 28 30 63 107 115 16 18 49
62 108 0 111 8 67 31 120 59 10 103 23 74 40 72 22
11 83 47 58 84 126 23 112 28 86 91 16 102 109 65 37
90 65 20 98 5 51 90 64 62 66 87 8 106 31 30 117
114 77 47 70 75 70 54 104 29 18 120 3 127 57 40 89
122 60 59 127 112 22 63 46 88 23 54 66 54 84 55 41
33 103 111 109 45 38 85 74 56 77 78 55 6 118 17 0
51 76 0 35 98 63 81 58 86 7 124 13 91 52 54 124
27 37 105 72 75 62 19 3 11 97 59 17 87 76 18 10
24 18 45 123 81 126 53 40 5 50 53 96 102 107 93 1
16 70 73 92 5 92 95 16 61 26 34 21 102 52 31 127
70 77 122 23 75 47 63 81 97 116 49 71 95 14 72 112
85 18 76 90 110 43 106 44 70 12 65 44 64 96 43 6
45 37 30 121 85 93 74 54 82 123 126 49 10 70 33 95
88 109 57 71 25 35 115 95 48 52 11 112 20 55 119 66
92 21 59 49 114 5 104 68 0 102 118 10 44 23 105 5
5 34 76 30 70 63 125 118 115 8 102 7 63 93 73 28
114 4 77 101 9 53 41 10 27 31 20 72 55 126 77 60
32 25 90 102 88 87 92 75 95 67 82 31 32 28 59 19
32 8 120 42 62 33 52 89 65 72 33 120 70 110 52 103
7 14 77 95 101 42 42 68 109 125 99 13 25 30 32 57
39 24 99 101 58 23 62 123 96 96 115 38 78 39 13 86
53 91 53 26 5 96 94 114 93 66 127 118 96 32 47 7
56 19 108 114 42 43 109 10 11 96 49 89 7 62 47 60
25 101 86 30 69 53 16 34 119 16 24 87 48 71 95 104
90 75 91 5 118 72 15 1 41 64 91 48 127 10 109 24
111 67 55 52 120 71 86 111 87 110 71 7 54 38 112 16
105 3 9 89 79 15 1 16 125 36 107 125 93 60 123 19
127 71 108 104 68 38 23 116 32 27 107 8 62 28 39 39
31 48 0 111 63 2 127 61 38 107 58 3 39 53 22 39
125 3 15 65 41 39 53 73 66 32 81 0 60 120 40 92
41 40 75 104 42 74 37 81 53 96 84 93 21 107 4 18
110 19 84 23 58 9 96 125 42 49 125 102 41 37 66 82
78 13 59 120 88 96 73 13 64 30 106 86 9 110 104 119
2 60 14 60 70 110 57 112 31 55 86 72 92 25 27 42
38 86 35 126 54 108 12 119 10 118 77 19 101 53 10 103
114 24 35 56 6 93 40 37 20 126 110 112 23 9 27 62
95 62 60 21 42 72 12 53 63 89 72 36 15 83 11 1
107 46 57 114 11 97 23 31 95 5 16 119 14 43 53 109
105 113 3 19 58 15 72 121 105 17 29 120 100 40 121 79
86 50 65 98 19 89 1 114 94 17 105 109 60 30 90 37
16 93 57 74 109 1 67 86 18 96 78 118 8 71 70 94
121 7 64 12 96 66 126 63 83 104 44 16 6 6 53 22
100 110 96 81 112 35 39 2 3 117 121 11 60 63 106 53
70 42 65 39 108 63 102 64 39 18 80 46 24 5 68 124
116 37 77 100 72 116 102 76 105 95 87 37 30 65 90 101
108 27 12 88 91 114 24 2 4 104 48 28 110 117 25 98
26 102 70 98 91 44 46 68 12 6 106 42 71 68 15 51
96 27 12 59 13 36 61 17 13 110 46 123 99 71 93 125
45 35 95 8 79 14 77 91 20 55 6 91 123 21 15 91
49 27 22 62 63 84 80 76 66 126 71 37 69 36 34 114
71 1 123 23 15 72 114 35 127 120 127 122 14 14 86 63
41 108 125 104 64 77 53 2 75 124 39 16 33 73 3 104
75 126 127 90 70 114 126 69 106 125 63 120 11 21 55 52
2 53 28 66 2 81 69 78 78 108 94 111 54 97 87 1
95 87 91 37 73 89 106 51 86 42 44 97 63 99 21 65
24 50 4 27 3 73 105 81 53 71 64 107 41 24 108 8
111 72 46 56 33 24 107 120 66 23 89 2 123 111 67 19
33 71 46 36 16 23 118 70 95 54 49 8 78 30 16 61
96 51 7 28 53 44 45 66 53 84 95 93 125 98 70 34
13 118 109 127 113 37 50 15 114 56 119 60 74 83 111 42
6 119 71 60 35 116 126 89 72 94 54 69 64 124 104 78
114 85 77 99 122 127 114 108 55 106 41 2 61 24 44 68
15 115 0 51 104 126 12 48 92 66 118 29 62 94 107 48
51 56 19 46 55 6 26 111 112 67 113 45 92 29 113 107
17 113 30 121 112 42 41 76 108 31 105 42 125 84 90 49
12 110 95 68 116 121 51 100 61 36 17 25 65 3 4 82
116 35 75 100 77 117 49 58 20 26 100 18 111 63 67 123
45 34 63 33 27 114 5 88 22 22 113 88 25 118 42 14
25 118 114 102 107 35 32 127 62 5 17 45 68 84 40 113
118 104 18 18 90 23 106 113 45 92 73 71 82 115 85 107
105 71 81 84 107 114 84 41 119 101 86 59 58 126 44 48
102 62 66 65 85 45 50 2 9 123 73 91 110 30 70 88
102 23 44 81 9 0 122 0 102 80 59 32 78 103 80 53
37 19 118 122 64 40 125 73 35 70 36 17 101 106 105 75
1 22 28 11 22 22 11 124 102 71 28 52 46 109 105 84
0 95 78 64 7 75 9 42 18 45 60 119 23 37 66 24
59 94 35 82 116 47 78 90 118 107 14 36 88 120 120 88
87 71 24 95 18 33 9 36 78 69 27 101 107 93 125 38
59 33 120 47 80 71 9 70 50 24 106 10 16 99 98 103
42 122 70 60 27 80 97 105 21 124 78 0 90 75 39 21
108 31 69 60 102 78 2 24 102 109 34 118 80 4 94 122
126 36 54 25 116 23 2 10 20 80 10 110 28 49 3 8
81 72 69 55 23 71 80 125 52 114 116 4 119 82 126 117
118 53 15 107 76 17 117 96 98 127 78 126 49 82 6 2
26 75 57 49 19 9 47 71 124 35 76 115 117 74 104 107
127 119 86 76 9 75 44 107 75 123 105 124 77 111 126 103
59 55 25 78 65 72 21 61 107 97 48 96 44 24 75 43
16 34 119 25 109 36 4 56 31 109 52 108 92 50 83 23
106 108 101 43 52 123 104 31 92 24 127 8 48 75 52 64
109 43 89 90 79 93 19 110 74 71 90 39 122 46 62 100
92 78 54 32 120 31 123 72 25 117 87 105 70 121 127 39
96 15 53 21 87 88 50 17 73 100 74 79 44 45 37 8
124 92 41 116 123 36 60 20 25 19 125 95 12 124 6 108
12 59 2 99 19 52 116 93 24 62 44 68 108 81 77 104
45 118 92 40 26 25 60 51 44 58 18 57 54 24 37 66
84 39 37 103 91 26 68 116 88 112 56 68 66 5 44 111
123 9 24 21 34 84 72 78 14 90 7 69 115 45 7 71
84 45 46 48 71 115 36 31 99 92 100 37 98 16 21 93
25 45 115 59 1 59 10 16 22 17 85 9 62 92 80 19
9 126 67 80 113 103 112 85 67 84 122 37 100 15 3 126
60 118 57 62 49 67 78 71 85 35 80 19 127 32 38 9
31 105 89 16 80 73 101 20 29 96 57 2 111 60 0 44
50 57 106 100 125 56 43 82 91 124 101 90 28 12 99 59
117 61 76 70 6 49 90 36 17 19 38 1 80 38 45 2
95 23 102 92 79 18 46 42 14 20 4 42 32 104 102 21
37 50 91 43 99 53 79 117 73 117 118 25 27 35 27 123
58 2 87 9 20 6 51 34 26 55 76 58 31 50 79 68
100 43 112 72 96 63 61 41 53 51 66 80 86 94 75 16
96 35 25 116 41 76 22 67 3 98 125 35 21 76 103 121
119 87 65 88 23 126 1 76 49 68 28 7 34 104 23 2
11 48 118 52 124 12 119 0 110 116 35 3 64 10 125 56
98 62 16 121 61 17 69 110 85 97 118 119 73 13 121 84
62 111 8 58 123 127 58 106 115 93 109 52 104 106 108 74
41 124 67 102 13 8 84 99 105 74 90 51 88 84 7 22
67 16 80 63 15 11 41 3 104 22 55 80 1 35 26 42
31 93 16 44 101 100 15 79 47 106 2 7 62 9 29 1
25 109 64 41 120 105 44 97 0 99 49 1 6 76 43 37
41 59 81 15 31 97 94 78 75 96 85 9 105 114 10 3
96 75 44 88 52 88 57 52 59 107 53 65 55 96 102 96
27 55 111 59 24 77 9 99 45 95 108 23 81 119 26 49
66 70 10 118 30 67 43 89 46 96 26 101 65 0 70 92
55 53 23 80 3 33 51 48 0 32 71 81 23 97 3 89
111 16 94 23 3 71 115 47 49 26 116 98 125 101 52 84
127 10 30 37 93 14 52 59 34 90 78 60 116 61 15 99
78 109 123 81 53 110 0 102 8 116 72 5 90 124 90 89
6 120 127 99 6 51 30 40 13 109 100 1 42 115 100 120
97 95 73 22 77 73 124 85 62 69 91 24 65 53 113 72
45 112 43 51 35 74 91 48 55 63 49 97 50 22 90 19
117 35 41 67 109 38 24 43 107 115 67 44 40 52 116 85
37 32 8 72 106 99 121 33 34 42 2 85 64 92 104 54
0 18 121 109 56 17 24 35 5 91 79 45 15 68 3 52
100 11 125 78 111 118 111 17 32 113 102 97 78 79 23 78
97 16 59 25 33 83 60 38 46 11 84 61 79 87 114 51
98 111 1 81 101 112 99 5 98 73 102 48 24 125 126 121
13 57 18 47 12 78 85 58 90 41 119 41 0 105 93 99
88 94 52 61 79 23 67 49 97 41 97 121 39 95 115 52
24 5 99 36 84 57 94 46 98 85 87 99 63 52 70 23
19 122 85 98 18 24 19 115 65 116 108 104 83 95 29 107
101 0 15 57 57 109 103 28 66 62 127 1 115 69 25 6
63 110 104 81 6 123 68 71 111 49 48 66 16 77 45 117
77 60 46 7 41 21 35 107 84 34 109 71 103 6 77 38
116 53 120 122 48 60 65 31 109 113 97 126 62 14 115 12
74 34 19 115 55 54 94 11 88 75 82 63 81 31 101 69
84 93 63 4 26 1 35 7 114 4 5 49 18 121 61 92
27 80 79 82 6 46 94 94 121 48 29 75 80 2 16 36
96 80 41 122 81 76 1 67 81 7 116 99 0 49 64 27
1 15 109 7 61 75 101 55 124 2 2 76 5 18 112 101
98 25 95 51 102 96 119 55 103 107 26 103 29 90 2 30
106 112 38 39 59 11 94 55 14 96 3 19 115 116 120 85
13 87 9 115 55 0 42 31 107 69 6 8 31 9 39 9
121 77 49 52 88 15 108 102 112 111 121 99 99 113 56 113
72 65 100 0 65 15 31 45 84 37 53 115 46 92 125 39
41 46 92 2 61 72 104 45 55 98 16 27 83 73 12 28
10 112 28 76 127 59 121 83 96 46 71 15 11 68 54 52
20 107 110 8 18 114 90 28 111 116 111 45 105 78 49 50
78 39 30 94 106 77 91 22 23 75 37 56 87 77 59 108
56 41 116 74 27 78 102 10 66 85 55 43 36 104 93 114
15 123 80 121 73 43 16 96 118 53 24 78 2 83 58 58
124 46 5 23 125 107 34 63 65 89 107 101 66 72 87 81
68 39 75 13 83 91 109 73 16 6 23 18 89 81 76 86
0 81 109 125 61 15 60 126 105 39 99 43 112 58 124 52
97 71 65 52 34 46 126 50 52 21 68 14 103 17 100 103
98 81 100 31 97 32 29 74 72 0 117 56 58 113 108 28
57 45 80 91 91 78 14 16 100 82 30 75 99 2 50 70
83 22 101 52 54 3 126 126 3 115 54 62 101 34 90 30
79 42 121 43 121 7 59 93 90 89 40 61 91 90 3 46
112 105 99 38 108 97 37 111 85 91 45 58 126 7 88 77
50 81 120 43 89 51 8 51 12 48 112 103 10 116 22 122
93 121 32 73 90 69 56 47 33 102 105 31 109 65 108 31
19 101 74 108 24 82 31 37 2 15 12 12 3 34 6 96
27 39 41 118 108 98 37 13 72 15 44 53 80 25 85 99
126 31 79 22 114 110 59 116 126 72 1 1 106 7 98 6
46 11 124 27 109 33 40 53 48 85 107 1 110 64 100 108
95 52 2 81 34 62 70 32 6 71 34 112 78 4 118 125
15 114 24 125 20 64 50 68 21 29 69 3 93 42 111 61
94 114 14 0 48 84 33 54 27 67 38 106 71 29 103 86
15 127 83 35 63 6 104 85 35 45 88 1 87 72 62 53
58 76 54 106 33 87 32 60 26 70 38 97 99 13 55 115
12 11 22 76 17 126 33 52 44 121 53 3 65 115 57 123
64 111 101 97 70 5 29 96 76 68 65 47 81 120 34 94
3 57 42 20 55 75 73 99 68 126 103 6 114 32 1 50
15 103 19 85 108 48 53 56 116 118 104 70 110 10 36 114
67 78 6 123 25 79 94 93 78 69 99 64 101 101 114 116
76 5 73 56 53 126 113 42 116 89 112 99 99 20 85 39
98 91 34 123 43 0 88 121 70 60 57 43 33 43 32 109
48 105 37 101 104 22 15 92 111 127 63 83 19 20 122 117
97 32 65 73 53 100 89 95 39 107 64 48 93 70 75 82
52 104 102 17 87 97 89 6 10 28 79 32 120 100 105 89
5 43 34 58 15 124 25 55 103 89 103 68 32 51 22 84
27 124 101 114 93 62 120 104 90 71 8 82 44 114 43 49
29 77 107 44 73 5 99 48 94 75 117 126 126 11 82 25
8 55 11 101 117 3 77 79 75 86 33 119 72 76 40 101
26 19 17 99 24 117 20 119 64 9 117 62 20 72 87 28
127 98 2 117 101 79 68 48 37 102 39 109 50 79 82 76
99 100 48 123 89 68 114 25 77 104 87 97 48 46 126 47
16 0 36 117 79 105 38 117 79 77 98 1 29 53 78 0
25 126 123 114 66 110 11 15 86 98 112 6 16 110 53 32
110 90 21 62 67 59 51 18 9 21 19 38 74 97 38 99
95 33 85 33 15 96 48 101 66 33 107 82 15 33 114 126
123 8 60 62 67 111 80 76 4 99 114 79 69 24 50 36
58 8 70 73 104 118 47 43 23 26 125 39 59 112 37 54
120 97 116 59 80 68 8 84 40 122 35 109 19 86 17 77
94 87 22 70 78 69 113 101 96 111 12 27 95 49 82 87
18 70 18 98 11 26 55 51 21 90 32 40 48 49 117 14
9 11 85 87 81 70 60 49 53 73 76 20 122 30 107 13
101 126 111 112 24 38 35 45 1 67 85 49 116 74 64 125
86 21 84 39 91 17 88 17 90 36 37 84 67 17 97 40
15 81 24 39 119 59 85 120 126 42 42 114 117 106 112 75
127 68 114 90 85 74 107 47 110 17 4 49 34 101 89 49
54 113 88 46 44 45 38 42 88 80 29 77 58 13 24 57
81 10 20 39 84 127 86 66 16 90 116 50 64 77 99 118
63 60 36 107 105 75 22 65 27 51 14 86 64 38 15 17
48 35 56 4 35 15 71 51 105 59 102 41 8 73 32 71
5 68 51 111 15 73 48 43 124 63 1 60 101 16 77 22
52 6 26 87 21 97 10 126 28 112 40 37 58 72 108 63
12 31 46 28 104 95 71 100 30 72 32 3 88 110 25 12
116 52 99 9 21 110 7 50 94 47 87 24 119 67 88 4
99 6 32 75 101 103 48 3 47 80 7 7 62 32 20 50
70 81 123 111 35 105 127 117 101 106 63 109 45 77 18 126
99 63 56 63 86 28 52 112 14 59 65 114 1 8 7 71
89 2 55 125 108 54 114 81 32 49 62 77 126 80 75 97
16 4 32 102 32 85 86 46 16 23 33 17 31 40 88 121
42 15 118 22 69 104 103 101 25 38 50 23 118 126 121 6
2 25 108 34 110 66 80 126 90 113 15 121 25 104 114 68
119 104 90 61 80 66 34 105 104 85 1 94 83 122 101 85
19 81 119 2 20 71 0 110 57 16 103 82 120 90 22 111
66 113 44 19 51 79 124 27 36 125 121 119 119 94 76 11
48 67 13 68 10 13 50 67 29 25 22 21 115 44 5 54
29 49 73 80 0 69 107 36 67 101 27 58 67 103 69 115
42 82 55 53 96 105 120 125 3 14 19 118 59 24 44 88
73 117 41 74 59 20 110 126 121 10 56 61 113 126 48 28
80 104 81 48 81 73 46 84 88 65 75 19 89 119 107 34
109 20 108 40 41 91 38 34 101 94 95 86 92 16 114 45
120 67 93 73 13 11 30 101 76 105 120 37 96 99 72 77
120 52 117 33 15 27 67 116 122 35 75 86 51 61 3 43
1 97 116 14 108 18 115 57 123 107 94 92 78 38 41 70
91 31 103 106 58 43 95 52 78 42 11 1 103 14 44 104
111 32 118 92 51 105 21 46 84 115 10 35 26 52 105 117
83 81 95 13 124 62 66 74 104 77 75 80 91 119 56 75
23 47 39 74 24 60 121 109 47 3 16 73 55 121 62 10
74 30 24 70 92 90 16 69 39 91 21 2 82 77 77 106
124 116 52 21 48 45 2 96 49 18 41 104 11 104 115 86
6 11 28 98 101 45 39 12 8 60 14 91 10 92 69 6
80 121 27 1 39 29 97 88 47 10 64 59 114 51 17 120
62 45 91 35 90 2 47 99 63 62 62 73 26 3 79 106
124 107 107 35 8 76 123 56 87 60 115 73 111 4 66 46
49 29 81 12 31 1 111 94 63 45 39 89 48 119 67 44
98 47 80 106 123 75 34 82 7 21 28 119 25 94 37 75
123 118 87 26 119 70 121 54 115 32 15 35 23 83 79 121
2 31 100 125 107 6 80 114 28 108 105 53 74 14 0 69
66 122 30 74 92 12 121 65 97 120 57 108 51 105 124 35
53 91 109 84 78 59 25 72 110 106 83 123 38 78 1 104
73 32 50 37 44 43 102 14 35 32 122 86 9 118 121 62
81 102 18 32 34 43 104 16 21 59 11 59 10 13 35 83
45 85 120 89 0 94 103 35 126 97 122 7 88 115 69 41
90 87 73 124 2 50 12 23 109 23 82 119 36 117 74 81
74 66 43 74 33 18 110 31 116 104 39 76 91 108 117 53
68 63 49 70 113 61 94 94 85 48 86 121 38 32 75 112
99 118 59 4 8 41 35 124 17 74 72 108 55 62 34 123
125 83 65 110 17 31 76 102 80 34 95 118 67 42 102 38
32 33 42 41 74 77 37 91 24 110 72 79 44 106 74 41
61 11 23 78 43 99 52 123 6 20 113 73 62 87 111 95
121 25 8 67 102 45 31 126 27 103 77 71 81 23 112 14
35 7 93 78 107 17 73 113 37 58 58 100 17 41 67 10
66 75 78 40 120 109 39 20 84 116 91 37 12 76 51 47
83 16 125 62 34 70 47 71 0 105 43 17 18 110 28 84
57 106 125 50 87 36 70 43 24 33 80 36 109 3 83 65
20 80 127 54 22 47 125 22 24 41 40 43 23 68 127 81
46 124 3 5 32 73 48 57 106 0 93 88 3 49 25 23
1 24 77 24 71 75 46 96 116 86 11 11 26 10 92 72
7 95 77 39 40 125 96 19 125 62 107 1 111 4 24 112
28 102 8 100 49 55 68 37 13 79 48 40 89 13 112 96
108 62 8 21 59 104 40 57 38 19 58 21 23 82 6 51
56 14 23 105 69 91 14 83 42 63 123 4 76 107 100 56
41 108 77 101 85 117 30 123 8 88 17 31 42 23 83 99
37 106 76 107 70 91 62 112 26 57 116 102 36 89 30 78
69 108 51 26 97 81 22 106 41 39 9 83 62 92 54 99
71 3 78 13 94 12 125 120 69 114 94 106 75 124 56 16
104 107 43 74 60 65 52 101 104 61 56 38 26 111 9 97
114 88 110 80 100 107 72 42 93 38 20 40 34 76 57 11
55 100 85 115 37 9 88 13 70 16 51 96 127 60 65 113
20 47 65 121 27 9 35 120 47 55 33 82 3 90 93 58
98 31 125 96 31 32 125 54 111 35 125 60 110 9 81 17
18 96 87 15 53 2 65 12 101 65 10 113 13 37 53 111
68 51 80 100 83 77 26 67 112 23 127 94 32 80 112 51
49 71 66 102 73 3 115 47 68 125 32 81 35 86 65 103
9 17 75 92 94 102 31 79 125 31 45 30 111 29 81 32
100 19 7 46 22 122 93 90 119 125 44 26 83 109 2 92
126 77 57 92 51 88 43 49 119 89 79 103 118 32 7 91
51 14 9 73 8 102 35 0 99 79 26 55 60 28 19 58
106 76 23 29 37 66 78 28 27 29 3 18 61 11 109 112
25 118 57 34 92 93 34 63 44 60 118 105 89 10 35 67
86 58 96 123 125 47 24 24 76 27 42 10 38 23 122 64
13 52 98 105 17 4 41 61 64 31 38 25 41 74 92 0
4 61 123 1 108 19 26 56 47 68 66 85 92 61 21 105
113 119 83 2 123 124 63 60 27 102 85 69 48 50 69 52
111 64 54 91 84 80 19 3 20 86 88 112 19 110 90 4
101 45 6 97 41 69 29 68 43 114 9 91 36 78 16 19
15 70 110 99 22 2 102 42 88 62 27 107 44 117 111 18
34 117 115 75 58 16 15 102 2 25 65 39 103 81 58 118
23 41 89 45 43 63 88 3 126 115 110 42 104 93 60 10
82 47 85 12 63 100 114 66 125 52 105 101 5 35 91 29
76 53 74 119 116 34 122 114 21 104 29 125 69 89 7 23
9 92 36 72 65 22 10 62 74 115 35 80 23 127 109 99
52 55 91 40 90 85 27 111 62 56 109 3 17 116 27 26
81 63 99 18 85 109 80 32 97 116 112 120 115 93 91 39
20 54 79 110 12 106 94 74 34 75 77 52 63 104 78 16
39 49 34 125 31 115 29 0 103 13 120 90 106 83 1 126
10 80 109 22 59 75 96 93 22 45 17 85 22 96 102 61
17 8 58 48 123 87 48 98 100 40 60 78 124 61 77 6
14 58 28 73 5 124 38 27 41 56 112 63 24 86 125 41
95 55 90 90 15 10 61 115 51 121 66 47 55 15 53 69
73 81 14 78 77 52 105 118 108 89 54 4 48 51 46 15
106 8 105 121 18 38 109 69 32 47 116 87 62 41 28 7
