62 43 6 17 1 102 103 105 58 88 6 103 97 127 46 101
111 24 126 122 32 99 99 59 104 112 11 68 59 87 41 122
3 47 11 4 21 115 110 79 75 116 55 44 115 101 18 98
125 16 92 30 115 63 89 91 48 100 31 107 60 72 101 63
119 113 67 13 100 49 92 47 38 19 91 25 120 109 124 118
126 88 20 113 24 109 77 72 81 108 51 13 53 25 76 44
10 16 57 110 65 22 29 103 41 120 1 34 102 125 24 100
85 44 85 109 25 34 53 106 15 105 120 68 2 68 112 12
84 42 122 22 64 23 125 105 15 126 11 117 123 35 89 81
79 47 62 104 81 116 83 96 93 75 36 95 15 21 107 100
63 101 122 127 124 119 104 11 118 116 1 113 23 90 66 103
9 1 79 91 117 34 59 82 109 96 49 125 117 28 97 52
1 91 51 125 82 27 8 72 15 9 58 39 100 124 14 109
125 93 72 114 0 4 68 109 100 117 106 89 17 75 13 18
38 64 15 121 91 24 65 107 33 123 18 5 120 32 115 117
125 59 104 125 63 44 107 35 34 85 124 51 33 9 70 71
73 85 64 37 109 2 16 15 125 34 20 117 66 7 107 63
67 83 61 2 127 40 38 33 125 34 85 30 44 27 102 117
112 38 26 94 40 42 109 38 76 1 27 14 9 6 78 76
89 11 78 89 51 116 122 48 23 79 79 67 106 53 56 91
91 83 57 4 125 38 42 74 39 69 88 48 76 38 124 37
49 75 126 100 63 121 21 86 72 100 25 51 25 82 14 116
37 71 120 34 109 34 108 20 104 69 69 52 107 65 89 29
12 88 1 76 81 22 34 25 122 60 76 19 14 90 8 51
33 0 85 14 35 66 35 11 7 104 63 114 41 24 15 54
112 17 2 65 39 36 91 34 96 39 53 110 2 61 33 35
62 119 50 97 57 85 108 64 61 43 50 102 67 66 28 52
83 30 117 122 67 80 28 35 120 82 18 122 15 51 29 77
42 79 46 99 36 26 35 97 69 86 72 9 24 100 61 107
3 50 101 70 3 2 105 123 84 123 117 99 47 18 49 89
98 95 61 6 122 96 104 63 54 48 72 78 20 5 57 23
56 31 93 59 33 71 54 117 66 43 88 113 61 9 75 31
76 64 79 32 89 50 36 90 15 100 111 108 97 49 113 43
108 11 22 45 117 77 42 10 99 98 121 120 124 86 13 72
23 92 105 112 14 13 74 29 114 58 10 83 107 123 127 88
6 21 5 123 99 48 5 70 18 126 63 14 85 76 87 108
40 64 92 54 77 38 84 63 96 94 19 76 89 18 36 96
39 41 91 10 89 97 81 108 95 16 122 52 92 81 32 4
17 124 58 95 35 14 30 3 108 49 79 70 67 115 38 107
29 1 117 118 98 70 98 66 86 93 118 50 46 23 54 64
19 113 31 54 127 61 58 108 111 9 50 50 125 88 29 26
89 19 16 60 89 115 126 48 80 116 98 126 11 25 62 31
10 93 85 9 27 15 117 10 25 39 60 22 127 90 48 89
109 64 21 70 51 19 118 3 7 89 2 19 114 64 50 124
30 7 5 57 23 123 67 48 34 127 70 34 89 118 123 70
54 16 13 106 35 3 109 42 92 111 61 78 48 111 74 78
119 80 7 14 75 74 62 109 73 4 15 35 122 10 105 48
26 118 26 61 122 8 104 86 119 37 37 39 21 111 117 12
63 124 26 10 70 88 120 16 92 7 51 86 18 28 6 44
19 33 106 13 41 82 99 32 119 8 72 12 120 61 24 55
58 50 66 0 10 58 16 102 65 67 60 83 96 67 0 115
100 106 0 13 60 99 45 51 108 117 64 100 51 88 27 109
11 93 109 21 23 126 124 89 65 56 44 33 123 44 20 95
22 20 108 82 120 26 6 100 15 70 72 66 30 99 47 41
65 29 63 88 27 59 49 92 115 94 126 111 10 18 78 33
39 59 115 31 85 121 3 100 63 75 39 94 46 86 7 111
115 70 72 14 1 121 107 117 87 105 100 98 123 50 3 34
109 118 65 66 112 68 39 47 15 78 13 62 36 21 45 24
91 117 38 93 111 17 82 70 122 54 40 118 104 43 24 86
34 90 24 18 30 63 65 46 13 79 108 50 100 25 74 63
15 112 28 126 2 110 68 124 36 109 114 13 24 11 99 58
101 123 76 3 59 14 49 72 93 29 122 65 55 68 0 70
53 29 68 55 11 8 51 48 117 38 61 14 49 32 72 22
27 21 25 86 35 75 31 0 104 25 65 31 94 65 101 19
111 108 24 106 80 8 42 49 10 93 8 44 44 116 105 120
18 115 53 67 57 112 13 93 125 124 86 101 80 52 95 64
32 119 42 112 127 84 33 9 50 41 53 94 30 31 86 48
18 12 115 76 124 1 41 121 125 127 95 77 51 62 13 83
54 56 67 53 12 100 63 62 14 116 29 44 19 115 92 38
127 80 114 123 81 27 117 78 26 84 27 78 18 41 33 72
97 101 126 109 73 61 44 87 49 73 3 69 60 96 107 60
48 93 55 1 120 44 79 18 0 106 96 19 19 2 91 116
103 89 98 48 22 14 8 72 87 11 13 19 107 120 79 27
85 7 28 77 51 107 95 52 86 64 71 105 66 34 94 41
124 64 89 18 78 97 90 37 109 103 56 88 95 8 116 52
15 16 1 66 124 97 118 82 33 61 59 99 96 25 12 92
89 101 110 39 71 73 76 52 48 5 12 16 13 0 68 28
17 70 94 13 39 85 95 72 18 26 43 114 52 55 78 13
28 61 53 99 6 1 23 54 6 36 70 19 36 11 47 53
81 14 66 120 99 33 64 117 60 107 104 112 34 54 125 62
115 50 34 121 52 57 48 58 93 118 78 2 1 125 55 82
11 122 74 110 27 10 100 87 117 76 71 23 2 69 86 118
119 120 111 43 49 31 102 15 22 52 17 23 49 72 106 61
66 52 43 94 63 15 53 52 91 125 76 94 66 34 84 57
26 67 101 75 99 75 90 121 127 107 16 48 52 122 109 118
47 25 84 110 40 10 34 4 7 110 98 73 16 54 2 42
121 103 118 92 50 80 85 49 60 102 98 112 96 79 102 15
104 59 125 17 69 32 21 76 14 119 21 31 45 23 73 38
127 63 3 49 16 88 99 76 62 69 60 31 20 34 46 125
93 44 14 34 76 35 110 90 26 3 121 71 27 67 109 26
2 112 75 18 73 46 94 7 115 26 38 8 61 85 5 26
1 19 61 77 54 43 39 80 47 33 23 74 100 4 100 102
117 47 121 62 94 87 69 81 114 108 89 47 65 94 73 66
113 6 15 39 50 54 119 97 87 14 43 59 19 15 34 8
62 27 70 28 114 11 110 100 119 71 19 56 38 93 122 23
99 9 63 21 64 54 118 23 69 33 83 88 48 117 96 111
125 7 117 109 53 28 32 42 108 70 32 0 30 122 110 77
4 40 102 27 82 97 51 61 9 14 108 21 90 99 16 87
106 5 68 31 33 100 74 14 42 106 14 72 101 125 22 105
37 124 4 119 93 55 52 102 70 33 124 32 4 12 119 110
18 59 14 51 31 88 65 73 66 80 18 39 77 40 16 114
36 21 106 1 76 30 103 18 63 99 50 67 112 41 50 2
100 64 53 3 24 119 77 90 71 95 2 20 7 18 6 43
39 112 44 116 15 19 6 78 119 57 18 103 98 68 105 71
4 30 74 28 21 23 118 92 118 120 112 125 11 119 40 50
103 84 38 118 104 45 69 95 102 87 70 72 27 47 15 31
77 90 59 99 113 49 63 104 42 48 101 53 39 14 103 14
98 14 5 74 59 74 41 33 33 111 105 60 30 121 91 108
83 22 79 68 71 14 44 113 62 18 38 101 32 14 116 2
28 121 77 87 67 118 120 100 102 97 32 4 90 123 112 45
17 63 114 88 78 30 74 12 48 112 114 80 126 102 83 26
95 32 113 34 22 105 6 124 75 38 1 37 33 113 83 50
49 69 10 127 99 84 11 20 69 125 100 67 99 55 94 66
87 79 100 110 57 106 106 4 16 107 41 49 93 124 99 14
65 110 13 37 66 24 57 7 22 29 75 121 85 41 60 44
120 32 26 49 11 5 53 27 112 95 77 77 91 48 91 29
30 104 66 97 1 123 104 23 24 51 16 109 92 76 26 85
109 52 6 120 57 60 19 42 27 96 119 118 17 83 19 47
59 85 16 60 80 121 83 105 44 100 86 9 48 112 94 29
37 100 21 94 32 41 8 59 9 0 50 26 83 69 74 14
27 90 75 107 83 30 84 0 2 43 9 51 27 103 80 64
75 102 31 108 15 39 39 24 39 89 51 122 31 125 9 58
87 84 37 43 114 122 43 117 37 52 40 64 27 120 1 102
94 32 82 109 71 122 6 111 83 57 105 114 54 114 44 13
70 82 56 57 76 99 46 113 23 86 49 50 78 50 25 45
82 107 26 26 101 32 9 57 89 114 43 15 101 88 29 43
42 85 100 118 57 18 103 80 104 24 3 55 75 28 100 29
7 126 55 109 31 64 38 120 51 81 8 24 41 37 67 83
0 112 22 58 30 25 35 77 99 49 25 72 24 107 112 15
70 117 102 123 121 109 26 52 107 108 112 93 118 121 12 119
106 35 49 8 60 85 86 31 6 111 103 30 90 87 46 32
76 20 28 70 1 54 122 109 34 106 74 24 100 87 15 78
122 65 86 54 22 44 85 28 27 60 59 118 19 105 22 96
125 50 38 126 104 32 107 10 10 54 35 110 13 50 60 7
115 19 61 9 63 18 38 91 78 97 81 97 74 103 65 71
26 103 69 2 7 49 13 18 103 48 0 116 98 61 123 86
80 56 95 15 74 5 106 24 102 59 121 48 35 59 119 61
34 61 63 42 110 76 60 85 124 60 73 95 121 68 53 73
124 20 89 70 26 67 94 0 127 87 49 34 18 40 95 53
101 30 95 83 107 27 40 103 87 113 70 81 53 123 26 49
16 115 119 42 55 85 42 54 45 91 88 63 4 55 116 105
85 83 61 64 110 101 40 70 87 110 23 12 106 49 62 122
37 53 36 92 11 78 18 56 42 106 119 46 33 108 23 118
63 84 55 46 58 95 116 17 77 11 29 55 60 91 49 97
17 85 61 28 36 79 84 78 57 75 124 90 55 19 81 119
104 8 37 34 103 25 51 52 36 80 108 96 44 29 66 61
115 127 89 23 79 45 101 8 120 97 99 48 116 52 39 92
60 76 126 35 101 49 87 9 2 67 105 46 97 43 107 84
43 68 107 122 113 80 2 105 49 101 25 37 25 64 2 85
12 0 120 113 50 80 122 52 19 100 98 116 15 77 72 58
17 51 52 2 3 55 107 52 28 5 90 54 69 92 11 82
92 4 67 14 84 62 66 103 34 36 92 49 113 36 108 2
88 32 4 91 87 112 16 116 117 106 42 58 70 53 12 34
57 80 49 13 14 115 117 48 24 81 97 9 117 77 12 77
110 16 41 69 0 57 57 117 35 99 48 105 25 60 11 82
12 60 96 26 48 85 74 72 38 44 81 27 121 93 105 103
110 18 45 110 75 102 100 110 74 20 87 99 80 98 53 93
31 21 119 79 106 66 23 16 110 104 44 103 70 21 79 52
39 124 34 114 98 6 96 44 26 55 15 107 25 69 72 56
90 63 7 69 1 30 85 111 7 1 87 77 22 38 1 61
74 36 58 39 88 74 54 31 39 23 102 6 116 71 62 34
3 105 71 126 43 36 111 100 113 54 65 77 63 87 102 9
123 32 48 83 106 102 114 18 126 88 24 114 32 87 20 35
64 91 34 108 127 17 80 112 72 17 61 7 104 35 16 99
68 64 54 46 38 40 64 36 1 89 23 33 48 43 68 112
7 102 92 6 120 44 119 64 61 52 71 37 88 87 8 28
23 62 74 61 103 11 98 104 100 121 9 20 36 77 4 43
52 97 50 44 13 41 108 75 93 51 112 53 10 121 81 33
55 28 94 30 39 64 6 11 57 15 31 94 93 35 9 17
4 59 61 18 100 41 93 66 92 77 119 102 70 73 7 126
101 101 28 12 38 35 23 95 50 54 61 15 89 71 32 94
2 93 112 103 6 77 41 98 26 32 72 97 105 79 95 78
53 123 90 91 30 113 58 81 39 120 96 1 63 1 95 65
94 79 40 101 28 81 71 54 114 16 23 91 95 118 42 20
114 4 111 16 118 42 97 29 34 66 30 97 67 125 34 33
76 75 6 104 28 78 31 14 94 54 106 61 45 20 82 31
24 65 47 14 107 17 44 13 83 74 110 22 72 17 55 20
92 62 125 120 12 28 7 106 82 113 39 127 5 121 30 29
59 78 44 38 95 88 52 50 34 34 72 106 51 127 127 15
61 124 8 73 24 15 51 106 0 91 106 5 84 8 34 15
86 78 54 53 38 106 103 73 12 47 51 64 47 50 79 108
46 87 54 70 102 105 49 102 68 27 107 25 35 14 40 122
92 94 47 3 72 23 76 85 70 127 21 117 50 100 98 96
60 24 39 34 1 88 9 70 115 116 95 22 2 7 16 95
102 64 98 46 87 46 3 29 45 24 19 95 125 117 64 57
13 103 91 14 63 100 84 50 89 51 72 91 59 89 58 33
25 28 79 112 74 83 13 120 107 32 87 104 21 23 33 34
126 125 49 61 97 5 111 58 57 56 22 116 17 80 21 42
109 100 26 55 55 39 47 35 72 7 11 93 30 45 0 29
42 49 90 11 54 74 70 111 2 92 99 19 44 120 61 25
93 87 81 20 126 0 55 70 7 67 36 38 112 36 67 26
85 29 37 11 103 107 123 105 71 94 124 116 87 57 13 52
17 20 114 85 83 74 110 47 120 12 40 14 43 109 19 39
46 61 46 119 125 73 31 20 54 70 66 6 111 6 124 0
27 110 86 110 56 68 30 49 80 70 63 124 51 82 35 97
16 82 89 13 27 120 33 81 63 99 88 46 106 84 46 5
66 4 115 122 73 17 43 25 87 107 21 11 61 57 108 77
11 69 91 38 62 124 120 125 96 80 43 74 36 89 79 102
94 66 96 39 84 12 64 43 119 86 54 52 15 35 2 26
104 93 64 38 89 56 35 57 8 78 3 44 40 82 18 6
21 115 45 105 127 109 20 118 67 75 42 82 110 44 108 86
9 45 125 99 101 32 28 110 111 32 26 23 114 45 29 7
32 74 112 31 55 5 21 123 80 63 77 62 108 58 20 117
103 17 88 76 50 117 58 33 21 85 56 7 2 85 15 34
31 127 65 86 4 86 81 84 21 31 18 1 89 39 119 64
56 79 12 106 68 71 11 89 28 67 97 30 24 112 64 55
111 1 14 116 87 95 72 108 126 91 110 87 2 101 23 58
52 36 37 121 107 48 82 7 116 51 37 12 35 101 68 19
102 82 7 61 49 79 41 48 42 23 7 44 124 31 103 49
67 12 42 46 60 124 53 48 48 90 61 83 63 1 102 37
83 109 98 4 61 11 52 103 35 60 20 31 91 123 80 30
7 122 76 67 119 1 116 39 91 49 122 26 50 97 63 5
78 33 9 11 44 62 115 79 122 7 111 85 2 63 115 9
58 63 76 49 64 64 88 27 113 82 53 35 51 116 40 2
21 50 13 65 112 0 17 106 7 0 63 9 63 50 18 121
113 95 42 49 31 2 76 17 85 1 52 8 117 93 10 10
15 24 75 127 24 92 105 32 92 40 41 28 90 60 21 75
27 64 124 58 66 72 75 23 73 0 32 62 93 42 72 108
66 19 107 91 112 84 123 76 124 36 104 86 96 126 33 123
62 29 54 0 101 1 24 46 1 56 108 94 98 52 74 37
71 53 0 55 9 123 4 5 31 108 91 0 106 124 123 40
25 49 41 126 51 65 44 52 121 24 19 91 76 93 0 20
19 0 75 28 123 79 34 27 60 125 27 38 122 22 79 19
72 120 18 123 57 62 47 50 87 66 13 35 32 14 55 51
119 67 18 117 86 123 112 26 32 110 126 80 111 26 24 22
58 8 53 58 75 1 37 14 42 96 41 31 51 80 74 42
19 92 32 106 87 16 4 119 126 3 71 110 29 95 4 87
104 57 17 51 59 54 66 101 22 107 4 74 59 78 116 79
42 20 57 1 36 61 120 35 64 63 17 93 31 21 52 7
79 69 58 10 123 124 111 18 103 115 92 35 65 80 114 107
101 43 108 9 104 100 44 41 35 61 6 66 83 59 73 34
0 4 44 124 0 27 14 104 14 106 11 79 58 125 58 31
40 38 41 16 10 85 57 45 19 64 112 102 123 57 8 123
61 52 119 62 79 5 38 93 111 49 44 42 46 102 73 86
12 114 102 22 72 32 67 91 96 51 65 91 109 73 86 42
125 78 104 76 83 14 41 67 63 85 109 109 59 54 67 71
41 42 93 113 74 32 76 42 84 13 5 65 86 91 107 83
41 84 31 125 98 72 64 34 29 45 15 88 99 83 31 12
125 124 125 71 28 73 113 112 86 118 49 44 81 29 127 123
113 30 120 83 102 56 117 3 101 5 91 72 88 122 85 85
118 82 28 19 28 13 3 114 3 53 31 84 82 30 79 67
61 71 22 35 127 12 39 100 17 2 45 105 125 2 62 115
84 90 6 112 103 10 99 106 63 2 62 17 32 14 84 93
85 106 1 85 118 40 57 7 42 102 112 39 104 46 27 61
8 33 45 111 43 16 89 106 18 24 123 51 38 79 16 123
58 17 80 48 57 10 56 100 112 40 11 89 87 38 22 95
72 67 79 115 84 40 94 102 64 89 25 102 41 42 98 99
59 50 19 117 60 75 89 45 116 100 6 75 11 28 42 83
95 121 70 51 34 36 26 98 126 51 73 39 93 43 10 25
93 29 14 26 105 103 71 93 75 77 40 86 105 82 41 72
76 112 124 110 20 22 80 18 73 25 57 39 68 67 64 34
97 78 60 74 53 3 39 0 80 79 87 57 33 0 1 109
112 125 91 5 19 44 23 93 69 81 4 10 20 68 44 117
18 104 63 71 107 102 71 59 53 30 116 87 31 117 68 15
115 32 20 6 76 44 99 17 125 103 27 17 43 71 7 61
47 70 4 26 45 76 85 98 106 73 57 9 63 126 25 50
69 71 6 89 13 125 39 76 103 114 98 22 8 49 22 23
82 17 28 64 95 57 105 45 125 62 77 6 33 24 52 102
95 58 64 108 55 103 56 31 89 26 53 97 75 75 121 29
93 21 93 60 78 71 105 75 5 55 81 39 79 5 13 46
63 77 26 119 52 82 22 13 108 75 111 56 22 104 85 115
125 51 47 76 122 25 23 127 80 105 38 31 110 52 77 46
1 103 37 54 57 59 67 37 6 50 93 28 26 51 16 24
102 63 100 96 88 123 95 40 100 6 71 83 58 20 1 59
123 38 113 52 97 53 90 103 103 55 3 2 106 19 26 80
83 126 48 43 121 16 84 94 22 27 49 80 48 50 11 43
88 125 96 57 50 58 32 25 113 35 27 92 55 53 44 10
51 93 53 45 109 9 11 3 37 60 83 85 110 94 0 70
91 96 127 13 26 31 39 12 66 66 104 121 120 20 3 43
113 57 88 94 66 99 97 103 31 52 60 13 19 61 83 110
29 82 124 56 113 35 68 52 101 44 45 93 64 49 9 50
106 97 16 44 69 114 20 100 38 80 114 57 13 69 40 43
24 36 99 9 71 39 61 44 83 107 10 19 28 19 69 6
116 86 50 57 72 70 30 110 23 16 40 36 85 80 79 109
116 50 119 59 89 52 103 44 31 113 64 59 4 5 65 121
91 116 50 35 58 80 18 81 96 58 118 54 10 69 35 126
120 26 57 81 79 32 126 110 18 62 42 22 67 107 15 31
95 66 66 26 18 84 107 115 14 97 41 24 39 76 22 31
103 79 112 54 112 110 36 2 44 78 24 112 58 40 15 25
106 81 51 124 38 31 111 52 0 24 77 39 101 99 70 76
51 55 2 35 37 38 37 82 117 61 66 47 101 81 72 79
34 124 76 72 27 59 125 27 84 74 67 57 45 9 5 96
64 7 3 102 45 40 56 34 102 122 81 75 75 26 27 109
22 103 54 49 34 51 76 118 125 15 47 42 25 52 11 89
59 14 63 105 55 119 11 29 113 93 104 60 119 3 42 13
106 96 62 13 19 10 3 16 26 51 58 51 103 69 12 35
84 76 12 11 67 23 40 53 116 16 113 107 20 27 120 126
123 54 11 14 65 15 30 91 66 89 14 41 30 26 76 114
26 9 50 73 59 47 113 17 103 125 49 114 41 8 50 25
49 84 85 121 61 33 89 100 96 14 33 33 16 74 98 43
83 21 116 14 68 101 31 44 98 81 30 12 89 80 37 10
36 122 4 98 27 93 70 123 107 104 28 124 50 126 39 5
19 27 19 88 0 50 4 98 3 34 110 93 114 19 103 22
13 107 120 40 72 63 35 52 39 63 48 89 62 87 94 81
114 113 41 114 35 45 84 39 79 67 4 65 86 107 88 100
87 80 12 31 15 48 83 54 111 3 15 45 90 109 127 76
94 40 62 2 86 19 41 37 86 45 103 44 24 63 16 111
15 29 15 31 77 98 85 60 102 101 106 64 82 105 13 49
17 75 51 103 94 92 13 52 9 116 97 33 51 113 17 66
14 32 97 91 2 55 24 104 28 2 41 110 107 54 31 124
1 82 100 96 46 113 20 55 101 117 89 24 103 106 90 117
10 60 81 12 115 105 117 15 107 30 125 86 84 29 82 85
111 54 53 30 39 74 85 12 63 46 36 38 24 127 28 34
59 109 47 46 86 36 61 65 66 58 23 22 87 105 107 71
32 33 101 71 107 58 84 42 105 120 81 1 119 109 36 50
90 83 96 48 119 29 113 57 88 8 79 47 113 58 118 17
91 91 89 70 22 45 113 127 37 66 0 29 47 36 79 9
119 48 57 110 77 42 39 37 50 118 85 35 49 75 53 12
39 14 83 61 59 68 60 96 6 60 125 53 97 77 62 88
125 119 71 74 33 110 112 83 101 69 118 22 16 43 34 55
57 117 116 116 57 48 85 63 109 82 116 78 31 50 38 28
41 109 103 74 92 87 29 65 28 20 87 44 63 121 100 121
111 88 109 40 9 66 104 118 21 92 68 52 15 106 81 56
88 56 3 52 15 32 117 43 52 76 87 116 69 59 109 52
20 90 93 29 29 69 19 50 33 87 102 48 65 55 105 25
111 108 77 126 12 66 41 65 14 1 53 84 60 34 8 80
124 101 109 25 42 0 75 76 87 50 124 25 105 101 50 89
81 0 87 94 66 1 31 81 2 84 37 62 118 45 15 114
19 124 12 61 125 87 9 84 9 6 109 115 107 32 76 61
32 35 27 98 36 58 51 38 14 88 101 4 6 116 118 25
