100 12 44 90 28 45 24 33 47 51 32 73 26 90 95 127
59 25 112 1 109 74 69 76 60 111 74 58 102 41 41 74
53 85 37 82 2 61 115 50 112 20 123 11 110 90 10 41
115 122 42 96 69 112 44 1 95 118 59 69 31 100 15 85
58 52 39 60 113 26 110 98 46 106 109 29 68 119 70 56
114 113 24 55 97 69 56 64 59 115 5 91 87 20 48 17
73 87 78 58 113 60 28 32 38 9 61 107 1 3 35 115
116 59 42 85 0 98 21 60 85 26 23 44 47 71 62 120
30 12 50 15 72 79 47 111 88 108 90 89 112 125 76 100
56 118 58 57 88 79 117 45 106 12 90 25 83 24 17 113
36 67 0 108 18 48 91 107 28 53 68 12 50 17 113 107
7 43 36 96 122 25 13 100 37 103 125 120 127 14 105 35
82 105 16 100 25 107 79 54 33 20 66 83 37 51 62 44
94 98 12 89 123 26 61 32 1 59 24 1 73 1 36 27
107 52 0 4 32 79 58 65 99 125 20 8 48 83 53 15
53 65 104 49 91 37 81 93 96 106 94 42 107 2 69 86
55 69 91 87 21 21 24 120 18 44 1 67 127 54 82 53
119 58 102 83 95 55 48 64 33 14 106 13 16 47 99 71
117 62 30 10 84 54 2 102 99 3 41 98 57 123 23 49
53 125 4 21 53 52 85 86 66 63 99 82 110 71 26 99
5 56 109 89 111 112 64 82 115 105 52 45 101 76 94 26
73 98 47 126 22 4 85 88 67 56 42 50 127 68 21 5
125 3 94 108 115 30 62 102 8 114 19 109 62 113 7 8
83 55 6 105 59 91 65 127 20 108 49 19 48 70 24 45
73 119 25 60 21 87 35 29 74 54 10 8 40 18 16 123
73 23 101 4 114 38 3 6 18 52 26 67 123 50 112 68
41 10 1 63 97 36 92 43 90 103 52 2 121 68 126 66
91 99 70 78 9 74 84 28 126 110 95 121 33 79 62 74
89 63 9 59 99 102 102 61 77 26 64 70 95 62 8 58
33 78 8 42 24 93 70 23 75 37 16 108 117 78 55 78
13 64 9 112 38 112 46 115 10 110 57 105 44 65 36 77
16 44 119 40 9 62 63 85 99 80 65 88 30 120 39 44
10 93 127 35 44 122 56 122 15 33 74 26 64 24 37 34
113 98 92 99 103 29 108 99 67 34 71 59 16 114 6 26
79 5 61 123 0 117 118 15 22 64 42 86 88 79 121 73
49 85 45 24 115 25 124 54 59 67 114 75 53 120 101 4
126 34 0 126 23 118 13 45 54 55 4 14 6 125 88 55
82 5 80 69 30 76 124 89 15 110 37 69 102 10 73 100
45 73 98 68 63 112 114 117 39 118 4 46 115 92 101 69
97 53 11 127 1 7 88 17 117 125 86 91 8 31 64 53
105 34 121 40 18 107 30 58 97 34 104 84 126 77 26 95
3 37 94 4 44 54 21 33 52 107 124 60 11 60 113 116
95 106 28 113 86 58 43 55 92 19 12 90 97 38 57 100
75 23 104 119 78 126 24 2 105 20 62 116 81 47 104 48
25 5 33 111 63 77 39 28 96 51 118 65 89 48 37 36
71 14 27 21 12 51 23 117 71 85 106 24 4 82 72 30
87 106 13 23 55 52 51 23 103 41 89 64 89 126 100 33
12 127 54 24 50 78 14 122 35 120 18 40 74 91 70 34
69 83 57 124 8 108 19 111 21 108 48 111 107 20 16 119
20 70 16 70 20 30 64 56 22 83 96 96 46 38 2 115
121 59 111 1 39 2 113 61 111 33 44 90 53 60 81 73
2 97 16 23 127 80 79 21 35 47 118 81 85 120 68 78
52 51 80 91 54 65 24 37 98 68 127 23 0 80 97 3
50 113 26 49 65 105 71 101 24 61 54 109 53 123 59 105
46 11 69 100 76 93 9 46 34 8 70 34 89 39 37 11
24 63 60 89 40 3 62 64 64 117 45 118 112 105 95 30
116 36 3 65 2 12 111 36 21 53 70 110 92 108 121 116
43 53 78 84 57 12 20 121 1 66 111 113 43 79 16 31
115 19 96 117 31 80 25 52 5 96 34 98 76 27 86 119
81 36 75 10 49 96 3 50 34 115 36 77 66 52 108 53
71 77 43 102 29 68 27 34 36 61 4 112 89 91 104 42
127 51 52 48 19 55 99 53 42 7 2 108 59 111 34 2
60 77 104 89 17 3 123 54 65 0 38 26 91 14 68 90
66 120 11 85 47 110 11 90 117 13 70 48 124 104 50 56
119 85 92 15 101 125 47 56 63 3 97 2 59 69 84 79
13 83 78 106 106 30 36 81 20 117 45 6 118 71 22 109
28 114 124 1 112 43 57 47 46 26 49 105 96 6 56 109
89 7 88 67 37 124 20 58 113 66 64 103 9 86 85 37
73 81 38 57 125 95 104 43 121 25 21 89 31 77 71 120
84 31 59 122 27 80 52 12 18 116 115 27 75 72 64 20
26 102 77 23 69 53 66 62 78 87 24 110 37 95 102 121
126 34 115 25 114 39 37 4 28 24 31 103 97 95 123 123
69 72 18 10 125 84 72 75 44 96 57 81 63 32 74 61
66 62 86 52 101 123 56 1 20 87 104 117 54 99 112 123
43 2 5 40 86 77 116 2 46 45 83 109 77 30 43 15
92 1 67 65 125 123 67 17 82 43 6 8 15 118 3 58
120 8 99 78 86 87 81 4 4 36 113 82 66 28 97 30
30 37 96 27 32 35 44 115 78 50 123 93 40 127 24 32
7 123 110 93 82 63 97 86 100 83 40 38 111 10 69 13
47 37 40 79 72 84 66 22 6 62 116 46 61 12 78 68
7 61 34 89 124 3 47 96 86 88 7 70 98 76 83 17
113 124 96 57 80 35 79 87 97 67 5 30 79 84 98 86
17 4 47 13 8 95 110 94 55 117 36 25 65 120 42 50
116 10 107 68 45 58 27 14 126 33 44 77 117 15 36 6
19 83 19 27 50 1 122 105 118 30 2 55 22 44 105 10
55 84 79 100 15 106 115 13 11 31 90 0 46 126 6 66
82 26 93 4 27 87 110 18 118 112 73 12 29 51 23 84
7 102 56 22 80 43 35 92 75 126 92 121 124 99 59 78
125 25 83 24 112 65 42 102 49 116 115 78 39 10 34 46
112 91 69 64 6 104 28 81 102 121 75 99 92 6 49 89
31 4 113 16 69 28 118 119 16 105 69 55 115 104 101 99
67 42 36 73 19 64 27 121 57 102 92 21 108 14 110 12
18 96 28 88 124 18 79 12 124 20 67 111 124 40 83 63
83 119 9 102 55 36 95 113 10 60 6 118 74 117 2 92
85 30 52 81 49 3 93 45 24 32 28 20 72 111 84 27
102 93 1 30 1 97 15 11 29 21 1 103 10 4 67 95
62 59 101 52 113 53 61 64 40 58 41 100 4 3 125 79
80 77 4 80 81 27 125 125 81 88 51 67 12 66 71 74
126 44 127 111 98 60 47 10 119 88 110 123 92 108 74 44
57 79 125 10 106 122 8 59 83 59 127 95 126 70 41 124
115 40 107 85 101 26 95 92 114 78 87 78 58 34 123 115
113 120 126 91 114 6 22 69 65 21 36 63 92 78 59 79
118 38 36 91 64 3 55 51 81 15 1 11 49 124 127 34
116 125 125 103 3 19 44 68 41 81 4 5 31 63 84 21
102 120 113 38 123 40 89 77 55 91 88 104 87 87 10 76
84 7 51 87 27 95 28 68 48 32 73 79 95 29 101 69
21 86 108 16 126 69 93 54 32 54 30 120 13 41 68 98
48 119 57 75 86 85 15 7 117 88 86 85 117 59 26 10
17 6 27 16 76 120 70 108 46 100 100 60 13 40 30 62
31 87 9 118 45 25 125 34 113 83 119 103 15 18 113 32
24 12 48 100 5 118 81 51 91 53 111 104 94 13 38 125
101 48 115 18 73 112 52 58 68 44 33 83 62 19 115 86
31 36 59 36 26 12 88 117 65 71 94 31 85 4 29 58
52 16 76 125 1 0 56 69 44 89 24 106 108 11 65 12
47 124 48 74 8 8 63 73 80 29 105 37 34 6 95 86
22 43 84 23 43 12 92 88 101 116 66 82 0 3 94 47
127 14 121 7 23 57 81 103 86 58 12 120 64 107 79 86
22 35 110 65 47 74 25 20 63 92 102 63 95 68 110 95
83 104 102 106 33 55 81 119 113 93 112 49 72 63 8 94
98 118 31 17 64 57 37 127 21 12 62 116 80 45 83 35
21 58 13 54 113 94 45 99 59 29 20 3 92 28 97 62
18 1 79 83 58 117 82 79 1 17 67 81 62 23 117 83
81 2 9 66 97 54 37 28 84 58 32 48 86 1 111 105
2 62 60 60 51 14 11 52 31 79 6 93 102 123 48 55
125 57 121 94 112 31 123 68 89 27 116 47 28 99 24 31
34 84 91 85 99 103 10 2 54 16 96 28 11 16 83 8
74 76 103 58 107 98 126 68 125 114 116 25 86 12 56 120
97 20 77 68 123 87 70 49 103 38 77 114 55 32 123 1
62 83 80 74 125 24 10 27 97 85 4 73 108 109 123 86
101 0 113 67 2 89 2 30 108 62 4 15 52 94 102 114
49 55 60 47 79 70 74 48 28 78 122 8 59 117 94 33
117 80 100 119 41 102 22 22 36 26 37 88 121 11 74 42
66 7 89 18 77 35 66 105 113 60 114 45 50 80 78 39
32 50 31 74 24 53 96 61 79 5 21 72 16 96 115 83
103 76 101 52 112 39 30 97 100 16 14 22 96 92 61 1
14 92 75 39 17 43 100 97 48 121 41 64 89 28 19 64
105 120 117 89 32 19 58 4 35 73 26 3 37 87 4 52
52 79 91 69 122 63 38 42 56 80 107 18 108 126 82 85
119 71 46 23 90 105 27 125 50 53 1 87 12 5 11 64
85 102 6 79 37 44 122 94 124 101 112 105 99 66 62 90
10 109 113 100 86 12 98 8 65 99 95 78 104 107 14 61
81 20 13 119 65 7 85 61 108 69 38 79 7 101 42 17
82 27 118 40 40 88 48 105 59 15 55 35 122 70 97 76
90 110 67 27 117 24 89 97 93 127 48 100 100 90 118 54
118 108 94 30 68 14 7 127 30 63 34 24 5 3 100 95
113 39 123 102 63 84 71 28 83 120 1 56 82 119 110 72
99 77 102 39 91 110 38 121 45 72 18 50 76 118 17 61
30 12 36 93 96 107 122 52 99 123 108 54 114 90 126 85
39 101 124 3 83 34 124 0 106 14 50 54 5 67 116 35
80 24 0 48 3 122 100 103 117 80 29 103 43 27 60 82
0 56 85 83 90 82 83 69 96 5 123 101 73 111 8 25
7 9 73 11 3 46 114 121 126 15 96 41 42 29 124 43
85 81 126 48 35 82 117 4 87 112 105 32 96 114 57 103
123 3 114 126 49 100 119 47 115 88 89 30 117 85 73 74
38 71 122 74 25 111 78 113 96 55 17 64 41 75 39 36
78 26 35 127 126 26 46 114 114 7 16 103 92 89 50 3
32 44 77 58 28 27 43 124 82 60 60 124 7 99 32 85
125 67 84 124 94 3 110 80 10 126 56 103 87 106 106 119
22 55 49 50 82 92 46 36 25 106 32 32 78 65 118 75
4 74 71 98 77 53 51 88 51 107 63 10 85 41 2 107
87 123 5 60 27 119 43 98 112 106 15 104 36 30 56 81
24 29 102 44 111 35 60 116 58 78 14 73 106 114 19 65
109 25 125 8 16 41 107 0 19 122 104 56 24 32 9 48
62 111 92 45 18 24 33 76 102 48 21 80 34 41 18 16
66 15 24 82 56 3 82 76 125 59 4 21 91 13 69 25
124 34 71 15 58 104 91 33 24 113 113 59 26 3 75 92
19 99 46 75 103 0 23 100 59 27 122 23 40 63 48 37
97 119 52 28 96 15 61 120 0 46 51 26 50 126 118 69
98 36 16 73 37 40 45 96 67 39 119 108 103 40 17 72
31 69 100 127 84 33 120 85 80 43 111 2 42 102 71 12
10 87 85 47 127 2 16 67 42 7 47 17 47 64 89 79
5 62 78 89 95 70 46 47 114 30 49 28 4 120 40 14
80 125 62 79 127 78 18 41 85 65 58 5 1 20 84 6
82 34 96 49 105 14 97 91 44 18 119 48 11 31 63 91
28 125 42 27 75 61 69 32 126 127 37 0 19 121 6 101
28 102 23 5 117 120 96 33 10 87 82 21 118 17 112 18
14 27 45 89 88 114 121 86 114 31 86 5 24 93 107 52
67 2 57 56 122 25 90 4 112 44 26 102 61 10 120 75
37 38 36 125 24 29 84 10 60 42 16 85 7 123 9 75
125 67 3 119 92 93 123 77 9 21 51 70 32 44 17 69
82 53 67 106 83 23 117 15 65 5 100 73 0 110 20 125
49 23 116 13 117 111 90 126 5 14 69 37 58 86 106 12
12 45 118 95 68 107 110 6 112 83 79 112 65 99 109 114
122 97 127 111 81 90 110 86 104 51 123 34 9 101 46 21
19 36 116 87 16 99 93 0 54 44 113 119 15 94 105 10
64 104 121 17 66 103 103 42 26 98 76 36 71 122 57 90
31 46 50 47 17 15 47 71 60 32 62 75 127 39 85 63
15 79 80 82 54 55 124 81 25 73 117 96 67 46 59 98
92 109 17 109 124 65 52 56 97 114 4 96 25 89 31 41
40 111 123 95 38 119 48 63 64 37 32 4 83 91 102 48
72 120 29 68 57 82 125 26 68 1 123 94 90 26 7 3
10 2 98 48 121 18 112 58 55 16 62 10 107 36 58 51
46 0 84 115 111 39 88 83 17 38 101 19 121 52 7 8
88 48 109 118 28 77 5 26 126 90 0 29 10 121 64 56
121 20 43 105 59 4 60 76 42 33 95 35 85 102 43 46
22 24 36 51 102 42 77 100 4 77 2 14 71 66 71 64
86 114 41 18 118 101 94 32 6 62 67 92 36 110 10 59
7 46 110 109 88 59 81 92 8 83 107 79 21 50 16 108
36 57 126 27 31 92 59 37 26 127 1 63 109 11 122 116
58 104 97 18 35 51 111 43 6 90 123 28 12 11 8 48
68 6 75 99 98 7 9 125 6 10 60 115 22 54 104 80
30 73 98 65 124 81 108 3 43 103 31 55 114 39 104 55
45 51 26 15 58 35 12 64 46 72 52 68 126 28 20 28
101 118 93 98 72 74 101 115 49 4 43 36 43 19 91 88
70 117 103 1 25 116 65 71 60 117 11 59 17 31 87 119
21 53 89 93 127 62 81 48 66 124 84 109 15 47 69 85
37 44 86 62 32 24 5 93 13 16 24 31 47 111 22 68
36 111 34 35 45 115 84 111 111 40 92 126 88 33 83 125
77 42 59 110 66 64 75 79 80 99 110 127 82 4 67 119
115 101 26 32 88 110 15 71 23 107 69 111 12 25 108 90
67 39 72 5 103 19 84 55 118 67 54 72 71 121 63 59
95 90 91 55 72 107 127 95 86 68 78 99 93 58 61 32
97 5 37 72 24 122 127 14 61 53 86 4 47 22 63 14
112 27 69 56 6 68 24 92 9 102 63 102 33 124 7 2
1 44 75 25 38 74 39 99 0 126 104 47 20 39 61 4
66 2 60 72 71 84 37 80 59 100 54 92 97 61 94 98
106 41 124 16 116 35 116 116 33 92 35 53 3 96 57 70
98 118 14 41 74 51 121 5 24 48 97 121 109 64 91 87
105 87 104 93 123 92 81 28 56 116 82 59 84 11 1 55
1 16 96 76 67 90 81 91 10 51 84 119 115 48 79 92
7 55 58 2 19 11 31 75 0 113 6 84 124 8 11 126
24 108 74 91 70 27 55 80 78 11 71 65 59 22 30 67
77 88 69 96 99 100 43 99 85 50 56 82 58 67 80 82
47 26 45 117 53 100 69 4 112 13 69 43 35 99 110 113
25 74 61 71 118 19 39 120 13 119 8 18 37 89 1 102
9 44 52 41 92 90 39 125 73 65 125 34 12 86 1 37
32 62 108 23 81 19 15 94 11 23 113 48 112 114 22 122
30 74 35 122 36 74 119 109 12 117 16 24 75 17 61 108
80 41 3 33 61 18 0 72 41 113 120 25 99 15 19 1
89 55 123 126 1 114 107 13 103 123 37 51 13 98 31 93
12 34 126 73 52 126 17 93 111 9 118 82 24 10 83 114
65 78 112 66 65 91 80 40 87 117 91 100 88 122 65 100
28 63 45 80 62 62 45 45 71 36 0 96 46 83 82 111
34 66 49 99 29 1 11 116 119 103 88 79 97 25 51 126
89 96 78 23 30 124 68 101 32 68 69 78 24 23 61 58
89 110 29 119 112 40 107 103 15 68 54 113 93 105 111 54
73 61 77 103 57 18 76 89 86 18 39 110 41 100 40 3
83 69 122 67 110 101 42 125 41 96 110 7 73 93 61 18
27 11 121 84 29 69 46 115 87 85 98 1 58 10 4 13
80 126 80 62 99 122 59 13 90 42 20 35 7 81 53 34
92 46 119 121 115 37 109 75 122 79 76 52 89 80 65 41
78 17 103 49 11 35 62 101 77 82 8 84 36 61 119 0
107 110 122 95 19 103 42 13 54 118 66 15 70 3 57 20
21 32 69 32 67 4 6 16 86 14 101 122 76 92 123 55
74 117 22 93 92 64 106 18 54 44 33 124 48 90 16 69
123 86 101 62 90 107 79 48 122 52 43 70 16 38 125 90
27 20 55 119 84 33 9 11 78 42 7 126 5 24 67 0
110 40 62 72 20 13 120 14 65 35 84 81 73 81 43 100
101 98 91 58 4 100 69 82 15 76 80 20 100 19 20 82
59 82 26 79 96 19 93 33 54 49 115 0 3 30 100 104
1 64 34 5 36 103 87 51 52 39 71 24 58 91 107 117
46 5 69 14 24 34 47 79 84 34 79 87 65 51 63 66
115 98 71 24 73 30 75 125 69 19 22 127 110 1 116 28
6 57 42 31 92 90 110 48 124 61 7 61 112 70 127 100
40 70 124 114 100 71 111 41 90 5 40 73 6 29 101 13
86 16 44 50 106 26 98 102 87 105 36 71 48 35 43 88
97 27 44 48 72 31 94 92 21 122 83 71 118 121 113 110
81 30 2 1 76 112 94 36 82 12 14 100 71 12 83 41
39 127 89 111 30 56 75 51 50 30 122 40 24 107 22 105
9 24 106 85 8 72 121 90 84 8 62 28 20 17 69 59
17 30 43 47 86 118 99 9 21 93 49 45 73 72 22 82
96 0 40 105 72 33 67 29 41 2 57 61 19 126 121 36
28 36 84 115 26 55 124 47 20 45 92 93 117 114 48 86
114 88 63 59 121 2 88 35 4 17 96 24 15 89 60 43
125 16 30 24 71 26 71 92 72 36 57 61 22 105 19 9
65 82 68 59 85 28 94 89 45 62 113 60 24 46 103 21
62 6 45 6 32 117 98 104 25 27 38 47 5 57 56 70
12 124 1 97 24 95 58 69 30 44 1 54 90 105 75 24
111 121 30 15 110 0 120 7 28 30 54 33 87 111 103 99
107 105 68 4 72 127 73 102 43 75 28 5 52 104 29 35
97 60 50 79 60 42 86 88 72 12 121 32 123 97 3 103
74 72 107 18 71 52 121 114 127 21 119 51 125 20 86 94
80 9 45 13 51 3 101 124 16 95 28 11 64 31 114 10
103 93 28 46 18 21 32 17 43 23 69 40 44 27 7 124
36 52 9 88 56 111 84 72 78 112 83 14 15 70 24 119
35 52 37 53 74 70 71 117 93 12 29 9 39 36 6 76
89 15 36 17 126 120 89 76 104 44 90 119 114 114 110 22
39 20 75 113 90 18 102 55 30 3 65 70 40 71 18 1
86 54 18 85 46 107 33 22 23 124 13 10 110 124 32 21
16 107 6 106 126 108 33 28 112 98 98 24 41 116 25 0
42 43 85 88 22 118 110 45 114 124 55 97 120 87 118 8
67 125 114 65 105 19 93 89 118 64 113 31 52 10 31 95
53 116 55 75 107 38 121 93 34 48 62 26 8 53 34 75
50 20 12 27 39 105 117 29 41 102 61 94 113 92 61 38
81 116 114 60 26 107 25 60 27 88 86 35 13 120 110 63
12 122 90 52 100 79 81 13 54 14 107 39 107 40 77 60
29 63 120 55 42 17 116 70 105 74 105 118 67 88 53 79
82 16 3 54 95 85 68 21 99 47 60 78 88 10 10 117
42 127 28 100 90 25 101 44 3 112 8 36 45 0 10 95
120 36 56 68 88 1 118 112 40 36 67 117 10 113 44 52
113 72 25 75 97 126 119 101 110 127 9 27 127 19 123 119
56 51 59 16 52 49 0 92 85 68 82 96 53 126 20 38
71 45 113 40 43 104 13 25 103 23 53 102 42 48 93 98
99 24 114 23 73 115 115 31 55 69 127 108 68 19 19 11
65 4 51 108 109 65 6 84 88 59 59 2 107 24 101 78
49 87 101 122 74 88 25 1 30 24 110 98 44 1 109 109
5 32 89 114 97 95 71 57 26 2 60 5 26 33 83 75
120 56 70 67 17 95 68 47 120 50 17 36 51 126 17 57
30 106 43 0 74 114 57 100 116 117 106 15 22 61 90 15
118 32 82 7 0 22 54 120 73 71 28 124 69 45 53 99
23 97 99 97 83 29 70 72 18 48 87 41 109 49 56 99
82 10 106 82 32 32 74 105 103 102 102 44 19 27 16 42
124 115 12 80 16 82 24 35 2 111 76 111 32 4 83 114
14 61 68 46 94 14 24 69 116 126 114 7 25 2 50 22
117 62 102 6 16 126 41 18 109 117 1 13 121 84 0 7
18 68 53 112 83 77 53 71 75 39 79 101 41 1 123 31
63 97 37 79 95 78 97 76 67 98 89 60 55 89 67 73
30 120 57 113 70 110 56 17 22 7 118 63 8 113 94 71
82 3 22 49 81 119 125 20 90 87 80 17 48 19 90 78
12 19 63 82 1 120 99 23 127 90 87 8 75 53 79 30
57 102 79 10 93 77 31 55 36 111 72 84 3 34 35 15
53 98 97 55 90 68 78 90 30 37 98 106 91 49 8 20
23 87 30 117 36 61 44 72 45 117 29 48 23 64 63 77
34 32 4 125 100 82 87 3 120 57 109 83 106 117 103 2
76 5 119 113 67 35 57 112 24 86 32 48 22 95 125 57
127 1 54 99 83 13 102 75 70 83 30 48 72 5 50 21
11 41 6 78 77 63 62 101 22 94 21 44 61 18 101 60
19 27 31 103 40 6 50 110 89 81 31 34 86 81 55 97
123 61 47 72 124 109 45 18 75 67 63 8 85 36 68 105
64 100 80 104 106 2 87 67 83 118 101 42 71 28 11 66
