113 89 57 77 45 36 101 27 20 101 62 82 114 78 62 96
52 67 102 106 125 116 36 13 110 15 113 20 96 27 43 81
117 100 30 34 8 3 62 29 105 124 111 91 74 45 59 126
113 33 105 110 21 13 124 4 28 109 24 124 9 68 77 126
40 108 32 49 111 94 78 88 91 61 52 37 106 111 36 91
17 13 74 38 26 70 42 54 51 67 50 60 7 127 58 47
107 91 96 91 57 46 51 20 107 103 58 86 87 94 49 104
107 123 14 5 65 57 59 117 124 109 49 3 108 108 50 88
71 19 51 0 65 102 21 45 78 79 3 37 45 52 13 24
48 27 29 113 84 88 102 80 69 24 83 49 4 6 9 75
25 60 75 90 35 96 7 113 47 10 22 92 63 35 116 111
62 17 96 19 105 71 99 46 95 55 96 99 61 105 46 86
38 121 48 73 90 56 58 9 66 80 102 1 115 90 112 49
108 81 68 85 24 40 4 119 95 100 90 28 77 8 114 115
1 34 60 91 90 118 101 29 70 75 30 57 37 15 107 17
96 47 103 120 87 107 111 54 79 73 82 28 81 68 16 82
103 76 46 65 67 19 94 9 94 125 67 3 12 46 21 108
93 124 100 53 103 83 107 54 28 62 82 109 2 98 63 105
47 109 43 114 0 9 123 94 6 62 98 18 108 119 126 74
115 98 127 90 53 106 16 81 40 98 62 43 69 126 20 116
107 63 102 108 73 97 74 79 32 44 98 12 35 96 86 22
67 85 112 120 64 0 74 104 99 8 19 40 6 40 28 114
103 2 94 48 99 40 0 3 85 98 16 120 66 102 15 5
60 127 126 124 0 72 100 99 80 120 11 87 32 39 73 7
41 39 56 12 79 56 16 36 26 32 29 92 6 44 98 66
43 96 62 43 40 35 14 120 27 25 79 59 64 24 66 105
63 122 118 15 50 6 51 76 38 80 41 44 124 11 111 40
107 45 83 19 80 98 11 107 123 91 38 60 115 105 37 51
99 27 66 22 33 117 98 71 70 11 116 66 22 99 106 1
16 62 20 97 32 32 76 27 123 115 87 110 92 125 33 63
24 99 85 58 89 56 1 31 67 117 97 90 88 76 91 105
10 112 74 42 16 22 69 11 9 29 121 101 26 27 37 50
77 66 81 1 18 14 25 80 22 68 18 9 62 74 63 63
14 42 14 42 25 87 67 113 60 18 29 111 74 38 80 23
104 34 24 123 48 49 75 70 118 94 80 52 40 15 115 54
57 1 96 82 88 35 67 21 54 96 4 0 6 85 23 111
119 48 106 39 97 53 110 87 19 62 11 59 77 126 114 6
0 82 88 88 118 27 109 44 123 114 44 1 71 67 112 62
115 90 101 85 16 83 44 35 17 56 95 94 54 81 100 54
35 60 15 25 87 124 69 82 110 113 84 53 53 68 115 40
31 89 125 47 44 42 82 62 98 49 28 24 2 1 79 38
61 94 63 21 90 5 103 73 118 59 126 43 0 114 84 31
75 81 78 119 123 32 53 93 82 82 118 84 83 69 122 16
35 58 37 125 63 13 70 53 72 69 97 72 55 53 103 2
6 53 121 2 86 47 95 40 1 85 124 84 26 119 100 61
49 10 59 112 23 1 37 95 70 6 40 125 59 15 127 66
69 121 68 27 40 35 67 41 121 63 125 19 54 97 81 103
107 12 87 2 13 125 98 84 3 10 81 63 25 81 1 94
74 69 121 114 104 60 27 97 124 24 117 50 121 70 26 101
82 113 103 95 110 73 51 114 83 5 49 109 86 50 75 32
119 69 18 95 1 45 65 125 69 54 48 62 124 74 35 78
59 11 45 42 84 97 28 40 102 77 21 60 127 96 92 118
37 110 85 39 27 22 36 96 76 84 30 72 30 66 22 90
77 68 4 33 37 32 73 11 109 94 71 108 63 35 98 100
17 55 11 44 78 48 12 26 4 42 99 35 108 121 125 57
61 1 91 98 33 36 109 14 3 52 122 66 87 92 38 104
19 50 20 97 98 32 124 102 75 95 9 55 88 6 113 22
7 76 120 40 112 102 54 115 26 48 53 114 12 92 90 32
14 111 1 112 15 125 86 90 92 96 18 53 102 3 75 110
79 67 22 63 41 77 51 68 125 104 54 10 68 16 42 82
127 43 66 15 41 25 105 5 121 123 58 95 126 5 77 77
73 100 13 114 49 64 54 46 40 108 56 109 125 98 63 124
14 2 11 55 27 117 60 20 112 119 115 111 124 65 60 69
37 73 56 86 9 110 4 50 91 61 31 88 31 94 84 45
21 123 6 124 97 51 109 108 57 0 41 76 71 97 67 90
24 44 57 86 70 53 82 125 114 56 46 39 14 98 53 35
93 59 31 63 110 12 43 39 13 85 115 84 54 54 47 78
98 104 36 41 29 119 38 15 47 84 55 62 55 108 97 20
39 1 83 21 13 127 61 26 84 48 111 10 103 30 89 73
6 125 114 36 116 25 51 36 109 106 98 36 86 67 57 125
68 12 19 82 11 80 108 95 0 91 106 103 121 67 49 0
64 35 36 53 60 87 89 42 66 59 78 24 126 7 22 67
20 41 21 31 121 1 127 121 93 105 97 86 44 18 86 108
53 122 33 114 82 122 28 20 53 106 44 52 114 66 119 6
107 12 37 100 13 36 94 106 13 63 65 57 81 23 38 6
18 71 120 100 66 20 120 119 127 36 43 113 103 34 119 82
46 28 55 60 65 21 38 78 84 103 8 37 127 46 43 17
117 36 117 55 56 109 47 55 17 90 40 120 125 31 75 43
60 2 103 125 23 14 75 107 117 83 16 116 1 59 5 119
95 122 46 24 103 93 79 121 56 120 113 53 23 60 96 83
62 72 80 85 86 28 64 75 111 80 64 113 12 69 104 107
64 22 3 39 116 83 32 44 75 18 97 98 78 65 54 13
9 6 98 95 34 35 43 18 115 107 3 127 48 107 107 112
1 110 24 117 65 56 33 12 74 2 111 25 68 37 38 77
43 8 45 78 43 88 96 31 67 99 30 115 78 9 100 79
120 124 69 57 52 102 70 127 105 53 24 45 90 62 122 5
70 39 83 114 127 51 17 66 22 47 54 100 57 26 52 49
22 121 106 74 95 48 73 72 101 97 117 63 31 112 69 102
23 24 88 23 76 105 89 98 24 15 71 81 41 123 2 63
116 109 10 83 29 83 28 3 53 17 66 84 1 7 58 25
32 18 48 108 123 9 78 20 25 21 101 66 16 104 2 4
85 12 88 114 95 116 117 20 5 56 105 7 63 35 32 95
54 80 75 49 89 26 69 114 47 43 53 64 19 55 68 104
67 28 90 34 16 80 55 22 8 32 29 71 67 61 39 121
13 114 43 102 12 112 89 60 27 14 124 46 69 64 22 8
93 113 42 109 65 97 3 73 1 32 16 69 93 55 62 106
37 103 106 27 1 40 40 11 30 39 126 11 14 101 9 11
116 3 89 71 34 78 112 103 26 3 121 72 27 118 96 64
93 74 92 95 114 4 106 17 43 104 28 58 78 37 69 66
40 30 9 74 109 121 49 7 125 42 79 24 33 47 89 126
121 53 93 107 57 72 124 101 48 24 31 126 61 100 65 101
2 74 48 111 68 97 118 65 12 69 89 45 116 50 43 109
103 9 89 33 81 85 6 1 110 37 0 43 9 65 17 11
11 65 123 79 34 113 16 46 55 106 91 43 28 7 25 4
16 114 37 97 71 43 98 53 80 98 97 89 35 114 100 47
51 95 126 85 81 15 4 8 121 95 51 21 102 76 25 118
62 62 87 6 105 58 59 57 28 28 18 64 14 119 111 65
86 109 23 39 124 27 47 117 122 99 11 97 47 36 87 110
99 47 116 76 105 47 6 5 76 24 69 90 15 52 28 102
34 51 13 30 78 61 20 72 32 31 41 79 67 1 61 38
48 49 115 25 97 121 30 45 17 100 7 33 24 35 7 58
86 20 89 36 81 109 109 113 12 22 65 79 23 126 118 71
48 105 96 17 98 127 62 115 99 69 20 123 105 27 54 63
48 15 100 1 124 81 115 8 103 52 87 127 50 77 70 98
54 39 115 24 38 49 12 9 119 32 4 96 60 58 31 108
73 3 109 69 84 96 77 60 20 37 59 71 114 1 41 41
40 29 65 78 78 77 87 69 110 92 37 42 22 69 22 96
72 3 37 29 100 115 89 120 24 20 63 10 21 105 51 62
6 117 12 84 66 100 26 48 64 63 90 86 4 112 54 77
116 92 106 88 79 67 80 103 87 16 113 108 121 37 42 127
26 55 83 92 27 109 13 91 45 103 49 49 88 104 126 76
68 104 36 19 43 116 122 2 4 107 111 125 16 25 124 42
80 80 7 107 61 20 70 106 123 120 28 83 96 26 31 36
3 67 55 46 56 49 49 60 28 32 58 45 57 54 87 10
6 94 117 68 114 60 46 110 52 74 65 20 101 97 56 104
36 111 22 92 32 71 25 60 103 83 105 33 9 65 43 16
31 32 84 18 92 2 0 16 77 65 36 50 34 92 26 71
75 48 35 107 120 60 40 95 15 17 0 25 82 43 41 114
24 9 104 15 55 58 93 33 33 4 74 108 71 105 85 20
65 72 71 26 2 76 72 75 70 21 40 11 127 54 89 23
63 66 39 119 124 4 24 29 8 98 10 80 76 95 100 13
40 43 39 42 119 111 118 61 4 30 72 4 84 34 27 20
100 66 11 96 70 35 125 79 5 7 31 81 103 3 94 15
46 5 57 37 116 47 99 121 78 43 125 34 77 24 54 49
91 65 17 33 100 15 112 106 22 15 59 125 18 26 12 64
31 70 102 20 117 73 13 67 116 10 102 66 34 28 115 125
94 5 31 66 20 15 44 42 31 104 40 49 2 52 114 33
122 88 53 112 33 66 51 21 76 25 87 111 54 75 108 20
80 11 86 100 27 3 14 58 107 54 107 109 107 93 14 101
53 68 85 86 6 9 108 83 34 67 66 88 14 46 108 94
58 67 66 85 70 81 15 49 7 122 30 114 88 44 88 13
112 45 100 119 54 80 74 89 19 12 49 34 58 30 0 116
97 67 73 39 20 88 88 27 83 118 14 43 34 102 56 19
19 28 10 74 108 84 35 0 96 84 34 26 114 34 15 83
101 88 122 121 49 82 21 4 72 35 47 107 9 103 126 28
4 8 102 112 92 9 112 60 94 18 86 80 53 101 36 26
62 30 20 111 113 41 115 57 76 34 36 85 9 34 113 13
42 88 126 6 97 110 66 63 1 25 16 54 126 52 80 60
82 100 43 67 13 30 125 89 64 33 46 74 68 32 87 110
120 85 117 89 68 55 25 69 80 41 123 79 93 75 11 47
48 55 115 61 85 112 23 22 17 69 96 85 101 55 68 93
13 57 55 81 112 80 22 65 121 17 16 86 92 27 5 12
82 120 74 40 104 97 62 122 38 30 79 12 85 19 105 98
76 32 51 61 112 73 126 105 90 14 63 55 41 69 67 124
61 13 36 38 110 98 32 21 0 111 33 85 3 10 56 79
43 107 12 27 53 10 5 15 24 68 70 66 9 10 62 71
23 98 109 6 68 13 27 68 124 60 25 127 70 81 79 113
61 91 13 114 102 18 1 126 86 72 64 96 82 126 39 105
96 20 111 36 33 10 104 29 70 2 29 13 83 108 126 16
71 11 2 45 29 4 44 116 76 108 84 30 107 123 7 75
111 61 127 43 99 126 41 106 84 47 51 74 14 44 45 111
37 110 15 24 75 48 80 84 117 61 14 124 65 16 18 48
77 17 91 48 15 5 27 99 52 78 46 66 123 91 49 32
74 64 57 21 113 9 105 102 70 119 99 8 7 117 56 85
7 20 5 22 25 32 122 77 111 40 16 106 3 65 10 77
2 67 98 115 77 75 89 19 67 60 27 74 50 84 31 57
104 37 79 1 69 73 78 52 113 94 30 117 32 41 66 34
108 37 21 57 112 110 77 51 43 104 126 93 60 29 22 36
66 101 37 8 47 116 60 32 82 91 21 114 4 88 20 112
125 41 42 109 24 119 33 67 95 31 32 28 60 54 64 127
27 102 7 74 90 67 107 44 30 0 31 34 88 51 19 85
93 61 67 117 52 100 56 19 3 88 47 63 14 112 62 41
86 69 116 48 9 95 92 39 95 123 74 56 47 93 13 12
26 80 1 78 52 57 97 55 17 17 119 31 1 53 72 87
123 60 7 4 27 99 43 123 95 117 51 14 82 64 26 108
17 27 58 69 84 28 125 101 45 116 4 46 41 76 5 36
9 12 40 36 111 84 31 78 73 82 92 28 19 118 8 36
17 67 105 101 95 102 74 12 90 78 58 4 27 63 40 36
75 81 72 58 37 104 9 110 58 101 10 77 92 19 113 109
86 91 83 53 65 29 65 28 108 123 32 7 58 72 43 5
25 115 63 62 91 72 45 22 46 55 99 10 74 85 119 32
48 74 85 113 104 22 13 84 17 45 91 75 118 6 80 15
121 16 78 85 88 123 107 6 50 78 16 125 35 8 29 83
82 115 69 58 9 82 14 27 0 105 102 118 111 55 5 105
71 83 62 31 78 41 38 1 119 54 126 27 62 27 110 17
14 51 75 24 6 90 51 6 67 25 124 51 80 1 28 23
85 90 55 35 3 93 36 122 19 34 21 82 62 4 99 76
55 46 100 61 8 23 67 76 49 63 127 1 65 27 25 22
117 80 57 120 45 94 114 64 0 8 18 62 12 117 11 67
36 111 1 44 7 68 120 56 4 119 57 69 18 82 91 7
34 20 127 79 114 114 16 115 122 34 49 6 24 60 73 60
44 74 104 51 15 97 107 19 88 36 88 107 119 51 114 25
72 114 115 5 121 90 107 100 92 88 20 119 18 23 20 94
30 13 20 88 30 37 26 54 103 74 24 95 110 78 99 55
64 86 60 58 48 39 30 12 0 50 3 18 74 24 112 104
37 4 64 67 42 91 122 17 37 18 112 20 97 83 75 33
41 7 91 90 47 121 102 47 44 106 65 118 2 50 94 39
54 30 106 96 121 100 113 31 119 97 51 88 52 126 121 94
5 85 56 52 78 30 99 122 8 37 112 10 87 78 49 13
109 28 110 102 0 95 5 119 65 56 79 117 54 73 83 60
30 11 112 108 42 84 103 50 121 87 61 80 38 110 93 19
10 75 121 11 43 127 2 108 55 82 97 110 27 53 42 57
64 26 37 106 110 12 29 103 100 90 55 10 72 21 29 83
96 22 94 11 21 96 119 77 50 89 59 77 14 101 6 78
127 44 57 110 56 86 85 28 48 13 38 120 34 67 75 2
90 41 14 111 10 5 60 60 94 119 10 108 92 16 59 92
60 116 74 117 74 31 17 122 44 56 114 78 123 62 81 85
103 95 69 113 100 1 46 67 121 56 47 85 72 106 49 5
94 123 122 40 27 11 34 71 67 21 22 63 83 103 20 58
70 89 44 42 91 90 109 84 18 29 41 90 7 91 95 102
86 89 14 113 101 49 57 40 70 79 103 25 54 124 83 124
85 127 38 48 89 20 4 107 49 46 70 56 9 37 30 95
127 45 81 100 94 10 12 36 89 116 61 15 112 16 11 69
16 49 118 105 69 122 85 118 40 27 47 49 64 77 17 63
122 98 35 88 108 48 124 69 36 57 84 20 74 95 89 90
16 79 67 86 74 24 76 114 51 123 36 116 73 53 51 67
23 87 28 3 7 24 72 43 82 28 63 28 123 24 118 11
104 57 97 50 82 46 36 5 41 72 121 114 125 45 54 20
4 82 23 11 106 95 54 60 123 117 88 118 13 78 2 117
8 99 39 90 17 76 95 59 20 89 45 18 6 99 38 10
53 62 21 32 29 75 92 25 64 53 15 77 3 17 67 11
117 106 101 6 54 69 65 75 30 111 93 36 82 3 46 8
65 67 40 95 14 4 120 78 57 7 27 61 25 94 72 14
73 46 20 127 115 86 74 17 69 39 53 23 43 99 31 108
72 6 58 102 96 47 105 59 98 93 13 40 83 20 35 51
40 4 6 18 100 117 48 115 85 19 88 33 14 60 97 86
67 27 60 35 74 38 94 45 3 107 85 86 127 121 9 40
125 15 58 98 4 106 85 90 125 45 123 11 106 92 97 45
119 30 80 66 68 46 111 71 26 68 29 25 61 38 65 59
53 124 29 57 102 114 19 100 32 15 111 10 107 81 55 99
111 7 37 51 53 20 122 79 88 23 105 22 61 42 81 114
38 110 43 13 96 63 113 0 78 96 10 57 49 65 28 32
72 65 83 126 85 77 77 46 100 54 68 33 97 21 19 7
3 63 20 99 126 5 100 76 102 110 5 23 48 34 56 120
99 11 118 57 89 68 103 61 122 43 95 91 64 114 99 67
49 119 38 47 125 10 123 99 121 1 122 41 35 50 33 6
62 24 63 23 92 38 84 86 81 51 50 17 38 21 84 87
12 123 7 9 5 2 108 126 3 103 39 38 25 73 45 87
97 108 110 61 19 67 19 100 118 69 118 28 90 74 116 103
69 123 112 75 125 93 73 1 68 113 39 93 58 84 53 27
65 35 88 84 102 107 56 93 49 46 121 11 121 109 114 62
104 99 9 102 64 83 103 4 68 14 97 126 99 22 25 36
58 113 120 32 92 48 125 13 95 119 25 88 100 11 22 77
110 32 51 46 115 26 50 55 40 20 53 11 42 78 47 100
63 39 5 27 88 2 41 55 121 66 15 94 77 37 43 60
69 94 106 56 120 29 111 32 49 36 44 91 114 91 64 49
3 69 77 91 71 118 18 65 56 33 31 5 70 74 65 12
40 44 68 32 73 52 64 122 88 108 85 75 72 21 124 75
90 73 38 34 63 56 99 119 89 2 125 31 76 62 43 116
106 112 20 51 36 84 45 124 65 3 71 9 24 68 84 115
13 122 21 77 50 120 68 11 122 65 42 70 0 86 58 106
70 78 30 106 34 75 102 99 78 46 108 103 114 64 90 127
58 111 76 108 103 17 119 97 82 34 39 82 120 97 61 62
47 91 40 81 38 14 53 117 60 33 92 46 98 54 46 28
37 122 9 12 11 0 109 94 34 20 48 26 117 109 88 36
72 0 117 111 15 42 100 75 76 64 122 46 118 40 74 27
87 106 87 85 81 106 104 108 95 43 31 26 36 118 24 20
11 95 108 34 21 2 89 118 21 44 83 61 115 121 77 74
100 37 32 53 15 8 33 110 51 64 9 87 55 33 108 66
0 88 100 22 90 61 12 112 106 95 45 93 89 123 40 61
32 72 114 47 80 19 30 3 83 39 91 10 72 71 76 73
31 49 95 122 110 107 106 88 75 23 54 36 18 94 97 50
38 83 98 118 102 0 121 57 39 84 68 111 27 16 56 59
65 23 53 48 3 31 8 78 54 62 114 73 28 83 123 66
38 93 56 12 93 50 69 4 6 9 116 34 26 44 93 91
68 18 11 71 49 20 21 103 82 7 48 111 90 44 49 0
9 106 12 103 28 81 107 34 91 95 68 117 12 33 80 80
51 92 23 100 112 44 76 66 51 124 49 13 40 99 13 50
77 25 25 105 106 4 11 69 100 80 58 112 113 11 64 37
103 87 9 87 3 85 25 54 82 75 67 122 46 80 44 123
105 69 100 83 74 111 25 46 63 83 30 49 94 94 86 69
53 95 28 56 53 54 110 7 1 49 1 47 1 46 42 106
115 14 61 61 125 86 107 61 42 9 110 8 103 68 78 28
35 106 84 88 32 66 95 33 115 97 80 116 15 122 94 2
8 28 64 6 114 43 67 28 53 49 37 28 117 115 57 24
93 13 113 126 80 80 31 67 49 112 56 64 106 22 67 115
50 3 121 37 46 60 65 99 109 102 0 98 89 57 122 55
70 107 53 22 60 84 90 109 68 18 46 47 40 113 34 91
116 27 0 34 87 65 6 68 40 6 38 1 63 32 56 5
12 109 28 72 66 118 53 6 8 99 53 48 84 87 11 72
114 11 107 73 77 113 13 117 119 51 118 54 84 47 59 96
28 87 40 94 77 93 101 85 65 26 6 21 114 17 94 100
29 73 46 106 58 59 95 49 111 85 103 67 4 34 35 33
122 75 127 71 40 100 29 105 127 35 127 113 52 93 85 81
38 3 59 96 63 26 17 46 112 120 113 116 26 20 21 20
95 21 92 7 121 121 113 120 28 112 105 80 77 63 34 115
66 93 83 1 120 100 47 104 92 32 92 118 52 114 11 19
7 103 27 0 96 12 121 124 124 98 76 73 33 110 60 100
74 85 29 34 110 86 83 22 86 0 21 63 15 108 85 69
30 118 86 96 30 62 117 51 52 107 86 57 38 39 11 112
125 40 18 107 126 101 1 85 102 23 20 117 3 106 58 34
96 17 2 126 79 120 49 3 99 7 60 9 47 71 122 44
112 12 23 110 114 24 67 88 47 88 77 51 66 8 85 34
25 87 32 104 79 81 107 50 89 39 60 8 111 54 52 95
66 75 77 52 99 17 12 19 105 90 70 43 98 27 77 123
114 109 99 66 62 78 116 23 117 48 31 100 102 83 67 41
30 17 93 2 34 106 21 11 68 91 54 38 118 3 33 104
112 4 42 46 82 31 70 71 79 101 44 54 57 111 95 87
0 60 89 34 38 110 45 106 73 99 16 63 102 49 40 86
53 82 5 7 113 75 79 65 48 123 119 105 106 86 65 107
18 26 13 57 9 59 35 82 30 52 18 5 101 58 91 27
12 96 34 126 43 113 63 92 108 54 69 87 12 6 66 30
33 79 87 42 10 123 124 41 47 14 46 20 72 9 47 85
106 82 83 21 67 18 113 48 72 55 7 84 61 73 114 94
24 74 8 35 69 5 76 116 19 122 8 92 3 56 49 109
10 4 3 77 22 116 125 94 43 4 50 105 77 36 71 102
110 80 9 51 85 85 39 104 79 48 68 82 104 117 64 114
121 67 63 15 55 61 109 99 65 31 76 15 68 19 117 50
99 126 102 56 83 13 33 34 61 101 116 37 91 52 23 84
119 87 100 47 20 81 18 85 113 94 100 53 113 89 103 85
87 77 13 42 91 46 76 24 20 65 62 111 117 85 67 109
44 39 28 64 121 46 22 106 12 122 31 125 84 6 82 43
84 96 86 47 14 34 71 34 99 5 17 89 91 85 70 7
124 98 72 117 16 94 95 28 88 126 25 44 5 108 88 89
76 46 8 90 80 79 125 52 85 14 13 48 99 83 55 96
53 127 85 69 93 53 97 54 51 122 98 56 102 58 17 50
104 25 13 57 105 10 109 62 24 122 110 124 77 37 92 2
37 49 71 2 102 40 56 26 34 27 82 9 85 100 59 62
125 72 119 102 82 100 36 107 94 18 103 43 56 67 45 93
116 116 95 91 28 24 117 62 51 71 71 8 43 3 70 41
