99 55 32 14 47 102 42 80 2 89 127 114 54 86 18 41
2 19 18 33 15 42 13 42 86 39 21 51 95 109 62 67
37 95 81 84 69 124 37 71 85 36 58 11 122 76 53 125
95 71 30 110 114 43 25 72 83 46 124 50 27 58 117 64
25 71 21 94 67 58 38 24 94 96 36 89 44 89 86 12
32 116 122 18 32 19 91 115 65 87 37 93 17 27 29 43
98 50 9 37 108 47 61 75 15 97 36 60 58 122 72 91
110 66 109 14 86 72 1 23 31 39 116 49 66 18 92 36
68 101 73 49 21 6 124 36 104 32 96 34 26 40 125 8
107 107 23 65 51 24 88 83 63 77 4 1 95 96 37 35
69 110 84 90 117 80 127 93 112 95 127 10 8 125 19 115
104 42 52 27 66 12 110 2 89 114 3 56 82 41 92 24
23 48 114 12 1 113 105 113 81 105 124 89 102 15 76 78
57 0 105 123 12 88 125 102 74 1 30 29 42 122 53 65
43 39 78 44 25 55 29 106 32 25 67 6 40 15 84 97
15 62 93 27 22 90 1 96 91 32 125 5 26 50 71 69
90 21 113 115 76 15 93 109 40 32 115 81 47 72 50 62
6 15 89 28 106 91 124 69 123 122 75 21 44 18 91 6
39 76 121 115 91 86 96 4 118 84 85 37 28 7 99 34
23 61 62 1 24 58 70 19 52 17 40 97 35 3 103 74
80 97 62 43 55 30 47 46 114 4 83 14 12 55 48 35
116 110 36 12 41 106 31 93 124 71 62 31 75 38 106 27
7 40 70 62 70 118 108 57 122 64 71 6 119 120 41 107
102 77 119 15 56 22 109 52 93 43 83 40 81 61 67 88
101 10 23 44 0 3 101 122 67 44 1 58 36 42 37 11
120 28 26 48 50 7 100 16 51 55 56 4 117 124 93 90
6 116 6 6 119 107 0 59 24 1 117 60 44 27 71 36
55 98 84 106 105 56 122 28 111 50 33 100 46 126 63 52
114 69 58 105 49 59 36 73 60 26 5 104 53 77 12 108
47 96 86 24 24 80 53 8 3 86 108 49 84 43 102 70
113 32 47 34 91 84 107 24 110 112 0 35 61 13 15 108
109 102 5 6 54 58 14 57 16 122 107 100 38 81 42 23
41 61 71 51 66 61 118 16 80 49 115 76 42 24 117 70
81 36 113 20 10 104 106 120 123 84 119 77 61 15 114 102
76 57 26 14 118 16 31 71 65 18 19 107 42 9 50 124
45 35 16 55 12 122 48 7 79 39 84 12 55 70 114 3
127 12 18 118 29 49 61 94 67 80 74 109 89 124 105 7
31 122 62 43 116 110 51 67 22 7 79 77 78 66 80 77
78 98 67 107 19 0 74 86 81 20 68 42 16 45 49 47
39 112 91 28 94 14 95 116 21 47 65 99 113 18 49 63
116 116 43 8 117 117 94 70 9 34 112 25 80 34 72 119
18 35 19 112 49 115 101 71 34 38 42 19 56 91 82 45
80 125 53 69 114 19 11 123 54 123 20 6 29 93 125 47
0 17 32 50 4 5 121 38 43 35 57 100 127 11 17 79
9 70 20 123 89 31 119 15 26 11 21 56 104 19 103 105
36 7 27 40 12 20 78 56 55 7 28 54 18 45 5 27
115 25 23 76 56 14 92 83 25 113 11 2 4 114 107 40
122 6 80 6 26 30 62 81 37 90 8 56 7 13 83 122
39 106 71 95 120 35 50 18 20 61 20 25 48 127 65 42
5 18 48 31 48 111 112 86 73 120 14 81 6 97 75 45
76 18 12 68 53 63 86 74 124 106 99 44 105 36 86 110
54 7 13 103 118 126 61 63 118 75 16 124 44 92 41 120
110 54 61 36 117 19 110 113 126 81 30 103 117 116 86 44
123 99 19 113 97 80 49 88 27 65 84 71 29 126 64 12
52 125 48 41 16 30 26 14 111 56 118 100 45 76 16 40
47 35 26 17 115 75 105 14 12 61 86 42 59 22 54 111
19 102 24 35 4 51 50 115 107 40 87 24 116 104 65 35
11 91 52 127 38 29 13 50 91 99 92 22 121 18 6 12
120 30 48 124 81 98 111 61 10 71 85 126 47 22 33 58
113 86 57 23 115 71 74 78 42 38 101 36 57 107 48 49
9 96 46 91 66 29 24 76 100 109 74 19 4 108 78 117
66 7 13 53 78 87 4 121 125 105 29 54 84 77 104 93
46 22 56 112 51 80 61 24 62 7 43 66 115 121 55 53
1 68 107 79 27 111 72 25 88 101 79 44 51 55 9 97
56 97 77 122 107 115 31 61 25 69 59 60 103 106 79 32
101 72 99 86 55 13 32 35 39 14 61 73 73 59 22 1
28 99 124 7 86 27 69 111 97 0 43 72 106 122 105 79
66 76 37 122 89 70 29 1 84 90 74 29 21 96 30 49
67 26 56 26 54 125 9 23 125 53 95 104 47 72 55 114
21 93 108 110 35 9 111 119 99 58 20 120 26 50 41 94
77 97 120 3 95 1 26 92 54 121 68 102 66 124 88 87
89 68 69 124 77 53 115 48 111 7 40 9 57 81 103 6
50 95 9 17 97 35 110 23 29 50 125 95 46 85 54 7
25 123 3 102 48 118 22 31 125 62 41 55 15 16 61 66
112 71 83 81 106 65 104 7 116 102 102 34 59 28 42 85
24 45 59 72 36 82 104 33 16 17 88 32 33 22 98 17
93 53 98 71 119 75 79 107 49 53 13 108 82 55 65 106
101 125 50 9 79 26 42 95 43 3 127 77 25 97 94 118
23 65 61 14 12 12 121 61 66 6 41 20 62 107 126 35
104 48 44 55 75 86 22 118 89 22 67 114 119 34 104 14
99 38 28 111 50 21 44 116 28 85 8 90 64 6 125 40
55 41 95 2 127 118 120 89 12 60 75 3 94 52 18 65
90 46 48 12 68 92 1 96 49 9 58 114 16 55 26 71
96 122 73 95 112 65 56 124 125 4 127 91 56 17 28 18
64 76 30 4 40 31 100 90 41 30 76 57 85 102 0 53
96 73 20 80 10 77 76 8 81 76 99 9 93 0 27 29
76 57 33 117 89 5 79 2 35 27 59 120 1 59 45 98
4 66 50 14 15 127 22 96 75 122 105 40 122 4 70 70
61 103 59 22 109 10 24 16 37 83 9 39 14 54 9 18
120 59 33 7 58 55 103 5 49 80 46 43 84 116 114 18
91 45 40 72 56 65 89 93 20 98 4 35 24 13 53 17
73 86 24 3 14 0 9 63 80 55 107 37 43 93 55 6
10 95 79 66 32 40 32 53 10 36 88 34 50 13 51 123
100 76 126 114 76 7 49 28 62 28 65 105 121 120 112 4
88 63 70 120 103 102 45 113 11 5 19 61 19 71 56 119
19 54 105 95 62 26 123 124 55 61 102 48 53 86 52 13
89 52 67 119 5 100 33 104 125 69 108 77 93 61 19 35
122 28 62 72 80 7 7 6 126 32 20 76 39 77 101 0
1 41 120 7 13 25 111 10 94 91 87 59 25 107 94 19
7 29 92 87 36 99 93 34 3 114 110 42 63 84 42 64
125 34 71 10 59 55 20 25 18 107 85 43 86 51 63 93
80 27 53 116 126 18 22 1 4 5 43 67 89 85 4 86
120 75 96 51 2 116 77 21 95 34 64 54 85 127 19 38
26 72 26 24 91 49 25 95 54 68 35 15 26 39 101 18
114 69 69 117 57 18 10 24 52 74 78 10 74 98 48 100
42 74 125 5 123 22 101 49 91 8 64 117 47 37 7 33
106 76 22 35 95 32 60 19 107 10 29 53 108 77 25 23
24 22 28 19 45 1 69 8 9 5 125 56 43 4 90 21
80 112 57 47 17 117 67 124 127 96 49 108 46 74 3 70
97 31 89 14 33 30 22 42 36 19 99 79 23 61 100 103
45 29 23 62 18 90 58 18 58 107 126 104 54 1 46 23
32 8 37 65 38 59 108 74 78 79 25 101 12 126 76 57
27 99 120 46 61 50 64 120 30 62 96 84 63 15 107 95
23 16 33 61 75 13 8 25 92 33 126 104 31 74 33 59
46 25 105 107 76 41 99 106 103 68 62 38 83 41 5 106
57 38 39 4 51 47 29 15 81 27 119 112 101 25 43 19
50 20 127 126 61 98 104 36 38 38 74 121 79 80 99 8
118 11 12 42 58 41 57 11 68 49 124 42 74 39 61 124
60 60 123 121 31 99 30 69 10 104 63 89 56 34 98 47
45 110 89 104 24 18 115 92 67 111 6 13 23 68 10 83
0 5 76 31 104 106 101 114 83 36 76 11 70 46 58 116
28 19 92 52 38 79 17 105 63 23 119 86 91 1 41 92
6 117 123 110 96 96 97 51 4 45 62 75 91 121 63 119
12 27 44 50 106 61 28 41 84 19 127 48 20 40 12 26
30 7 8 126 104 105 49 108 22 111 55 113 104 118 105 117
17 21 39 124 82 67 37 38 86 37 86 106 77 98 4 107
106 13 105 82 118 26 62 13 10 118 126 114 108 103 103 126
124 15 122 78 82 31 117 41 68 75 19 18 46 24 125 24
21 117 88 63 91 96 42 50 90 27 39 65 52 119 46 59
87 6 94 44 46 99 44 33 127 124 100 74 63 13 23 84
2 111 20 94 80 62 16 42 89 56 107 13 47 25 72 6
31 38 51 77 10 95 110 9 91 83 83 27 96 106 111 98
90 3 64 42 66 81 84 27 9 63 41 56 88 113 63 119
24 114 68 34 81 50 43 44 5 127 71 101 105 55 72 67
58 8 109 124 89 65 24 98 0 65 27 88 50 90 79 74
76 19 108 29 70 24 73 75 23 17 49 0 72 121 68 2
1 49 127 91 115 23 61 115 88 88 76 10 50 27 85 126
47 65 27 117 89 101 64 112 118 113 113 62 106 53 64 108
102 63 71 89 86 4 77 46 93 25 57 15 52 14 14 99
79 41 88 41 14 25 25 4 10 10 66 117 63 3 97 38
66 40 127 25 44 76 71 9 101 0 25 26 14 39 125 94
80 86 7 95 111 32 99 121 43 38 110 106 41 79 16 107
119 16 4 36 92 76 45 66 76 70 92 91 109 89 57 62
47 64 29 30 96 0 24 11 38 6 118 79 86 6 59 77
22 63 113 115 11 31 53 88 101 17 51 83 106 108 17 26
44 46 56 12 46 80 24 85 87 14 36 45 20 95 122 43
31 108 30 42 11 83 2 112 100 53 67 78 33 84 104 77
2 33 90 49 113 114 6 72 0 42 117 20 10 112 63 41
92 93 83 103 48 86 87 20 11 27 99 45 111 75 122 114
108 84 35 94 70 41 38 70 83 28 91 93 12 26 6 104
120 90 79 40 48 38 61 59 65 32 104 49 107 99 35 88
55 70 54 126 111 92 68 66 120 31 32 4 58 38 108 50
0 59 90 48 98 23 108 35 55 84 84 35 55 119 123 111
61 49 109 44 13 49 111 6 81 15 10 11 53 119 61 54
50 23 102 20 47 82 56 102 39 12 9 94 4 4 77 65
53 58 110 67 108 93 73 61 108 83 72 33 74 5 87 125
28 62 17 75 16 73 50 55 86 59 22 90 64 99 27 117
30 9 56 10 102 1 71 82 85 15 116 31 20 75 28 48
9 46 124 26 119 46 81 77 105 103 39 41 75 67 31 105
76 87 115 51 89 58 5 46 73 121 77 93 69 106 13 78
34 41 18 70 74 40 7 96 23 124 109 102 108 120 78 19
22 114 85 95 49 73 33 48 103 2 71 29 63 99 90 98
12 109 40 86 21 47 54 44 43 36 18 23 28 96 42 50
82 127 17 3 72 50 51 47 52 122 76 116 94 39 86 106
20 126 65 41 45 119 85 88 27 104 111 55 72 26 106 27
25 123 30 98 46 82 17 98 76 94 86 42 5 44 21 25
42 86 66 87 77 23 47 105 127 31 32 72 57 10 99 82
6 1 52 52 83 70 22 32 36 109 74 41 25 95 66 68
53 4 27 3 27 75 108 27 106 12 99 35 23 70 117 29
71 42 81 27 112 103 59 20 84 5 61 110 101 127 50 26
3 77 29 30 24 9 57 2 22 28 37 45 98 27 74 42
69 27 69 53 2 0 73 87 5 6 69 106 5 119 5 8
68 34 38 93 44 96 95 66 124 5 111 95 32 57 9 101
84 78 26 86 78 99 45 83 105 114 62 110 105 67 118 46
101 28 11 17 124 106 83 121 111 66 88 15 123 97 116 79
47 14 38 125 113 83 80 90 70 14 72 47 81 62 93 55
91 104 72 87 83 28 80 66 94 40 82 90 9 70 41 56
85 79 53 70 35 6 33 105 20 105 24 102 40 118 29 3
94 101 90 49 1 43 116 96 83 70 58 93 12 99 21 97
51 75 40 86 81 73 63 101 50 87 75 90 77 104 93 44
78 56 93 79 99 81 47 54 23 105 19 36 77 41 5 0
116 45 86 69 118 21 42 41 108 118 3 58 94 97 102 44
25 67 124 124 21 43 50 44 21 70 80 98 111 86 98 99
3 56 40 122 77 82 35 57 72 38 115 39 7 89 83 32
29 79 28 50 123 79 94 16 21 47 114 4 5 84 103 8
12 15 2 89 97 37 18 42 76 6 81 83 95 36 116 124
116 16 46 111 95 13 127 116 60 113 120 65 69 95 73 81
110 76 42 80 113 60 122 61 66 75 17 34 111 5 30 99
21 77 82 117 90 81 105 22 66 98 87 7 65 32 88 48
108 2 0 94 63 122 27 1 69 44 35 52 49 66 24 71
15 106 60 105 60 37 127 126 7 86 6 73 118 94 121 99
97 121 65 32 115 92 33 56 9 69 108 58 7 4 1 22
2 109 37 70 122 23 49 103 110 87 79 47 68 122 43 23
40 19 114 63 22 54 18 106 8 120 65 91 55 87 121 58
68 30 0 62 53 49 37 36 8 116 83 76 110 126 100 22
18 86 86 40 12 104 18 20 96 84 111 23 43 105 81 111
7 81 45 61 2 82 97 11 70 52 87 53 50 59 75 68
17 33 108 29 9 127 50 105 83 33 1 126 10 82 109 18
36 26 79 38 108 48 49 50 100 9 103 22 68 51 91 86
84 71 115 94 70 37 71 25 71 72 23 81 27 4 99 63
30 50 101 10 98 23 61 70 32 36 93 100 87 56 58 44
127 46 10 70 83 81 95 26 26 119 108 53 123 79 116 26
2 89 36 100 112 97 43 16 6 8 117 93 64 47 9 63
93 19 5 49 101 101 75 127 92 55 52 87 7 40 113 9
1 22 109 114 119 24 2 125 32 119 91 96 39 100 32 4
120 37 53 93 10 1 92 102 56 16 62 63 56 47 72 57
69 54 43 61 78 46 58 111 37 21 79 76 122 111 81 114
21 6 79 31 7 43 6 64 59 68 127 115 115 72 44 57
126 88 118 76 6 48 59 43 70 11 120 64 122 73 50 15
79 1 47 87 44 53 23 103 121 22 90 108 94 6 37 92
94 27 41 100 76 100 16 18 111 8 82 106 81 4 121 32
5 40 119 49 93 14 24 86 37 114 67 3 120 104 96 87
4 9 59 80 109 75 98 93 83 52 71 36 56 64 69 61
105 60 110 70 75 6 29 112 120 96 115 112 72 83 71 76
92 3 28 74 78 126 39 34 50 110 70 106 46 11 39 23
72 21 94 19 27 123 3 19 91 118 4 35 74 75 112 38
78 12 112 29 11 23 63 61 5 5 40 52 17 79 75 89
101 41 108 0 36 111 20 127 101 24 35 47 99 19 86 50
31 70 79 42 94 14 104 99 19 16 23 36 95 99 125 68
12 105 69 49 88 89 48 62 113 83 109 84 102 67 6 6
10 85 48 104 99 24 75 119 40 99 27 8 70 25 76 82
2 17 3 91 106 52 25 91 7 6 48 110 74 54 116 84
12 36 60 111 61 7 102 101 106 2 109 48 27 58 3 29
75 6 120 54 58 17 17 66 24 65 48 98 120 36 54 4
105 72 41 48 108 9 123 10 48 74 84 94 103 57 22 89
44 38 126 111 89 93 70 66 60 65 55 18 66 126 82 44
70 123 92 50 5 87 60 53 33 17 19 8 74 41 97 118
80 95 101 41 60 44 107 120 109 34 10 47 32 93 91 102
88 55 24 93 14 85 19 47 102 38 55 48 80 24 38 32
120 11 73 52 55 52 45 36 86 55 84 119 20 47 93 109
103 118 74 117 75 93 37 49 4 92 97 84 117 7 116 109
18 61 33 74 113 78 110 71 6 66 62 26 114 28 7 89
18 82 78 93 47 115 14 51 80 111 7 69 118 123 50 8
56 83 82 41 34 65 113 40 3 47 66 117 75 74 78 93
28 29 58 75 16 72 127 96 55 6 37 45 2 87 54 58
43 8 100 77 73 85 117 77 4 55 66 80 1 17 45 29
46 104 105 62 48 104 31 104 110 68 21 112 28 75 43 71
84 15 20 29 100 9 106 104 64 45 56 66 62 102 95 108
78 72 42 126 48 73 102 31 14 124 15 42 71 58 113 27
73 5 57 45 14 35 22 78 80 78 16 14 52 112 122 2
56 37 1 105 110 103 8 124 99 23 38 43 82 23 70 27
28 127 73 42 35 95 121 115 45 9 2 98 121 124 100 50
33 101 27 16 77 35 12 48 58 51 91 12 74 34 40 103
33 113 17 68 80 10 56 125 20 58 95 13 54 68 63 88
41 90 104 118 125 116 39 56 39 2 68 114 36 108 89 70
93 106 10 45 117 66 43 9 124 10 22 51 78 86 11 120
48 115 110 46 103 21 102 15 24 42 1 60 23 90 2 116
68 13 34 57 79 77 66 76 87 89 127 38 47 10 30 95
125 12 13 100 34 115 115 58 30 116 118 53 78 121 41 19
6 75 76 85 24 15 33 112 104 32 22 23 42 52 118 39
64 4 12 98 119 127 28 21 116 19 74 66 12 116 85 18
63 34 103 88 49 9 72 25 41 94 48 84 18 38 123 82
42 7 53 34 7 81 55 123 100 2 61 112 118 19 2 53
53 106 13 102 115 85 127 28 51 47 112 69 85 108 24 0
115 77 34 122 30 89 117 3 91 51 115 81 70 118 7 123
96 20 97 83 106 96 111 29 15 96 99 100 76 123 100 63
37 45 47 48 18 6 29 74 109 98 21 72 89 13 19 46
91 29 46 53 121 62 20 101 119 87 90 57 72 110 17 109
27 64 29 45 70 58 119 51 28 12 123 118 25 15 36 116
44 82 41 38 17 61 11 8 20 102 65 93 84 82 74 111
18 104 28 88 34 19 11 63 31 7 53 56 22 89 44 66
44 86 104 61 19 116 69 40 90 6 5 46 89 79 29 107
55 57 68 90 76 79 25 107 86 78 35 108 39 79 47 83
37 23 16 57 11 85 97 101 92 102 19 53 53 48 32 109
105 100 71 53 52 96 32 10 46 67 119 85 19 38 41 56
61 57 113 73 15 82 46 107 56 66 32 110 114 64 91 92
37 34 17 89 2 50 99 48 117 90 5 8 0 46 65 62
104 50 7 119 5 53 98 61 119 2 43 106 66 6 70 103
40 87 64 42 9 36 90 127 126 96 7 127 14 72 61 118
123 68 109 0 121 79 61 113 81 105 91 20 111 33 123 24
120 60 66 2 96 29 1 94 125 8 93 11 81 26 2 76
94 111 76 88 63 9 73 16 114 36 36 98 69 32 122 61
92 60 63 60 89 64 26 86 73 120 98 26 18 100 102 113
83 50 73 18 59 18 35 46 54 71 16 123 103 10 56 67
70 120 127 32 56 26 118 1 18 88 27 36 60 1 21 16
51 94 34 111 112 69 29 38 13 45 33 116 55 90 56 125
82 55 29 10 81 20 12 99 108 39 8 41 41 29 57 92
124 91 75 108 33 104 19 46 21 52 34 76 14 90 74 96
18 103 107 99 123 119 71 104 30 79 17 71 108 74 36 104
37 111 85 70 88 104 116 109 28 23 58 43 113 4 11 3
107 118 103 103 109 46 79 12 125 96 83 105 42 119 82 79
103 39 22 63 15 10 44 43 33 102 86 19 106 98 22 86
88 125 61 70 43 12 82 40 108 37 18 22 29 100 101 4
11 123 67 26 6 111 69 39 86 28 58 64 126 81 22 86
78 83 28 122 95 110 34 75 20 52 97 49 24 71 53 35
66 120 61 72 103 3 112 61 31 42 126 29 123 20 115 74
104 16 68 71 126 102 19 18 27 116 67 51 59 120 87 126
112 20 70 88 23 54 21 54 97 19 83 92 40 71 38 16
39 91 16 33 86 30 126 113 58 33 31 43 58 53 70 35
78 85 91 106 98 106 50 10 96 50 107 67 18 76 32 58
39 48 91 125 79 89 111 9 122 14 52 52 67 122 88 17
79 51 124 49 29 46 60 126 96 39 65 115 115 97 45 26
18 8 24 97 98 7 106 92 21 31 17 89 25 105 106 105
28 102 26 58 21 86 56 117 125 121 104 112 90 21 11 108
30 35 77 0 42 56 92 63 87 109 24 112 86 3 89 115
105 116 45 126 74 101 116 72 94 92 56 56 114 67 37 16
102 114 16 16 42 108 80 1 90 104 114 48 107 75 35 85
63 80 83 10 53 71 82 19 36 10 76 22 78 113 38 52
99 54 69 14 34 21 15 124 125 1 45 105 77 80 62 12
33 17 22 86 89 104 106 125 115 54 19 65 39 57 117 10
111 58 24 17 79 40 14 77 41 59 54 118 11 116 3 44
5 25 3 94 2 109 91 117 35 110 54 74 39 43 84 22
102 109 40 53 21 54 2 62 113 56 53 124 44 56 41 50
81 44 16 83 25 108 72 60 90 126 6 2 42 90 24 16
71 64 69 92 118 72 27 103 0 80 100 45 8 13 95 89
57 111 45 82 91 117 14 54 116 20 56 30 110 80 46 54
17 115 18 7 59 45 111 60 125 83 105 5 96 72 95 25
55 12 107 19 1 121 73 117 13 1 19 123 81 65 49 98
53 68 106 112 113 89 44 111 44 21 116 12 93 83 37 21
95 16 40 97 9 113 86 22 114 106 17 67 43 67 38 96
7 16 81 120 105 125 103 21 19 92 33 112 47 70 5 15
86 45 112 95 30 70 117 16 48 6 84 92 73 122 60 80
10 13 73 115 11 48 8 30 12 41 14 60 111 20 75 69
65 59 36 96 1 25 112 50 31 68 14 105 62 74 57 72
88 2 59 99 51 67 1 63 108 15 123 91 35 70 32 101
1 68 69 3 93 53 53 125 122 67 102 56 13 31 1 101
34 60 72 85 0 73 20 108 89 16 72 124 86 104 97 88
45 38 91 10 92 16 7 86 83 109 14 96 13 15 70 47
76 14 4 76 88 24 56 49 40 0 45 127 105 15 87 22
53 50 32 17 66 40 103 21 21 118 117 34 5 59 81 81
