62 1 70 121 9 13 82 65 93 85 32 9 102 80 36 57
2 7 43 95 18 124 6 78 120 13 11 61 103 39 121 37
40 63 30 49 77 112 114 42 70 18 51 44 99 88 101 101
95 17 68 113 13 74 64 5 87 75 67 63 114 60 100 27
124 3 76 73 115 63 115 57 81 39 101 52 127 75 25 94
92 93 80 105 39 16 111 127 91 50 62 78 110 34 105 106
37 53 51 25 116 39 82 70 78 56 122 77 3 20 43 95
113 123 72 25 11 55 24 103 105 86 53 88 120 30 66 30
83 118 55 72 29 9 14 107 65 8 56 68 28 99 35 14
95 108 39 106 35 63 81 13 21 6 101 13 36 39 43 120
29 98 64 58 108 78 37 45 86 93 114 115 65 21 1 32
1 40 10 37 103 92 50 124 98 23 9 7 62 53 127 92
23 63 22 3 13 60 49 99 25 35 86 90 56 87 122 58
127 5 95 102 97 17 98 67 40 108 74 102 33 73 66 56
8 89 60 21 21 109 121 46 16 79 9 72 39 3 2 38
8 97 13 105 114 111 45 26 91 119 1 124 65 67 53 73
28 113 95 49 94 88 96 110 39 105 54 78 108 57 117 117
26 2 94 13 113 11 39 77 3 40 73 68 108 126 13 8
111 108 58 77 68 26 59 108 3 114 58 111 43 47 100 69
49 67 82 35 78 122 112 81 34 57 21 14 56 35 23 39
15 81 117 84 107 48 64 110 34 122 93 77 42 66 19 91
5 101 126 83 95 110 37 2 40 58 16 96 93 39 7 109
120 124 65 99 45 1 81 79 123 47 29 37 113 48 1 118
21 127 73 117 110 110 119 22 41 7 118 6 47 125 115 39
122 52 11 39 53 92 118 49 11 19 86 124 67 87 114 89
87 60 78 69 42 69 91 83 76 81 90 123 78 77 35 72
2 46 111 55 10 102 104 22 121 63 18 61 22 5 22 109
65 100 50 107 41 13 63 117 94 25 113 45 102 20 117 104
66 101 32 76 75 8 98 68 71 117 1 94 122 23 75 59
123 126 38 36 11 101 26 106 126 11 23 101 31 12 77 97
113 109 45 60 118 16 1 61 5 2 27 127 26 103 58 21
101 96 58 112 70 84 90 68 95 113 41 126 126 119 95 111
42 82 96 70 125 84 112 75 94 113 75 2 39 108 118 104
3 91 119 14 50 23 47 100 69 90 57 112 123 107 78 38
62 46 108 59 2 92 6 96 77 81 98 117 62 88 93 65
52 84 80 102 107 127 75 49 90 4 33 85 111 111 123 45
30 103 105 32 67 111 1 17 65 99 6 127 60 99 64 112
55 16 86 34 16 33 83 106 37 117 63 21 100 59 66 2
34 43 35 102 27 36 119 92 7 125 91 67 96 27 51 23
44 10 57 60 43 13 38 81 2 101 102 102 32 40 105 67
84 12 41 111 48 32 75 55 29 38 123 125 65 46 20 109
56 77 41 100 90 79 53 92 53 27 67 85 67 44 24 23
56 65 6 104 97 81 31 126 119 26 123 57 73 15 38 1
93 80 101 55 31 26 20 84 53 87 42 121 3 66 16 59
4 23 35 101 104 66 100 96 93 95 25 38 111 63 39 76
15 13 3 47 39 23 3 93 110 45 86 113 112 102 44 116
125 79 89 102 18 61 70 111 29 95 21 12 30 60 88 46
73 91 93 113 115 96 78 97 14 36 83 126 10 127 114 8
79 75 110 97 9 52 80 38 19 101 50 49 33 10 95 107
101 60 92 88 29 42 58 43 78 13 41 88 12 27 96 91
102 78 60 111 2 12 21 21 113 71 71 19 81 38 126 55
99 90 15 0 4 73 43 82 86 84 42 99 111 11 62 85
89 123 69 92 7 90 113 121 34 56 12 115 95 10 42 66
100 58 66 104 3 109 58 90 65 100 61 48 111 123 5 73
118 74 37 126 37 22 119 71 79 3 58 46 13 101 112 113
31 50 89 34 31 19 124 96 119 57 16 103 53 21 48 43
96 85 41 5 107 32 76 58 35 6 104 48 107 88 33 10
10 122 45 41 13 41 9 5 99 25 108 24 47 28 67 15
113 109 20 92 13 96 23 49 102 127 97 82 88 3 92 98
125 9 12 11 51 21 16 22 47 124 46 94 24 113 109 9
94 1 101 108 97 124 29 71 124 126 25 84 1 118 54 127
127 66 10 50 88 26 72 7 22 118 101 46 104 82 55 70
83 28 50 52 25 79 123 21 78 21 105 79 11 31 78 10
98 88 61 58 114 5 65 8 124 38 54 100 120 109 42 75
118 24 39 60 125 119 87 18 40 74 92 112 42 89 113 66
81 18 82 112 113 64 121 100 27 1 32 17 121 73 99 111
98 10 44 95 2 3 114 42 77 78 26 120 40 12 58 121
30 12 106 15 77 99 116 104 101 20 121 94 94 92 78 64
103 122 31 105 125 17 19 75 96 46 67 8 58 125 1 88
9 107 103 86 79 91 63 52 112 56 18 78 21 96 14 124
90 45 101 88 63 120 35 31 38 102 39 96 99 40 56 108
20 32 67 99 123 2 23 107 58 41 57 79 10 71 75 100
117 48 60 52 41 95 83 79 69 122 48 40 34 104 21 54
8 88 25 4 90 48 111 20 90 41 100 100 112 47 72 101
96 5 25 9 100 108 88 42 102 8 82 9 113 103 63 121
63 89 125 25 9 109 46 99 22 18 71 6 65 16 108 33
21 5 42 121 114 3 35 88 11 118 97 124 93 33 118 29
122 115 54 3 96 100 103 118 118 46 125 56 62 105 89 83
110 4 77 96 7 112 57 18 102 26 15 68 59 5 97 53
120 23 57 89 124 32 79 114 78 76 42 13 53 4 96 36
8 45 4 15 30 61 33 4 88 48 72 19 53 41 73 46
65 2 7 61 34 86 47 112 35 90 125 88 94 94 124 102
11 1 117 41 62 22 46 22 71 118 42 124 32 115 42 97
117 49 30 23 8 77 7 43 39 5 3 5 99 0 107 110
1 96 24 63 119 70 86 62 60 0 58 92 115 101 61 104
22 91 127 30 41 6 73 80 11 77 86 110 77 65 93 78
34 117 13 25 59 99 87 119 99 17 84 86 118 17 62 13
109 61 43 22 68 117 102 79 66 60 62 15 126 27 93 32
16 106 57 75 78 16 66 49 33 22 8 24 40 70 37 21
4 80 43 72 69 17 23 7 78 85 22 76 112 115 108 0
94 37 75 44 53 14 93 86 36 101 110 76 44 19 97 48
100 12 120 41 30 15 49 108 101 71 56 85 59 36 86 25
73 33 69 126 47 34 84 84 8 67 32 52 86 2 100 58
14 92 100 44 107 21 24 80 92 80 38 23 116 124 48 61
29 117 59 77 24 16 33 32 83 65 84 41 67 56 100 82
20 72 126 127 93 23 80 57 103 118 81 92 114 1 25 15
10 69 40 3 104 89 106 42 109 22 118 114 26 5 31 112
112 118 118 12 51 74 7 66 60 21 51 63 88 94 61 98
35 101 101 11 63 79 54 44 101 44 30 0 49 61 112 34
51 102 46 102 49 53 40 109 74 92 44 34 58 105 4 93
79 105 105 14 57 31 58 30 75 89 30 125 22 15 31 74
117 77 48 38 2 89 20 76 53 64 111 111 42 115 76 121
93 53 7 22 84 65 52 32 26 83 29 49 98 60 123 87
9 43 126 11 4 18 87 57 82 70 40 124 58 117 117 23
42 124 45 127 62 97 31 88 52 60 9 22 120 4 110 1
48 108 12 52 126 99 110 80 42 22 77 100 11 66 123 54
63 40 53 125 9 84 85 62 16 95 84 8 99 66 9 19
46 21 72 44 120 54 125 34 76 74 6 88 12 1 14 75
41 67 72 51 23 30 113 39 125 69 47 96 8 56 116 54
77 60 99 69 114 96 104 62 42 110 22 54 112 36 2 25
103 74 76 126 104 61 37 101 3 84 70 11 12 58 65 89
118 36 31 104 4 7 38 46 117 61 101 101 97 103 127 73
49 75 71 26 9 109 127 12 65 69 23 78 127 88 39 117
125 70 93 1 77 4 48 67 65 21 40 34 124 39 107 45
115 51 71 124 32 71 8 97 12 31 47 12 119 87 1 116
29 95 118 107 99 38 46 36 59 86 70 55 126 50 100 113
101 44 109 5 115 117 102 127 20 22 11 11 109 13 0 10
108 118 117 79 28 35 115 87 122 57 14 120 107 114 105 80
30 86 85 17 75 60 17 95 82 28 106 63 41 106 73 21
96 63 100 124 98 87 83 92 17 97 84 124 84 61 77 114
19 34 4 94 94 21 61 48 49 40 111 91 18 57 112 115
120 85 111 90 44 67 55 61 36 11 58 120 73 7 107 92
41 111 59 8 4 120 56 53 32 40 16 51 97 1 38 89
86 21 51 2 88 106 64 125 118 122 117 63 1 96 27 42
79 86 50 83 79 107 9 111 19 25 34 116 26 72 77 112
94 0 115 54 107 51 51 97 45 41 32 46 9 59 88 89
18 11 44 97 118 53 80 9 79 115 125 105 59 74 90 25
74 77 80 53 0 3 22 45 44 54 91 54 114 51 15 4
88 38 26 60 26 59 124 24 43 80 54 90 23 75 63 75
56 14 70 5 32 40 58 7 84 22 38 74 121 59 114 81
97 12 13 124 71 10 20 115 90 74 77 113 21 12 60 78
27 2 83 59 42 13 67 126 35 105 72 28 36 58 109 5
70 123 1 14 5 22 1 95 96 78 80 118 90 12 68 117
14 23 49 56 36 116 54 72 93 126 100 1 57 82 6 127
77 8 13 82 30 14 49 126 92 1 116 55 13 56 44 27
79 93 83 116 81 9 60 46 7 32 47 64 114 54 64 63
62 77 17 92 92 66 90 56 67 79 111 80 7 28 107 87
121 62 75 75 71 7 121 79 39 41 15 26 95 79 89 29
29 107 121 121 45 83 49 113 34 33 65 42 61 45 1 54
107 76 1 51 83 123 2 122 36 17 20 3 97 110 32 126
89 25 119 6 108 40 119 15 73 57 57 6 102 58 61 81
6 62 4 89 57 6 83 93 24 104 96 121 86 0 119 47
25 110 53 6 22 45 21 96 102 78 102 76 8 35 29 14
98 34 103 27 40 58 121 64 34 89 57 120 90 48 39 115
30 93 121 53 10 14 21 112 92 123 60 100 31 89 114 1
123 89 28 36 20 21 100 54 111 30 47 73 78 86 60 109
51 54 34 61 68 55 45 33 50 105 5 81 67 120 82 62
81 111 98 101 4 71 28 115 101 75 60 51 33 121 32 85
47 66 18 115 121 64 20 44 41 26 125 108 18 80 43 99
63 13 73 67 84 101 55 57 48 115 109 81 108 13 38 27
80 57 15 73 121 35 117 34 61 115 15 79 67 58 51 2
71 124 69 28 97 124 85 17 112 66 98 92 80 9 120 32
66 7 105 59 42 95 93 104 82 108 55 21 38 106 23 110
102 92 10 71 89 95 88 73 34 59 37 114 68 29 18 6
36 123 65 79 90 30 55 44 11 110 65 49 89 88 31 63
53 41 7 14 9 95 87 43 26 124 29 94 26 47 100 62
42 37 13 5 68 68 49 79 51 115 0 12 75 32 75 0
73 82 14 82 50 101 125 76 98 26 43 124 73 15 58 116
53 72 121 121 12 42 72 63 29 72 75 105 104 23 105 50
105 120 4 27 93 2 104 63 28 19 59 102 34 118 90 87
28 116 60 110 68 39 65 43 86 121 18 88 93 32 124 50
23 42 40 100 5 67 2 87 112 45 8 127 29 112 15 57
100 75 39 40 114 105 83 72 98 101 32 63 5 28 113 28
71 26 1 76 93 3 35 78 48 44 77 77 28 92 7 0
39 46 41 25 23 124 98 122 98 2 57 103 31 43 4 102
69 5 50 34 8 85 112 56 1 62 5 29 26 12 30 66
59 71 91 82 67 61 76 37 64 6 13 95 49 17 69 118
22 119 24 30 76 9 86 78 71 91 107 97 104 9 35 35
80 127 117 20 60 66 57 124 72 70 91 121 87 32 111 109
23 7 11 100 16 97 50 87 61 29 57 37 39 92 72 119
91 61 11 24 127 69 20 71 11 112 64 99 16 47 80 40
55 92 12 71 61 62 31 122 91 88 31 2 52 103 122 16
37 5 40 36 74 60 108 86 44 44 57 61 92 9 101 19
101 113 90 35 47 121 29 10 81 61 13 6 36 7 22 73
12 62 110 87 122 90 45 39 6 102 100 98 111 73 117 85
58 80 120 105 73 21 115 27 82 0 33 119 7 55 64 20
117 46 107 111 8 24 22 15 126 122 113 109 67 103 66 125
55 58 102 0 80 90 27 34 90 60 25 98 115 90 118 104
8 97 88 17 121 110 32 119 105 17 100 44 120 39 42 47
97 16 48 49 106 75 84 69 8 109 39 123 71 29 100 80
126 60 97 119 42 1 110 19 18 82 64 11 121 106 58 91
122 106 12 101 54 96 42 62 78 81 57 21 110 29 101 108
89 70 99 4 71 81 23 90 35 87 101 29 65 31 120 60
10 4 33 64 101 75 126 51 28 55 72 10 85 46 118 46
116 89 50 60 42 74 22 77 33 123 106 99 26 98 31 36
103 64 100 76 11 98 127 39 26 71 49 111 117 39 29 106
0 80 38 42 26 60 119 59 55 98 30 81 68 61 118 43
125 90 119 8 61 118 47 87 62 96 70 51 7 99 29 7
51 67 49 77 127 41 9 54 11 39 8 79 101 126 123 98
88 114 107 21 105 26 108 39 123 50 90 2 22 120 10 73
59 59 23 59 100 32 113 111 71 121 63 44 119 58 15 80
44 122 101 21 20 82 60 15 4 23 18 26 15 28 100 74
28 97 60 83 64 108 116 54 121 58 62 100 11 69 121 81
101 54 2 110 82 113 55 39 12 27 34 5 44 33 107 72
3 39 27 67 19 16 122 12 74 56 113 85 125 106 38 98
32 40 80 114 25 7 26 37 34 60 43 78 93 22 23 96
61 50 36 81 66 30 93 12 86 78 98 83 57 8 54 89
49 6 76 74 14 102 112 48 34 27 127 127 49 22 96 110
72 4 63 11 34 29 23 120 107 121 75 36 2 1 126 51
8 74 125 22 48 109 70 82 8 69 81 57 91 49 40 36
53 103 47 87 4 70 79 112 64 27 20 66 28 18 117 36
92 114 58 12 96 1 94 104 70 48 34 34 97 74 70 23
49 117 110 54 59 62 38 123 89 58 61 117 77 50 26 41
37 84 54 5 85 20 109 28 68 15 62 38 89 4 61 11
121 43 65 52 105 103 48 66 33 109 56 110 32 82 24 69
38 78 74 124 98 55 24 39 71 86 77 32 90 10 43 83
53 108 7 31 83 55 97 117 37 25 99 69 107 123 10 18
73 84 14 44 11 38 83 82 124 32 115 86 42 30 41 95
11 48 126 94 104 96 83 13 121 55 82 101 50 92 119 124
48 5 40 59 43 123 14 39 27 1 125 69 31 38 36 42
86 35 9 62 3 92 75 124 19 29 97 70 121 88 66 41
93 106 101 8 101 115 47 0 116 44 69 19 82 105 62 41
12 71 103 15 35 51 12 55 80 109 125 74 70 63 115 35
41 88 44 14 75 91 14 63 8 83 83 90 60 17 3 73
88 107 88 123 30 100 50 110 82 47 56 24 110 44 59 23
4 103 37 80 67 51 15 75 6 98 37 67 115 41 12 75
20 100 71 50 73 121 32 27 41 89 51 23 5 110 47 9
86 84 89 25 8 105 100 14 75 9 81 63 50 93 10 70
66 81 120 11 75 25 38 116 114 89 11 119 71 58 0 29
15 90 54 23 67 26 37 14 36 119 77 86 84 88 29 22
41 21 33 116 46 71 104 32 32 116 23 104 46 24 5 61
114 60 84 53 86 122 67 122 113 17 81 69 105 110 92 18
3 125 7 50 69 111 82 101 99 106 77 18 2 83 79 116
15 36 41 101 30 108 96 15 125 49 84 102 31 48 121 34
4 16 13 68 73 1 21 53 99 91 10 115 47 3 82 125
81 18 70 78 49 85 79 59 41 21 15 37 18 8 123 22
24 8 90 97 9 111 23 109 74 33 96 121 36 50 119 117
69 61 67 118 18 18 49 60 39 64 97 57 72 92 79 96
101 41 65 110 25 88 91 99 122 59 93 30 110 84 20 51
17 87 41 36 106 90 96 17 26 65 75 98 30 26 66 3
68 3 113 93 92 77 64 86 8 29 116 118 113 8 41 3
96 82 39 74 44 7 91 70 72 38 40 102 65 106 105 5
110 91 98 74 40 34 32 48 64 20 39 49 29 80 52 125
35 91 71 79 98 34 22 43 73 62 17 10 41 123 15 23
86 113 97 126 19 1 46 83 21 85 5 50 38 57 47 73
21 118 24 119 25 46 34 98 109 52 108 22 47 123 45 5
108 14 3 127 15 49 83 36 7 88 87 45 17 6 118 38
125 14 30 22 61 64 120 42 116 100 64 35 95 109 40 75
123 43 74 10 93 29 46 100 117 5 17 7 12 7 45 9
21 75 31 82 12 23 124 0 123 60 36 90 41 76 37 36
120 111 46 85 13 93 57 2 98 74 9 110 81 55 119 102
2 22 57 14 45 53 15 40 114 51 2 27 127 39 64 119
23 110 76 36 75 5 38 46 79 48 28 32 103 20 7 105
42 64 120 88 117 7 0 103 58 3 3 57 42 67 49 65
49 125 101 125 3 12 43 82 60 71 115 35 91 122 12 6
58 4 94 47 11 94 23 69 97 26 127 12 93 48 77 14
45 51 11 48 63 54 3 123 126 118 30 89 112 42 95 42
47 61 89 58 28 112 0 125 10 127 9 103 47 87 118 92
10 1 13 73 56 16 68 54 6 98 15 118 12 111 32 59
44 121 118 72 106 118 70 116 117 79 92 36 38 82 0 48
83 13 121 11 29 61 65 35 31 81 25 44 64 57 103 108
51 93 53 29 83 123 17 72 74 109 108 113 63 109 33 19
122 27 30 24 88 96 59 120 49 85 36 113 14 11 93 65
105 18 94 60 13 112 5 88 93 113 73 29 94 106 48 89
5 78 113 94 46 44 86 95 1 122 80 16 5 46 81 110
64 48 43 78 32 48 38 125 33 111 26 0 89 74 89 95
101 30 5 21 23 57 24 124 29 41 3 5 25 96 104 50
71 76 81 127 100 4 48 102 98 81 5 7 30 127 41 4
30 46 25 53 103 49 50 4 91 53 9 116 21 113 38 93
61 120 92 33 124 13 7 95 94 12 102 125 12 15 1 42
61 26 95 36 75 17 40 38 70 49 26 92 35 65 57 96
57 21 2 53 34 9 20 1 22 122 126 34 9 127 76 70
25 43 106 100 61 18 11 3 68 37 95 103 102 24 71 31
46 73 85 80 83 105 81 105 100 79 11 109 78 87 52 103
2 30 76 63 49 87 67 117 124 34 92 99 59 35 2 105
109 87 57 64 65 11 41 37 90 52 18 41 11 70 16 13
101 92 77 22 51 16 11 48 50 103 19 109 10 21 86 119
109 16 55 46 27 96 83 117 20 101 30 31 44 47 45 17
11 122 39 63 10 50 111 60 25 2 42 35 23 0 27 4
16 82 50 43 51 5 33 71 107 63 103 23 110 20 40 122
14 79 57 24 1 40 84 26 42 126 61 65 127 88 70 15
43 120 59 94 126 92 37 105 27 12 0 10 32 40 4 46
119 61 70 120 101 27 18 15 25 79 80 24 40 22 40 83
15 99 49 13 63 86 118 90 99 118 100 3 30 104 50 21
37 120 13 10 19 31 25 45 110 106 69 22 0 109 105 15
80 26 28 15 113 18 106 84 8 78 87 38 55 9 59 92
2 72 103 21 103 0 66 86 106 8 108 107 117 86 122 70
112 23 85 97 41 63 53 50 14 13 88 69 22 20 33 24
92 8 46 68 9 112 26 115 120 6 94 110 92 89 52 77
112 9 46 25 73 100 75 87 113 36 28 7 56 61 32 20
70 78 88 79 62 114 66 55 121 33 37 85 122 89 34 106
98 81 3 43 53 79 2 38 115 30 45 43 92 77 63 34
27 24 113 90 10 51 17 3 84 54 89 78 15 123 56 113
76 60 29 1 11 31 39 126 62 85 41 26 34 104 60 62
0 45 24 11 96 41 14 53 95 103 3 110 99 60 95 47
120 124 49 3 28 88 1 90 45 42 116 80 18 48 14 19
93 38 30 61 79 44 114 46 20 118 28 119 50 123 38 42
120 87 45 20 48 46 110 93 88 98 45 106 18 59 125 111
24 54 52 0 84 27 15 80 88 101 49 123 26 23 90 18
24 103 64 113 36 12 10 125 35 127 109 110 32 62 43 56
117 95 56 73 122 71 25 83 44 74 78 70 97 41 88 122
16 24 107 52 36 117 50 72 116 31 54 20 94 97 77 83
65 5 28 59 77 53 14 121 127 93 64 96 6 24 90 22
49 70 74 85 59 124 29 48 28 83 68 122 53 17 77 118
23 105 49 100 30 64 93 29 29 29 125 35 54 88 57 103
30 3 60 89 0 90 9 28 45 78 22 98 95 99 88 118
76 10 90 106 74 56 7 103 85 4 10 11 92 67 114 122
70 47 84 70 9 93 98 54 43 120 25 11 91 113 1 39
123 92 17 69 20 24 44 105 29 54 117 121 121 103 116 64
22 72 6 31 37 105 86 81 97 111 92 61 96 93 100 92
57 118 33 77 14 78 55 43 4 44 37 126 19 25 62 42
97 68 73 6 45 31 87 15 14 51 76 111 17 48 75 74
38 108 24 53 58 79 96 63 123 5 61 14 30 123 56 127
63 2 6 109 33 93 124 48 17 72 31 34 120 106 108 31
86 4 84 17 83 52 80 78 58 13 93 88 8 21 88 71
23 94 52 57 59 48 105 76 120 8 110 113 114 91 16 72
95 100 89 51 24 41 1 82 54 94 43 62 116 3 6 11
97 58 68 28 107 45 105 99 53 87 84 39 50 100 112 18
72 73 69 97 115 70 51 41 37 94 104 25 97 110 36 66
40 105 95 19 22 72 119 76 31 75 115 82 48 99 100 120
45 41 89 32 111 13 73 20 107 49 45 77 31 82 15 72
59 110 91 81 54 82 29 86 30 17 40 78 116 12 70 33
53 32 65 36 45 11 57 24 60 102 101 92 56 117 36 115
99 127 69 26 82 98 112 112 115 24 62 104 36 4 9 89
36 75 125 81 86 54 106 18 29 79 110 85 68 18 73 40
18 14 66 100 112 50 84 100 74 18 76 110 22 85 71 59
32 68 12 118 123 118 9 24 70 119 109 10 10 54 50 28
68 116 0 53 38 84 25 112 102 101 94 124 58 37 55 91
106 68 81 101 58 90 125 0 82 106 11 92 33 61 120 101
50 120 26 88 76 51 73 50 24 39 46 83 77 102 46 55
