29 33 9 26 7 69 92 85 125 58 101 1 91 91 76 118
107 35 104 61 21 92 0 14 48 54 56 82 119 110 100 21
15 110 47 22 51 11 107 49 69 81 50 32 44 126 22 23
33 127 85 54 91 85 68 11 11 124 93 3 106 66 24 121
48 71 15 99 82 123 20 23 76 70 55 120 68 77 15 101
76 100 28 40 57 96 51 69 93 17 72 71 83 96 65 3
39 80 102 121 75 123 16 23 65 71 15 6 20 31 107 97
3 7 9 61 104 60 2 69 77 74 12 32 42 77 35 81
30 10 74 105 5 90 1 70 33 16 76 53 47 56 22 51
63 31 112 39 92 114 108 41 60 121 74 102 70 109 55 100
119 1 78 124 91 79 67 124 95 15 49 15 71 72 66 7
103 50 46 67 36 27 109 96 20 55 70 90 36 125 63 28
126 13 24 89 92 91 85 59 107 6 74 50 78 12 57 54
62 104 121 98 3 102 66 23 29 8 113 66 5 48 94 3
61 118 92 25 82 49 85 61 56 31 111 6 44 41 60 106
17 54 77 20 28 15 43 58 24 28 124 29 77 90 33 10
80 125 36 34 47 121 95 103 24 79 109 68 120 42 47 9
96 124 29 124 11 72 54 35 100 50 65 49 12 98 60 93
95 96 127 14 89 95 117 113 46 99 54 38 13 101 47 109
97 76 105 108 20 32 16 120 82 81 42 95 51 102 60 18
70 59 33 31 26 22 16 72 121 70 110 6 43 29 115 12
105 93 121 125 125 9 118 79 90 32 46 13 6 106 31 76
38 64 107 64 87 123 9 80 66 119 87 109 21 74 122 126
39 115 124 36 124 114 116 86 18 34 99 24 13 2 100 51
67 79 115 26 74 124 106 12 116 65 122 9 12 116 7 51
103 3 88 99 117 76 57 7 110 28 31 123 30 3 46 97
82 34 123 29 30 102 41 18 39 35 27 51 23 35 103 126
38 63 97 28 11 26 35 121 54 67 117 85 70 35 54 25
69 50 54 100 24 95 118 63 3 18 115 26 53 90 25 91
25 122 119 36 21 27 29 75 94 18 32 36 54 87 61 123
9 115 95 33 83 86 96 86 104 83 112 29 45 9 120 70
4 112 106 25 11 8 100 105 26 5 13 80 92 75 76 101
104 7 107 125 0 75 69 11 104 125 105 26 4 13 5 57
117 112 118 117 21 102 37 94 87 73 99 107 21 96 41 126
104 20 123 104 95 65 115 71 62 92 97 66 105 102 124 94
87 114 83 108 88 120 74 47 66 46 27 87 14 68 85 118
88 81 94 55 18 81 126 80 45 95 18 23 69 14 117 28
0 73 8 89 65 83 8 3 1 35 91 15 103 48 6 63
1 100 118 19 54 116 99 99 83 118 122 25 4 112 53 5
57 62 94 122 17 102 126 18 10 89 33 113 9 39 49 11
12 39 30 66 28 2 37 111 120 32 8 124 16 62 1 73
124 95 67 13 70 65 31 80 26 64 65 36 104 114 47 116
26 77 54 54 79 91 37 71 123 46 68 11 108 69 84 104
37 24 117 107 89 20 59 116 84 124 24 60 111 71 48 9
20 102 63 100 66 100 43 61 18 111 73 126 53 29 102 90
53 91 69 15 111 0 3 68 124 27 0 107 98 49 116 118
23 51 90 89 24 6 23 42 117 96 41 42 125 15 4 51
107 73 66 90 73 69 30 70 96 31 49 66 80 38 56 103
89 19 65 113 25 88 28 14 56 69 57 53 84 61 104 63
7 42 26 80 111 56 22 79 87 72 17 39 110 74 15 71
93 80 57 118 40 85 4 96 26 61 21 110 123 126 46 2
40 72 82 24 0 105 103 88 49 121 127 31 67 14 102 32
94 31 22 6 116 26 102 14 88 124 125 83 122 43 85 34
115 39 58 115 16 34 75 65 27 75 96 94 89 71 126 56
102 20 62 91 46 37 105 6 33 102 89 27 17 46 61 4
86 120 120 102 26 67 40 53 14 8 19 104 79 17 32 54
37 94 17 83 3 122 90 36 97 51 63 114 98 125 119 56
117 111 30 15 50 70 68 65 79 87 41 30 104 73 84 13
39 101 96 43 96 58 79 65 110 15 51 80 12 42 8 1
25 38 16 76 109 84 13 60 43 54 90 19 127 47 32 38
20 0 81 116 59 33 53 41 48 105 121 60 19 1 61 45
39 77 121 20 33 6 80 76 60 43 95 59 90 127 97 110
127 51 99 58 84 24 99 4 1 92 64 21 93 125 66 5
74 59 25 107 65 106 55 125 21 22 56 111 21 25 93 20
119 94 23 28 106 7 38 104 40 98 127 87 26 18 9 93
15 122 33 74 60 114 82 77 5 73 85 111 27 19 108 19
113 3 47 92 10 85 68 50 55 68 10 82 86 19 47 101
13 80 47 73 67 1 22 72 74 108 55 102 127 35 121 112
39 40 76 49 125 17 100 52 85 110 6 43 1 54 17 14
6 64 88 73 66 110 17 12 90 72 114 89 108 107 74 19
19 22 68 16 39 40 69 124 22 75 40 23 1 57 38 8
121 126 81 59 108 99 72 71 43 58 32 23 38 106 42 57
1 111 74 40 23 15 37 46 90 77 69 92 6 107 100 127
105 53 59 86 24 3 29 68 61 61 91 99 40 6 29 41
117 103 81 12 118 118 58 80 67 0 44 73 107 16 73 85
70 4 43 94 7 72 34 68 5 126 40 45 4 69 86 121
44 40 5 34 30 64 114 98 64 31 43 43 47 116 0 117
120 43 84 127 115 118 68 121 116 108 38 120 49 125 113 93
37 119 127 67 55 113 37 119 16 81 34 64 69 35 53 62
78 9 61 66 0 1 59 116 109 97 109 30 94 94 123 3
85 122 71 12 108 108 3 124 61 38 60 3 73 114 65 23
123 126 89 123 0 20 112 109 118 93 12 84 59 7 88 17
2 31 29 110 11 33 106 73 71 39 76 16 25 13 39 20
11 1 16 11 21 0 121 11 93 5 96 24 12 56 41 14
87 71 124 98 104 103 43 47 14 119 63 39 4 102 59 16
103 75 27 125 75 20 8 40 25 104 65 38 32 106 52 119
49 49 90 25 24 5 72 38 125 7 77 1 110 8 17 85
84 45 82 31 65 91 72 91 67 9 1 100 115 53 91 37
102 53 62 126 59 7 36 56 14 113 57 124 122 75 82 78
120 36 109 57 127 53 20 67 62 21 39 50 75 2 87 49
56 21 48 115 28 84 43 43 70 100 39 64 47 121 14 39
30 123 97 29 49 117 96 111 11 7 33 86 10 120 7 66
14 55 53 42 12 96 85 82 68 125 18 116 118 32 27 20
27 124 50 76 114 18 60 125 26 93 83 36 86 90 102 100
18 27 14 30 123 100 112 63 97 2 51 87 34 79 108 61
75 30 10 61 48 70 58 74 35 13 110 121 104 84 93 122
100 10 76 22 55 107 23 78 56 119 113 25 78 120 83 75
48 78 27 107 54 83 13 51 45 9 44 59 65 111 82 37
121 31 60 48 10 83 127 66 75 112 91 25 104 46 100 24
125 0 3 51 83 16 102 0 25 18 60 91 1 14 0 122
45 60 42 55 16 41 121 91 25 84 116 1 3 89 25 0
89 28 51 44 45 25 44 70 43 104 33 44 119 34 38 36
94 80 92 110 122 85 73 19 42 62 21 45 23 46 45 112
75 96 28 120 121 72 62 36 49 96 80 40 2 118 76 96
70 40 79 64 126 24 84 40 86 105 85 109 23 2 93 98
98 121 90 91 66 25 127 115 121 79 27 123 69 103 91 11
16 42 76 14 67 32 54 25 9 11 7 32 13 100 3 111
94 93 74 32 118 73 19 111 24 46 106 93 21 70 104 37
112 52 51 51 84 105 77 93 116 84 126 1 56 1 112 22
94 58 54 85 3 73 68 27 119 47 120 13 117 97 50 101
21 102 25 106 79 102 71 68 58 69 69 114 70 54 9 37
112 63 122 116 9 62 15 0 109 8 13 98 105 64 72 126
38 97 104 117 71 48 57 1 117 127 115 60 53 124 97 37
60 91 25 69 25 41 69 7 49 83 105 26 19 49 24 57
18 1 46 89 49 104 90 38 103 78 98 28 74 67 65 6
30 91 75 56 4 17 63 53 100 40 79 119 90 103 48 108
104 94 70 25 70 32 64 45 110 34 73 57 102 11 63 4
102 11 60 106 28 123 31 0 36 110 119 126 85 39 106 62
5 48 87 76 81 23 121 63 58 67 120 32 78 56 36 52
67 97 30 95 92 61 95 0 43 86 126 0 125 105 62 2
25 22 78 106 45 72 42 103 11 34 7 89 90 44 13 29
13 43 124 105 104 91 106 19 49 104 19 46 81 82 49 107
104 127 85 21 71 127 125 82 34 4 43 124 48 56 26 61
99 22 39 75 114 17 94 35 121 114 82 75 68 3 54 44
2 11 65 74 11 62 28 45 67 72 41 115 0 67 49 100
90 88 47 76 105 14 111 98 0 65 45 68 68 99 112 71
111 49 17 122 112 45 39 51 117 80 38 118 20 87 90 110
47 9 58 24 23 41 123 23 107 40 91 47 12 75 118 123
110 59 77 18 86 108 25 66 47 117 76 68 8 19 88 8
56 79 46 111 65 99 44 105 69 4 92 110 81 0 72 63
60 21 81 18 1 106 84 49 95 33 117 104 52 78 112 108
29 30 92 95 1 8 72 70 13 37 53 94 37 125 29 97
18 110 115 19 89 72 68 56 105 58 32 29 8 16 10 37
47 102 4 48 110 77 119 123 114 44 89 23 41 118 121 59
101 108 78 62 52 19 118 29 77 23 59 85 39 69 122 86
43 127 7 25 76 126 21 62 42 110 85 83 101 78 14 74
59 92 8 111 111 126 13 60 21 72 17 61 13 12 19 56
11 26 81 87 24 102 21 66 85 106 21 58 57 35 4 116
0 12 99 111 10 112 44 32 56 61 93 69 73 112 125 84
11 79 43 35 53 64 102 10 43 123 68 100 31 72 88 31
84 59 14 95 44 58 127 100 120 92 42 65 76 39 22 87
118 65 123 44 2 97 54 45 92 123 17 123 67 105 26 24
36 41 119 80 99 118 53 91 82 95 29 30 6 51 118 125
116 113 41 118 82 95 35 46 90 52 42 30 29 68 54 66
109 45 18 81 35 71 44 117 38 73 19 45 124 9 42 113
122 83 103 76 50 11 123 13 63 37 43 93 105 97 31 87
14 49 40 49 121 84 38 31 30 57 76 26 67 118 11 61
73 115 10 124 126 5 9 61 42 52 26 19 21 57 106 35
107 18 84 100 103 122 3 5 51 80 31 118 70 43 52 16
30 62 12 28 67 21 89 109 73 116 0 94 45 107 1 24
125 85 124 100 79 0 105 2 80 9 121 22 52 45 38 82
107 50 110 46 71 71 27 16 59 27 110 105 6 111 1 4
68 126 104 19 126 82 22 78 91 15 100 15 60 11 97 39
61 79 85 5 22 112 21 82 11 4 59 18 115 60 22 56
58 126 75 56 80 97 6 43 112 107 58 44 118 27 83 51
106 40 56 1 24 78 83 36 82 14 54 69 74 76 125 5
74 73 61 27 42 68 70 27 47 1 71 37 28 27 88 7
67 17 8 92 95 91 0 49 105 54 118 51 2 116 56 76
61 118 103 103 58 46 2 105 47 74 14 75 101 102 82 40
119 90 4 86 53 4 7 30 58 126 82 60 114 10 9 47
86 103 13 44 92 87 10 95 51 61 31 127 67 124 43 17
102 125 69 9 103 49 26 81 58 0 46 28 45 28 48 3
3 61 47 96 20 57 63 71 118 94 71 57 90 114 74 64
111 15 73 87 64 99 40 123 99 86 23 16 115 71 19 118
4 66 86 25 123 21 96 114 115 39 43 77 25 118 13 9
5 86 96 70 58 8 65 29 95 88 46 82 32 65 72 36
4 31 61 127 52 30 113 40 69 29 117 95 19 3 104 24
89 72 94 19 80 31 49 47 120 95 1 24 32 74 60 36
105 122 36 29 24 21 69 93 50 59 60 69 62 36 94 23
108 60 43 61 92 92 108 84 59 110 108 91 56 40 0 33
34 36 62 58 57 4 24 108 63 84 49 125 121 15 20 101
76 63 34 40 27 15 124 86 125 104 50 53 16 50 86 51
86 20 109 15 24 5 123 87 90 45 84 83 60 105 56 8
40 91 48 68 106 44 26 103 20 76 28 37 126 114 88 84
6 69 100 31 75 95 118 37 12 75 120 73 52 48 81 92
11 2 32 117 46 59 92 67 7 120 104 6 106 64 90 113
5 62 16 80 30 6 117 42 81 109 115 5 30 69 98 41
71 2 31 117 61 123 56 69 116 32 75 94 96 37 79 102
100 95 54 2 102 44 44 55 25 32 61 55 101 31 97 44
33 0 33 95 123 90 36 111 122 111 78 91 20 29 65 120
125 119 122 99 35 39 26 61 71 87 116 44 118 85 88 24
85 121 119 81 83 27 64 78 10 14 41 30 44 106 23 41
97 17 12 5 56 38 66 127 126 54 43 116 12 3 12 97
125 3 50 80 30 115 30 40 1 71 71 45 49 94 86 19
111 98 24 40 9 90 39 7 16 83 123 28 86 8 126 83
11 48 36 42 35 66 82 37 10 25 82 59 119 41 78 103
11 102 15 20 64 54 27 81 9 23 109 96 31 107 51 42
28 87 84 63 26 39 100 36 64 55 95 56 96 46 31 107
20 46 0 85 100 27 38 110 50 19 78 81 127 1 124 27
89 80 90 115 119 63 23 56 118 118 112 86 36 15 65 57
61 65 14 33 93 52 15 15 71 93 97 70 95 93 97 56
45 60 43 37 123 66 93 113 56 77 71 93 92 8 22 25
48 28 105 14 72 77 25 25 97 125 28 7 19 94 45 88
116 69 60 96 36 6 29 48 101 115 4 33 62 3 48 110
32 25 124 104 102 21 1 72 19 29 79 38 124 125 126 112
66 58 80 102 65 109 23 38 97 27 71 31 31 120 13 63
17 9 39 120 31 40 64 50 69 15 88 65 12 86 49 78
17 2 53 82 111 76 120 80 103 63 111 6 55 124 69 73
6 108 65 37 20 1 87 90 16 47 27 29 5 77 107 22
79 32 104 62 108 96 15 84 32 126 90 87 123 32 32 1
12 97 38 33 98 125 123 115 44 22 16 49 99 123 72 50
28 48 113 8 17 0 92 49 126 55 8 121 87 41 122 99
10 32 4 109 29 127 96 73 22 112 123 121 107 67 44 7
115 29 16 4 29 108 53 27 35 62 21 122 103 15 94 113
48 98 94 77 98 62 23 120 46 18 113 26 85 29 33 72
58 49 77 87 30 2 115 65 64 8 60 39 23 26 25 71
124 119 21 94 54 44 86 100 62 72 126 19 101 32 91 32
81 40 119 111 43 106 49 107 114 109 19 10 7 44 81 3
35 102 98 89 18 56 62 80 0 60 99 102 92 63 6 46
103 125 29 18 104 78 126 90 59 17 100 66 61 54 70 96
28 40 58 47 96 120 127 97 52 99 71 17 34 77 63 9
74 92 28 50 43 26 13 102 43 113 41 104 39 111 72 68
23 2 115 119 122 114 88 47 85 31 64 119 108 127 1 55
91 29 105 6 55 118 109 98 104 22 74 15 5 18 83 28
21 70 19 15 57 108 62 14 11 126 6 120 125 7 47 89
36 24 95 91 15 76 61 119 98 7 6 103 25 90 3 46
32 23 62 89 3 124 104 14 123 110 6 120 117 53 81 25
78 49 116 93 125 49 84 96 56 90 71 81 52 75 0 85
98 62 46 101 58 22 115 53 4 122 46 121 47 127 18 125
48 6 90 46 55 46 14 111 9 85 65 61 32 65 18 2
127 65 103 57 87 91 111 92 85 29 85 4 28 104 2 77
110 92 123 38 11 9 21 20 94 86 81 127 23 100 1 22
37 105 80 124 68 63 88 25 92 46 29 120 22 31 69 4
124 64 42 7 73 64 27 40 22 108 39 46 80 40 68 117
72 29 55 108 70 72 49 23 35 13 88 86 4 99 70 17
120 25 57 114 5 75 55 99 3 120 67 22 47 68 52 119
98 107 99 40 52 21 63 87 34 23 45 38 123 115 55 115
12 113 101 17 60 29 117 63 21 56 85 68 125 9 60 95
117 31 7 41 52 70 0 86 93 45 124 88 33 52 75 45
37 49 63 97 78 52 32 99 108 117 40 105 126 100 72 115
3 79 28 56 21 28 14 115 74 11 75 107 63 23 24 100
72 87 69 22 11 101 121 120 90 33 97 88 5 42 76 9
121 104 65 15 5 79 2 79 90 77 58 25 100 82 125 44
42 66 66 53 39 60 45 1 93 15 90 99 57 38 108 50
14 45 65 19 124 67 98 87 17 28 112 117 111 110 34 25
48 100 78 88 32 124 89 126 11 51 97 68 89 77 118 104
122 56 123 118 123 94 77 12 122 62 2 105 44 36 2 92
8 81 52 41 77 14 39 88 65 8 28 27 85 18 3 79
74 126 69 70 92 19 82 87 81 84 64 125 120 67 89 1
20 14 42 97 28 81 57 93 89 85 120 46 103 123 125 50
122 66 120 86 85 74 45 38 31 110 35 23 49 125 24 69
11 66 38 39 19 95 4 108 52 125 26 27 120 23 77 114
90 69 73 47 16 118 86 47 100 121 70 21 118 95 90 1
33 0 40 53 95 45 33 19 42 60 47 34 83 124 21 45
66 94 93 82 84 51 1 57 44 71 78 35 38 41 36 72
41 77 125 9 122 30 28 36 90 75 70 46 72 91 91 10
57 56 92 14 107 93 71 24 36 21 59 75 62 95 19 104
44 16 113 38 46 13 74 9 89 17 55 33 108 18 43 38
75 7 52 54 100 123 78 8 16 9 83 79 105 102 55 21
118 40 60 37 53 6 46 14 23 101 47 4 119 90 42 66
97 94 121 69 89 71 78 105 81 33 56 58 8 111 79 126
23 11 35 77 18 81 91 41 54 11 45 46 101 87 112 71
53 105 12 14 49 90 120 2 124 48 60 4 32 11 2 55
23 38 4 41 119 96 82 46 107 0 92 80 87 76 23 13
54 36 27 103 126 19 105 122 68 37 126 100 48 1 27 71
39 32 112 30 0 67 76 107 67 40 59 26 117 83 39 43
5 29 84 90 110 0 120 120 127 99 58 13 73 59 113 17
63 97 80 99 24 105 62 74 99 45 92 97 126 31 35 3
60 119 93 42 119 85 34 119 56 92 4 1 24 117 18 87
87 99 58 111 76 120 57 47 37 21 17 35 52 52 38 112
44 3 26 35 88 60 26 16 25 31 18 49 20 36 8 107
7 66 90 84 58 20 3 96 41 20 3 94 73 42 78 117
45 105 24 6 37 51 22 62 82 40 111 102 77 119 82 84
57 44 40 116 64 44 84 106 64 87 72 9 1 22 126 47
127 23 53 37 74 75 99 28 116 83 2 65 74 84 21 4
1 62 120 65 106 76 43 42 35 115 52 37 10 50 84 9
73 9 46 19 84 18 47 72 101 50 9 47 6 31 51 7
93 43 73 71 119 116 113 27 104 37 64 114 88 20 123 33
29 42 53 113 60 100 58 33 22 67 80 29 98 4 36 63
47 109 6 39 98 120 66 74 29 2 60 117 22 55 23 51
97 76 36 29 48 94 62 71 34 15 100 4 19 8 68 66
118 74 105 88 66 43 34 96 45 94 85 67 21 108 118 119
56 27 20 105 121 83 48 27 98 20 32 117 28 100 55 18
46 33 106 113 76 12 81 122 106 38 61 0 19 52 119 75
79 11 52 72 94 100 100 64 120 4 53 21 104 109 39 22
14 18 7 90 30 88 84 9 127 18 9 18 70 0 93 21
11 18 93 106 118 65 42 111 69 96 4 45 77 43 68 91
61 75 53 92 36 10 101 35 28 110 53 98 110 18 119 121
36 84 99 27 22 14 10 91 110 14 9 59 57 77 22 119
24 75 83 60 85 56 95 113 38 20 83 20 39 74 13 75
31 113 102 53 127 112 16 109 126 25 40 56 102 62 47 127
9 2 59 95 58 27 80 96 47 36 116 86 110 1 34 13
114 8 66 113 121 83 94 119 108 6 47 83 68 94 82 78
96 13 45 26 40 125 122 88 33 110 46 16 112 80 29 98
89 96 84 82 51 50 73 31 57 121 114 125 87 68 75 56
82 120 82 122 118 77 82 23 59 1 39 43 81 69 14 42
37 98 124 88 20 70 119 77 63 106 75 22 46 22 78 0
15 33 123 5 110 77 28 41 78 68 85 32 9 99 74 46
47 113 38 33 101 81 4 102 39 110 73 27 59 66 4 36
25 40 61 3 120 5 117 89 113 14 101 98 102 88 38 21
73 77 54 46 30 59 21 69 41 94 97 101 33 101 9 58
13 70 61 6 76 51 95 61 65 69 31 40 29 70 61 103
19 116 21 49 47 42 118 88 9 87 61 42 60 71 100 74
13 33 80 89 84 47 23 22 116 54 62 18 124 123 121 15
111 14 64 30 57 55 119 66 14 52 108 75 123 80 21 9
113 101 98 70 20 121 92 9 48 26 27 44 21 20 60 5
34 124 35 91 51 26 29 66 79 9 13 74 89 34 83 75
7 54 17 27 47 109 36 95 7 63 12 28 83 72 33 118
68 69 81 120 95 111 58 46 120 71 121 82 105 76 29 112
2 46 11 50 27 48 17 34 111 29 62 67 101 96 57 42
37 10 34 4 121 92 51 114 35 44 68 12 120 97 124 123
15 7 45 42 55 62 76 39 92 10 106 65 106 35 107 15
45 13 20 39 105 71 25 12 115 93 24 107 62 20 102 77
28 19 119 83 82 67 122 46 77 100 111 56 7 91 71 53
104 91 92 82 34 117 94 21 82 119 1 16 11 103 93 39
123 84 123 77 23 117 123 100 90 106 28 97 69 100 22 46
63 114 0 98 103 94 119 57 85 120 73 97 96 38 8 91
122 3 40 17 121 35 118 83 13 18 52 83 118 75 1 54
61 1 24 37 95 15 94 53 8 40 22 104 78 30 67 73
34 107 90 27 14 80 110 27 99 34 110 89 109 111 15 43
112 39 80 80 55 46 5 63 86 27 39 37 57 106 110 91
85 72 118 99 25 100 126 124 7 109 85 116 92 101 31 77
12 111 29 67 30 34 2 116 61 41 25 118 19 7 82 104
80 72 75 105 45 74 101 52 55 58 40 19 31 72 96 44
55 125 111 85 31 114 74 92 27 99 83 47 107 37 23 59
109 99 36 26 45 9 78 100 67 119 119 99 63 88 15 118
85 126 76 117 112 22 81 12 121 36 59 100 73 82 31 55
53 67 81 98 76 32 70 16 23 62 115 86 22 2 76 107
0 24 96 113 46 50 125 40 86 56 12 32 10 44 87 64
111 40 34 60 72 105 76 95 39 63 53 61 65 2 40 65
