12 96 102 21 76 81 27 36 21 11 65 64 101 111 61 67
71 49 25 122 69 24 123 46 99 15 102 44 112 27 83 125
123 57 18 71 10 45 108 32 57 45 96 30 28 30 98 99
79 123 93 21 20 89 67 119 104 41 36 89 68 119 86 63
48 104 6 58 21 114 90 78 31 59 109 59 89 79 31 40
74 124 61 94 85 0 86 62 41 122 23 109 113 109 44 33
85 51 91 106 37 54 57 69 113 38 0 74 117 31 114 63
28 48 30 113 48 116 47 90 110 70 71 95 51 116 0 8
39 91 115 76 17 44 17 2 82 18 76 71 49 63 6 77
111 36 63 31 24 110 121 6 53 65 101 104 53 101 113 92
65 100 40 82 16 58 85 98 76 33 41 125 96 47 75 79
84 10 111 108 120 104 115 45 41 88 22 94 62 7 58 127
107 99 81 123 29 38 93 105 72 6 102 40 53 49 120 9
59 103 118 52 79 105 97 121 65 119 87 127 126 18 126 105
117 80 100 18 118 65 123 62 71 97 103 125 19 95 6 78
70 124 2 21 101 100 14 39 91 102 38 90 120 37 67 109
117 40 127 107 105 122 42 49 91 17 46 110 112 52 61 54
49 63 75 22 35 90 61 127 64 100 89 56 9 28 37 126
68 36 105 46 30 19 95 121 36 13 104 20 65 37 74 114
100 22 9 8 112 70 7 48 42 96 104 51 124 13 49 65
49 27 111 79 46 78 72 83 91 48 103 28 85 50 15 58
72 24 66 56 94 73 104 9 41 80 60 37 93 110 102 14
9 85 93 55 35 37 10 126 86 114 27 43 36 42 101 108
66 39 36 32 112 12 41 25 92 102 63 57 84 37 71 93
123 36 20 30 73 31 29 31 17 56 75 53 98 48 33 36
88 69 68 72 81 110 98 45 84 33 102 40 70 45 5 65
81 25 96 26 56 125 58 73 53 5 126 23 53 31 59 13
100 127 86 53 109 56 98 65 89 72 105 31 117 110 97 70
8 65 97 64 62 27 10 115 32 8 10 85 40 69 99 12
68 57 66 50 113 36 115 74 109 93 105 98 75 74 41 83
11 10 20 73 37 30 60 69 38 70 26 78 11 125 91 80
54 29 2 39 65 117 113 46 82 91 17 30 37 58 113 49
101 74 62 82 33 83 55 114 112 118 84 96 87 25 122 127
102 83 101 84 81 74 103 73 88 76 40 18 84 105 13 57
51 75 11 84 30 66 71 15 57 27 111 16 52 106 16 26
61 117 111 14 63 86 88 24 34 0 42 118 105 56 47 29
3 58 113 34 125 56 49 54 84 32 70 8 10 86 35 71
75 18 86 11 104 46 35 10 46 77 0 24 5 47 53 9
105 38 43 102 95 92 28 51 124 99 59 7 57 94 78 5
112 36 16 88 82 51 98 1 0 98 25 6 17 78 15 123
116 58 97 83 22 126 6 18 97 66 25 26 32 104 31 17
12 47 105 95 98 76 96 99 46 121 105 64 71 120 59 59
50 28 15 72 26 21 90 123 87 116 22 120 92 53 9 104
101 114 71 71 62 39 42 109 32 19 45 103 11 104 35 61
4 50 5 31 71 96 26 31 84 48 23 48 102 32 24 75
18 96 18 81 7 61 62 40 80 107 15 92 83 50 25 87
100 31 118 44 127 17 75 83 65 98 3 39 2 27 114 20
123 5 101 3 66 35 43 18 14 58 110 97 109 8 57 81
39 47 125 38 64 72 121 2 42 124 41 44 23 28 65 19
33 38 22 99 74 65 117 88 123 100 58 104 108 115 58 19
34 55 57 99 0 50 101 42 46 14 87 69 42 24 88 75
62 110 46 8 47 36 97 43 8 27 19 116 14 77 7 48
5 64 19 5 114 120 47 32 7 6 101 49 30 62 125 93
44 43 101 92 79 70 7 87 97 26 75 111 104 82 32 109
18 51 114 4 44 33 36 51 40 10 100 70 72 97 35 116
13 9 80 92 79 87 52 49 114 127 32 90 82 64 71 100
116 57 105 32 90 13 83 2 23 55 73 95 25 108 84 38
117 36 2 69 124 54 118 110 54 22 72 8 87 15 108 75
72 85 107 34 99 62 37 122 117 110 90 14 90 46 52 80
82 55 21 78 109 11 60 35 33 4 43 120 19 24 67 91
109 46 126 80 108 35 75 98 17 37 112 107 83 37 59 37
92 80 116 73 91 48 109 125 53 24 117 72 48 57 36 30
103 34 110 84 69 57 54 86 94 38 65 49 75 125 87 39
77 75 113 41 123 94 38 48 118 27 121 39 84 29 69 60
15 8 88 124 47 95 96 13 55 75 20 62 108 25 115 25
52 39 18 54 104 105 16 111 99 44 24 106 48 125 105 63
5 65 60 52 32 28 65 87 104 86 21 84 111 8 109 35
48 127 89 24 104 105 8 75 21 32 53 69 29 30 5 35
95 65 87 127 93 25 87 69 111 108 25 94 117 6 1 37
5 90 61 109 68 69 57 89 102 110 31 3 13 36 38 108
101 126 108 66 23 67 8 6 47 33 100 36 40 101 73 45
63 7 27 3 76 84 93 50 66 124 54 79 32 92 60 5
90 40 71 113 107 79 119 26 113 91 63 25 64 8 70 0
15 97 3 92 53 96 14 120 92 68 71 124 33 3 1 123
43 73 109 22 24 100 49 9 64 112 34 0 120 105 0 8
74 4 100 0 100 114 120 65 55 63 61 88 67 63 83 110
8 64 5 32 37 54 42 101 38 76 101 30 53 102 38 0
106 10 0 78 125 120 15 52 55 77 12 122 12 95 105 20
32 110 52 69 36 94 42 74 43 15 104 96 117 15 96 95
25 96 46 22 88 61 74 16 10 86 10 22 54 115 42 86
97 95 27 5 61 69 79 104 84 56 73 74 71 41 41 96
10 87 119 98 21 65 114 31 24 125 54 78 112 96 36 82
63 63 87 125 4 39 101 88 95 46 34 38 88 76 6 98
35 125 68 56 63 55 88 87 52 14 37 36 110 73 118 46
8 78 43 12 117 16 100 84 63 7 122 23 83 0 121 118
126 61 47 61 116 7 20 40 21 57 77 3 2 67 49 10
17 92 22 6 109 122 90 44 1 84 67 84 85 60 75 83
121 122 16 110 1 36 22 22 93 99 25 95 39 75 105 56
39 127 63 20 121 25 64 123 110 3 79 67 63 26 22 57
20 38 39 21 74 61 43 39 33 69 6 72 16 111 0 55
110 63 76 103 89 12 98 71 16 50 10 79 76 32 8 97
70 47 118 16 109 34 55 14 103 61 86 119 44 86 46 26
22 122 1 111 7 100 54 23 22 64 102 98 96 111 67 38
30 58 54 11 92 109 25 67 42 111 58 86 70 104 112 92
99 113 75 106 85 1 1 107 65 103 78 33 86 17 71 117
75 125 0 39 106 26 106 20 9 36 106 79 13 90 43 112
21 118 84 78 35 64 113 62 64 13 127 38 116 70 20 67
101 71 8 106 48 31 48 27 5 46 24 107 86 84 51 108
74 7 58 110 71 43 44 7 57 44 46 45 114 66 112 88
9 121 66 57 24 114 84 29 32 109 8 119 65 59 99 11
66 29 121 10 72 38 17 1 82 63 46 68 1 31 28 10
24 95 67 48 81 24 78 114 5 86 105 70 18 76 81 84
105 75 94 49 113 112 51 67 47 97 7 49 0 36 59 24
3 127 73 84 23 23 70 28 109 47 98 127 123 51 84 100
126 50 22 111 34 73 50 82 42 58 3 43 94 62 67 97
61 12 53 84 35 124 112 17 43 82 16 39 6 100 11 4
23 33 116 57 106 38 11 21 96 14 64 62 77 3 31 10
16 85 95 51 81 79 68 124 34 85 35 40 57 47 44 80
80 32 10 59 71 21 80 39 36 16 102 113 19 5 123 35
90 90 87 43 42 27 40 76 112 75 116 42 122 32 122 75
65 4 6 8 26 86 47 62 102 21 47 121 27 42 29 117
5 116 33 47 15 73 123 0 20 111 42 15 15 36 90 80
41 96 88 67 54 8 1 28 29 48 21 56 90 50 46 95
38 79 14 54 24 9 54 44 120 96 59 8 4 21 88 45
117 49 112 43 57 113 71 86 33 93 15 124 15 61 91 54
12 106 108 36 115 34 80 108 2 12 116 6 33 76 52 23
125 36 66 54 22 10 13 55 103 28 51 118 89 15 44 101
121 24 9 108 58 89 88 60 101 76 67 7 25 119 30 22
27 96 77 49 106 90 105 81 118 28 72 79 43 116 52 36
13 61 17 71 22 105 4 124 54 71 3 79 62 33 101 89
1 50 11 108 12 116 61 2 16 5 81 60 122 5 96 7
66 113 78 89 91 82 85 17 25 88 96 87 121 69 49 122
120 60 102 4 48 36 7 64 41 88 124 35 94 93 42 32
78 121 121 41 75 78 58 101 38 26 60 31 96 109 26 88
41 0 92 89 36 99 26 78 60 22 113 26 115 28 58 66
21 52 107 96 2 38 69 41 64 2 72 32 111 98 120 25
99 85 114 7 56 12 85 116 35 71 14 22 99 73 88 120
125 68 88 127 106 30 40 42 32 113 75 15 83 67 40 54
117 76 55 63 17 94 5 35 60 104 47 110 105 26 21 68
109 83 62 100 49 101 64 32 99 44 33 119 88 38 80 78
114 7 13 3 101 19 39 33 123 86 16 100 112 37 40 93
120 102 66 41 76 2 73 47 47 106 38 7 16 118 85 2
126 99 6 99 118 45 5 113 3 21 85 115 58 125 80 50
99 18 91 47 21 36 94 68 14 5 75 31 123 33 33 121
4 39 93 122 84 98 107 87 119 64 74 49 61 27 99 32
45 62 80 66 98 46 6 112 51 82 15 47 115 49 40 119
88 5 113 45 103 92 4 94 28 79 15 89 106 114 121 23
48 73 90 18 120 96 3 43 50 18 90 37 67 3 28 28
8 13 73 112 105 77 78 5 28 94 94 6 80 88 30 1
33 120 19 25 88 22 69 11 41 31 48 108 34 77 8 43
90 81 27 68 31 105 73 59 71 40 66 24 0 96 25 33
88 44 59 48 67 0 59 108 31 108 88 66 57 97 109 19
50 8 87 81 113 33 13 57 73 79 81 73 47 106 106 7
22 37 55 89 37 115 69 69 95 30 7 24 127 116 43 49
124 3 3 109 36 16 38 109 95 119 54 14 97 32 21 120
70 76 81 107 63 23 48 30 53 55 54 52 43 98 101 39
101 104 21 9 120 59 118 87 51 44 101 20 76 122 12 18
71 94 126 6 117 46 37 42 102 91 94 17 61 67 57 34
44 78 43 36 9 33 124 60 77 97 81 26 92 93 44 35
59 42 41 48 89 78 90 63 42 56 80 103 124 9 10 40
87 53 76 97 87 72 29 36 42 110 62 6 76 107 41 7
21 82 56 110 33 18 45 75 75 126 50 71 7 60 111 95
114 59 64 73 4 93 109 46 76 44 52 24 23 93 31 44
47 87 27 80 106 72 27 53 70 78 124 78 10 107 45 124
38 109 69 42 74 51 88 22 95 12 46 118 105 78 34 25
37 61 105 15 6 5 68 76 83 64 26 93 43 71 90 82
52 31 124 127 82 85 21 49 97 68 39 75 18 74 100 55
7 77 71 13 82 11 90 37 76 116 3 119 60 93 73 112
124 70 111 79 27 5 0 124 73 40 71 91 114 43 18 121
121 89 7 75 101 97 113 49 85 116 40 17 81 114 2 77
51 87 43 111 96 15 39 40 105 124 9 63 42 87 80 42
20 40 36 107 111 46 108 42 127 26 3 52 7 101 123 58
60 39 42 29 54 81 69 32 77 78 95 119 37 47 33 57
87 70 36 70 116 16 113 115 42 116 40 49 90 35 108 22
74 22 51 1 103 120 33 52 70 0 43 107 47 77 36 6
19 72 76 7 88 61 123 2 50 35 52 12 70 32 34 17
54 86 18 29 78 51 81 21 51 124 0 98 73 37 104 92
109 52 100 70 114 95 72 36 2 124 48 72 28 82 89 82
40 107 111 119 30 64 12 81 61 12 51 6 49 27 99 31
80 71 101 66 38 45 102 40 42 22 112 70 104 74 25 17
53 8 8 84 73 20 37 6 32 89 12 82 116 111 113 68
54 86 6 92 3 108 4 45 2 117 116 107 63 13 124 116
21 4 72 94 24 110 100 56 71 113 10 59 96 123 0 23
81 6 115 85 115 120 2 117 109 118 96 44 3 92 32 25
96 105 119 120 87 92 49 30 77 59 89 45 55 89 68 8
96 56 93 83 48 96 72 29 86 41 73 90 5 105 115 102
82 106 94 41 70 15 71 19 75 33 65 2 122 5 10 90
61 104 45 109 72 118 10 30 31 83 120 36 61 107 10 15
86 105 57 28 120 0 48 67 33 113 69 28 118 80 118 52
56 36 33 0 26 44 30 57 127 23 93 60 2 104 76 88
81 5 117 73 5 37 13 39 22 82 67 12 34 57 64 90
93 98 90 119 14 121 48 13 16 14 74 18 118 22 107 71
27 96 16 32 5 29 71 27 112 10 39 18 68 104 109 33
74 71 25 88 64 73 101 80 87 47 99 77 69 78 20 96
46 37 1 51 66 72 78 50 83 117 69 23 93 50 56 39
121 81 127 58 27 101 10 114 20 109 64 90 59 84 58 105
121 59 28 60 4 106 110 87 96 51 110 61 101 38 101 95
120 100 25 19 73 35 5 94 17 69 56 76 26 114 54 19
46 82 79 50 61 62 9 29 113 119 90 87 29 63 54 21
36 79 40 109 114 46 75 3 115 3 80 13 118 6 33 36
88 112 86 21 46 95 50 32 86 13 119 115 76 45 9 112
124 49 94 110 95 41 114 83 45 66 96 35 72 1 71 32
122 41 96 112 68 52 95 113 75 97 50 36 110 2 126 1
103 54 101 35 54 35 99 63 117 20 49 126 96 39 14 90
80 110 74 21 34 42 6 109 11 57 17 121 59 15 122 34
69 95 70 124 2 41 59 120 61 108 118 29 19 5 119 100
115 65 121 22 107 127 3 118 56 21 111 116 36 105 22 106
73 92 102 75 5 33 67 66 13 58 95 32 63 86 4 50
24 125 72 3 125 76 122 53 97 105 41 5 83 64 111 28
28 85 103 34 118 43 100 3 101 68 36 36 26 40 86 50
38 31 54 35 107 48 88 76 25 2 81 108 66 65 8 94
22 112 0 13 27 101 16 0 41 52 36 67 93 122 118 3
25 44 38 4 92 126 80 117 0 34 98 66 99 106 33 121
90 33 6 117 6 23 117 47 75 25 115 40 20 105 43 45
21 81 50 113 80 2 102 80 36 72 19 7 51 52 1 13
85 7 3 92 30 120 11 106 18 126 18 38 103 62 83 124
15 5 109 95 8 84 48 44 28 67 52 79 119 53 93 76
60 96 40 91 88 52 69 106 50 87 16 26 21 100 22 37
105 4 4 113 88 52 30 116 119 82 68 110 7 33 59 67
1 99 30 89 23 99 68 74 59 84 100 80 56 122 117 34
126 122 19 86 46 49 75 38 3 15 20 10 48 79 78 49
51 108 10 74 80 78 20 11 35 120 91 91 115 81 125 113
75 17 72 121 66 19 31 70 34 52 80 82 3 30 3 54
11 13 1 91 92 21 102 127 14 65 90 1 18 88 114 93
105 58 87 43 77 118 113 111 42 66 65 46 96 68 100 107
82 101 70 46 123 44 45 9 110 7 10 0 95 124 94 72
55 53 116 4 43 101 116 86 39 53 4 8 122 104 115 76
78 58 122 73 102 39 82 84 46 92 85 14 88 51 86 15
104 74 20 19 48 8 105 87 61 109 95 55 86 83 3 36
13 125 109 115 36 63 72 83 27 29 97 115 80 55 3 56
2 23 75 50 31 53 9 92 34 105 20 120 60 23 28 73
21 9 60 57 72 4 12 99 33 109 87 113 37 90 41 39
113 117 89 16 42 98 108 76 75 0 69 7 24 97 80 45
107 13 102 51 17 115 23 51 96 110 36 5 72 78 44 57
77 111 101 21 13 88 31 82 1 110 103 75 120 100 71 84
109 82 34 66 116 77 81 112 67 118 25 107 114 64 115 63
47 89 84 60 49 116 14 50 98 117 125 90 89 69 46 70
23 81 8 11 30 89 124 97 79 21 77 65 85 64 1 4
25 85 64 75 73 78 125 43 67 123 6 29 64 52 99 87
5 108 98 35 69 94 5 21 116 82 86 73 18 87 78 44
45 14 119 118 93 116 34 32 111 40 61 47 92 33 6 98
13 105 5 82 71 10 103 59 92 62 5 111 21 83 27 66
97 18 57 62 6 91 95 118 3 28 37 95 61 44 65 74
21 71 29 92 81 4 24 46 66 29 29 88 112 56 26 81
74 83 16 80 46 111 70 49 11 108 17 73 24 82 19 45
25 48 9 107 53 33 25 119 62 54 79 46 110 106 0 56
61 16 8 108 127 79 29 10 59 46 83 83 1 103 0 26
23 9 5 76 43 30 68 105 84 19 24 66 125 24 122 59
40 3 39 39 82 68 49 13 115 5 96 116 108 96 14 3
105 20 80 20 50 20 126 7 39 22 73 37 46 68 96 86
71 7 125 25 75 46 38 62 51 6 50 31 102 65 35 79
85 115 100 7 7 98 14 46 120 88 83 38 28 51 124 99
58 121 124 6 39 34 68 91 40 119 122 14 56 29 93 13
16 65 20 23 35 35 70 27 123 25 65 23 77 61 122 7
54 118 13 94 24 82 57 64 73 51 78 1 81 43 14 97
109 34 121 16 69 63 44 64 88 109 87 37 43 81 45 97
71 58 63 95 12 120 31 85 44 109 86 125 25 100 94 6
7 87 22 76 22 66 13 111 48 100 20 91 54 65 60 125
124 124 93 8 116 124 94 32 106 52 29 3 25 124 9 32
83 31 108 106 98 121 89 18 94 109 109 20 47 41 17 43
37 110 51 26 107 17 58 85 70 88 88 95 84 97 127 39
0 107 17 98 101 106 116 67 88 97 87 7 11 104 50 48
87 101 74 66 119 5 23 61 93 111 28 49 80 27 88 80
6 106 51 107 84 39 46 44 9 5 51 20 110 101 68 69
75 15 7 66 20 30 127 113 13 27 34 93 54 122 45 60
100 96 40 57 8 86 101 17 92 25 37 74 126 105 15 73
21 72 120 123 101 74 32 117 60 31 124 112 16 65 113 85
34 92 41 111 76 22 32 26 48 106 78 4 41 92 49 62
36 42 58 10 116 90 127 48 121 124 33 10 61 18 95 95
110 8 79 58 30 111 84 78 90 35 82 3 127 3 65 36
45 123 46 33 86 45 82 79 41 115 89 103 5 56 70 116
64 21 46 94 5 3 44 95 38 126 98 37 2 35 73 47
31 119 81 117 37 35 68 78 22 30 53 27 86 124 15 23
17 62 117 22 65 34 117 103 32 87 12 34 123 86 82 26
77 35 15 114 70 83 65 92 113 118 119 72 114 7 95 4
69 84 26 6 118 16 109 23 103 121 57 98 79 11 124 29
46 11 15 116 95 80 80 80 71 72 24 57 79 119 61 20
76 88 26 66 104 7 89 79 0 19 50 80 30 46 109 77
58 124 65 25 77 18 105 20 90 2 77 41 121 11 61 69
99 87 8 75 94 97 26 94 116 76 46 19 123 27 96 53
24 33 78 101 51 55 121 13 57 70 54 51 81 115 120 52
74 0 127 40 98 26 7 86 102 53 105 97 81 73 22 105
107 100 78 30 28 71 44 85 13 98 8 95 86 1 19 32
1 19 73 99 45 80 58 19 5 35 117 86 109 11 63 88
112 13 118 12 84 34 97 98 5 106 65 91 107 84 123 108
103 68 80 20 20 10 40 26 45 29 112 26 40 48 114 24
61 105 36 18 11 6 116 16 112 53 107 91 9 103 71 113
43 23 5 64 33 45 90 79 74 74 105 115 122 92 11 56
69 48 74 80 54 62 97 38 115 76 1 124 51 72 109 95
96 115 31 1 32 121 80 107 67 58 94 62 22 105 118 91
25 64 43 79 126 12 117 113 89 118 109 12 63 91 107 31
78 10 32 110 3 113 89 71 43 55 5 65 33 123 28 58
59 71 10 57 84 127 42 45 118 23 57 53 114 37 84 64
47 116 47 51 101 8 122 16 64 127 81 97 122 109 27 53
53 37 110 9 37 24 54 27 47 111 80 34 20 36 98 68
24 17 119 126 26 113 14 90 112 96 59 106 77 86 31 2
124 13 11 33 37 65 60 84 49 12 118 69 48 89 9 72
106 0 70 4 113 85 94 97 53 25 75 2 112 106 5 108
39 44 88 61 76 59 6 28 107 73 66 34 118 29 16 3
85 41 48 126 89 109 26 84 78 90 18 39 97 77 85 9
121 45 70 69 105 76 97 84 21 36 119 11 65 7 15 22
48 63 20 9 44 46 94 123 8 112 34 105 61 120 114 54
37 56 124 14 4 93 99 26 1 90 37 66 97 52 88 17
115 108 27 32 26 121 27 34 105 61 12 38 53 126 92 91
55 88 105 59 54 76 85 55 38 123 122 7 47 82 25 35
63 52 67 89 45 94 124 22 27 8 60 81 6 24 44 61
113 21 121 39 98 78 94 8 73 88 16 121 43 41 28 106
93 95 67 10 61 63 32 88 71 92 41 78 116 85 11 101
107 4 12 77 83 107 85 28 67 101 21 110 14 49 88 107
16 28 117 77 91 21 38 35 113 79 113 102 37 124 75 16
1 88 93 84 67 50 112 6 24 6 117 38 55 77 18 72
105 7 21 69 29 59 104 14 11 89 116 48 85 64 64 86
24 29 42 91 79 27 97 103 33 86 14 88 36 32 32 13
39 54 82 68 113 58 83 124 19 71 44 105 7 108 63 31
9 106 122 89 5 92 64 38 50 78 126 86 110 31 100 22
85 54 90 70 113 45 67 4 117 111 109 124 92 45 28 101
23 22 62 28 114 127 66 37 77 64 123 60 95 95 82 52
22 44 123 7 90 62 11 79 45 121 75 9 38 103 111 61
126 45 89 112 44 27 21 122 91 17 54 59 112 8 111 6
52 106 13 14 40 25 93 86 18 41 95 56 16 78 117 14
124 78 127 40 105 20 34 68 37 88 127 22 96 111 28 21
89 42 35 2 67 1 88 85 42 55 13 58 6 2 73 2
80 72 42 57 92 77 125 2 37 125 24 6 108 52 27 69
94 62 71 33 63 31 118 105 87 3 36 93 5 109 95 85
53 9 14 17 86 12 19 124 9 43 2 117 96 29 58 62
91 2 96 27 33 86 4 120 90 40 85 95 21 52 53 74
62 67 92 20 79 111 16 88 27 18 77 123 47 8 57 11
10 25 38 43 112 42 36 74 83 121 41 104 46 94 51 108
34 15 0 113 126 17 74 25 35 23 20 83 31 78 94 41
103 4 85 87 46 121 33 1 114 75 106 32 41 29 12 75
