60 46 33 4 62 28 72 53 93 24 6 15 35 18 58 80
8 112 8 4 96 48 24 109 107 16 102 19 74 49 109 6
95 15 10 29 43 82 82 8 107 89 23 14 107 82 94 115
66 102 119 34 22 16 15 2 32 118 21 106 39 3 113 6
18 123 35 61 78 117 69 57 78 93 71 57 47 37 45 113
11 36 19 34 52 35 36 85 25 57 63 64 60 48 70 78
44 105 11 122 94 81 51 45 46 122 102 93 31 19 78 42
56 97 76 108 4 112 65 29 42 1 93 102 49 35 53 93
12 64 87 107 17 10 24 63 4 126 28 35 18 106 78 74
76 26 54 80 11 120 110 53 121 75 27 42 111 80 8 123
17 95 102 34 106 126 98 110 125 126 18 15 105 96 89 53
122 15 5 5 7 115 58 0 63 86 43 46 38 51 41 55
18 16 90 124 14 60 107 11 58 125 26 35 93 115 88 87
3 94 93 10 81 23 11 16 109 54 62 20 105 104 75 123
120 37 120 6 97 99 18 28 96 44 63 61 32 24 20 35
118 113 45 71 9 56 88 118 110 22 10 87 126 86 83 118
123 75 125 93 46 15 121 14 59 56 75 91 80 95 126 70
81 44 14 90 100 102 80 83 124 91 42 123 49 125 113 44
72 110 9 118 125 2 4 57 59 79 20 11 47 19 82 0
63 96 90 35 70 42 118 66 5 33 61 54 30 47 99 103
29 108 93 27 111 98 84 42 49 104 53 96 123 7 96 58
103 58 94 45 101 84 112 106 117 45 33 20 92 4 123 122
112 88 21 95 58 105 9 108 81 63 76 77 70 45 7 46
103 101 91 76 58 75 55 47 121 88 67 85 92 62 79 76
23 100 44 81 77 53 61 31 116 10 108 59 55 115 105 30
89 68 107 19 16 34 66 9 122 6 94 86 68 46 34 91
18 78 45 96 4 106 127 120 116 107 51 43 94 28 74 55
97 53 74 113 87 13 122 81 19 88 39 87 6 73 51 25
24 96 121 28 74 120 20 63 99 72 106 65 100 52 121 69
105 67 54 64 80 48 17 99 9 56 59 15 2 110 40 26
78 33 54 24 25 74 87 124 18 66 62 119 118 55 60 96
122 115 32 75 35 50 46 44 106 105 60 108 87 100 6 37
55 16 80 63 61 12 51 124 122 45 8 58 105 2 31 51
67 88 119 109 111 117 45 99 22 95 55 34 24 64 1 79
80 81 14 13 93 65 9 88 110 18 18 87 20 49 10 88
9 1 69 120 118 114 91 13 81 19 47 105 83 49 56 36
2 70 49 96 7 59 56 117 77 74 76 97 123 86 57 4
87 126 124 78 113 87 91 66 106 10 44 62 59 100 98 62
43 19 30 50 78 86 40 27 32 116 125 27 75 54 31 34
53 27 112 38 114 75 104 93 86 20 27 17 121 125 79 36
16 109 86 95 67 126 122 99 115 119 126 62 46 29 96 99
56 81 9 43 28 113 8 114 6 35 4 127 32 83 35 48
65 121 15 4 120 10 104 107 1 102 41 47 4 9 18 60
90 27 103 119 13 111 105 19 18 109 18 50 65 53 99 2
46 114 6 38 124 110 17 126 85 58 45 89 68 64 21 30
91 125 21 104 108 127 123 127 108 13 49 45 66 20 47 113
7 54 23 3 36 41 1 121 99 47 82 39 111 104 70 74
101 91 51 81 90 46 80 71 60 2 116 126 22 36 111 29
90 7 33 126 48 34 120 19 81 74 59 64 50 1 11 23
92 62 105 55 108 57 126 40 59 114 39 82 22 22 111 112
29 16 111 77 51 103 97 4 49 28 69 100 29 80 123 121
14 100 48 122 30 46 35 89 33 74 43 55 96 27 40 126
43 23 75 94 126 44 99 47 72 40 19 101 120 15 95 6
115 15 0 17 62 35 107 95 109 22 22 78 49 62 76 93
85 23 59 83 68 30 3 12 70 22 114 62 37 81 68 25
96 69 42 30 104 21 125 86 44 20 36 93 82 112 58 40
7 118 123 75 20 126 88 91 21 74 25 58 27 94 83 123
35 126 26 11 19 23 97 63 43 5 29 126 117 87 38 125
77 33 72 98 32 32 61 53 106 86 111 5 52 67 1 87
65 27 99 84 50 68 20 94 74 49 92 63 8 2 60 86
35 5 56 67 37 117 120 16 75 104 21 0 43 22 87 108
49 58 64 100 127 84 66 73 5 30 8 14 32 69 100 67
74 28 7 111 17 127 127 92 103 21 92 18 43 52 126 93
110 63 65 109 19 3 54 25 33 63 39 65 4 11 4 78
92 110 101 7 126 90 113 20 126 89 59 55 90 89 28 3
87 27 107 4 58 118 21 108 78 107 127 76 68 50 50 32
33 23 39 31 113 25 51 111 114 111 39 76 72 67 79 31
94 59 35 24 49 57 5 127 36 4 76 105 54 126 9 87
21 49 119 7 74 42 118 60 25 29 9 98 97 88 1 63
19 37 88 69 94 93 68 2 97 16 107 23 14 117 111 36
38 102 43 112 16 33 44 42 63 53 12 32 14 13 95 33
50 55 102 16 20 43 19 117 59 126 13 74 115 124 110 25
98 25 9 114 58 54 28 121 107 40 25 121 54 121 27 104
48 1 121 69 44 12 58 104 10 71 50 126 67 32 23 37
57 33 24 115 87 52 109 66 93 6 60 19 127 87 123 48
88 116 117 5 0 47 109 11 119 31 9 58 63 32 96 120
65 120 107 24 44 88 91 9 95 23 28 94 110 24 14 70
12 3 75 13 51 56 24 42 87 33 100 22 65 68 14 3
60 122 27 105 82 118 114 49 13 15 16 123 39 30 66 51
34 13 64 85 70 88 127 29 121 99 52 59 40 66 62 100
60 89 77 15 80 64 64 93 79 80 89 118 111 27 41 17
40 106 102 110 66 101 12 60 72 64 119 112 2 53 85 63
14 34 78 94 98 14 60 49 95 21 39 78 48 81 95 88
59 69 71 125 42 83 57 114 19 48 99 21 101 56 84 116
90 34 82 61 49 14 110 16 35 22 94 83 103 61 44 34
2 115 31 44 70 89 30 89 9 1 110 111 57 67 99 20
101 53 81 22 68 63 38 103 85 4 59 60 65 103 94 67
90 126 111 32 87 14 121 96 15 103 79 73 42 50 93 16
104 46 38 44 109 77 19 67 81 78 127 19 53 94 86 15
92 70 47 51 84 40 19 99 16 99 44 58 21 9 74 125
55 113 41 37 62 61 104 15 11 103 34 65 69 121 80 33
63 0 84 19 40 104 118 56 75 35 115 96 44 61 94 100
46 7 9 108 68 113 124 80 88 30 17 30 23 97 63 86
97 20 105 10 124 96 66 71 3 53 39 47 115 5 19 33
13 28 14 81 13 10 33 102 40 50 4 64 20 67 22 117
87 0 127 83 96 66 26 99 119 66 18 106 71 38 12 84
53 51 51 57 102 16 55 29 103 35 121 85 118 34 106 0
72 29 125 38 43 63 71 118 37 25 106 4 46 17 2 99
68 53 28 42 69 83 71 45 119 64 2 109 98 108 109 42
9 106 80 53 42 24 43 79 49 21 83 95 38 86 66 107
11 95 21 81 50 93 126 41 29 0 22 0 108 4 42 118
110 123 43 24 19 86 104 68 108 59 36 18 17 102 125 29
69 19 110 120 112 108 33 13 108 56 13 88 60 56 78 42
51 121 67 70 80 43 10 60 102 46 78 120 21 76 21 90
95 3 82 79 111 116 92 91 44 106 51 104 34 2 18 85
123 85 27 75 0 37 7 103 84 86 95 105 34 116 67 1
119 22 80 102 10 44 65 54 22 116 30 56 118 48 13 114
6 40 61 6 78 69 109 34 27 76 11 61 64 78 62 55
100 14 29 110 58 94 36 81 83 66 9 73 115 23 59 121
63 121 127 13 62 109 47 89 57 58 22 122 9 84 49 109
98 79 92 28 45 0 109 0 67 119 74 54 14 5 47 77
126 46 91 60 27 10 21 85 69 43 79 78 127 0 59 97
79 23 126 125 24 107 125 91 98 71 17 112 77 64 62 75
110 25 8 10 35 29 95 104 73 46 54 72 46 114 42 126
9 40 123 33 19 120 124 118 64 13 102 13 77 36 88 60
61 96 70 97 126 37 73 71 83 0 15 1 114 57 127 123
97 122 29 117 115 25 107 51 39 81 64 116 118 24 48 51
121 118 20 119 27 94 62 110 94 77 112 80 7 111 75 104
106 104 93 93 2 72 16 41 26 80 29 16 104 78 67 97
68 88 88 96 54 22 78 20 100 62 100 107 46 47 83 24
24 49 117 26 121 5 67 19 85 96 35 61 46 103 31 115
63 119 83 117 14 33 9 114 96 109 93 14 28 48 38 52
97 27 78 91 32 17 110 117 114 18 50 32 121 81 19 56
73 102 45 87 8 54 73 104 35 38 118 63 86 28 116 56
55 66 19 87 84 1 76 70 19 126 102 12 80 122 68 25
96 113 112 104 39 57 80 74 95 70 10 53 98 126 109 25
64 0 112 20 2 60 90 21 59 65 34 11 59 102 36 27
88 20 4 127 77 84 74 44 27 84 97 125 82 79 23 18
70 76 70 57 24 68 19 64 97 23 7 85 119 127 8 43
121 46 38 28 89 103 47 88 39 106 49 24 79 116 20 21
64 90 78 88 30 97 24 0 121 32 85 112 31 93 28 24
12 66 52 101 41 99 61 81 77 110 105 28 98 125 49 34
88 127 122 118 97 19 118 90 51 75 74 82 41 102 106 53
40 30 26 82 1 87 35 78 69 12 107 39 10 28 73 98
28 67 88 125 86 79 87 9 26 33 91 67 8 69 120 48
99 18 2 100 105 37 51 46 50 30 85 60 58 30 30 86
98 118 83 56 69 42 66 96 76 29 35 84 99 28 4 70
46 7 43 24 44 94 70 94 124 28 26 54 58 56 13 28
47 96 85 116 11 23 84 87 52 120 43 23 20 47 94 66
54 9 90 99 103 33 65 99 61 92 25 119 20 38 20 67
7 105 56 18 0 12 105 52 4 20 76 24 67 42 91 122
51 53 93 26 86 30 125 19 122 22 11 15 61 31 82 68
8 10 86 8 23 63 60 27 83 8 52 22 50 15 16 101
68 109 127 27 12 124 46 6 19 57 21 80 88 104 20 96
114 106 104 9 41 37 37 124 45 89 18 96 104 35 69 44
16 69 71 28 65 118 35 84 47 56 36 8 32 56 104 19
34 81 28 75 118 65 71 35 26 90 3 2 125 73 47 13
14 118 42 79 108 77 36 28 5 72 36 38 1 12 57 35
93 85 111 83 23 54 119 49 16 122 52 13 67 99 27 81
89 69 33 70 18 69 98 23 13 6 61 14 18 118 50 112
76 33 67 99 87 58 20 104 53 72 117 120 43 16 74 5
85 107 75 103 48 45 127 61 51 60 76 69 51 126 53 127
31 121 98 118 51 118 94 104 63 84 97 106 100 43 111 58
22 58 33 70 103 32 3 26 93 79 96 16 77 21 15 108
14 113 99 66 103 65 42 38 21 11 17 122 54 0 52 76
59 85 18 34 118 22 61 83 101 29 99 51 50 114 31 65
99 2 3 74 68 45 113 89 57 2 83 111 2 7 60 61
93 78 96 83 100 29 38 74 58 9 125 108 123 28 45 94
31 48 40 99 94 25 60 23 27 16 6 30 23 66 91 116
17 59 71 117 88 109 63 18 118 60 127 113 89 44 79 120
115 12 40 111 57 109 125 43 103 80 105 80 78 23 2 74
62 61 68 117 86 114 40 40 4 17 107 38 39 81 103 26
94 16 9 23 125 6 66 101 87 44 53 37 67 55 112 1
116 52 118 74 38 31 115 43 48 94 81 87 47 57 113 13
73 122 36 70 1 103 43 88 19 97 125 86 24 109 87 13
34 77 87 72 108 74 115 28 40 69 115 88 126 100 101 71
95 10 13 96 113 57 56 4 26 53 90 50 35 49 63 69
126 23 13 107 97 1 7 10 70 123 98 68 95 71 11 62
81 24 30 66 81 86 70 107 12 32 30 47 81 93 116 80
116 1 59 86 2 66 96 72 61 66 12 29 9 23 91 91
48 122 29 1 80 100 109 92 4 11 11 86 104 127 38 93
1 97 51 3 35 19 76 97 85 88 126 94 112 89 57 32
83 87 33 36 59 14 0 63 25 12 21 2 11 59 95 12
28 18 16 64 37 92 33 122 52 31 88 36 120 18 68 76
105 102 112 36 116 112 99 14 124 121 16 8 52 111 20 81
1 36 17 38 0 50 32 53 81 120 89 73 10 30 21 115
4 5 23 120 118 123 6 114 116 22 122 40 5 15 121 6
51 10 44 52 60 76 105 13 69 66 87 79 96 108 67 100
114 90 93 104 85 99 90 73 122 85 114 127 100 107 6 23
118 50 75 50 127 52 64 68 119 23 19 87 3 86 60 117
49 25 93 6 124 56 80 118 13 66 118 113 45 124 8 35
46 84 86 45 8 22 113 127 45 5 87 48 91 19 38 12
44 3 19 40 59 99 31 72 37 21 57 82 17 66 118 63
22 76 109 30 98 94 30 15 99 117 63 63 8 101 75 52
105 94 92 36 65 123 109 102 16 38 57 33 104 47 97 126
123 78 29 93 44 59 108 16 48 43 79 56 17 26 108 122
121 72 30 58 68 11 33 84 50 90 118 26 9 87 25 4
37 54 97 81 113 77 97 33 120 48 89 9 75 69 3 68
13 34 126 81 45 31 38 95 121 28 122 2 115 19 6 24
73 103 105 58 52 75 91 45 123 52 54 70 121 58 10 6
92 9 88 9 40 126 105 34 26 99 36 13 118 43 37 63
18 14 121 71 89 84 116 85 8 42 27 1 100 38 7 64
59 59 52 43 100 93 37 98 97 107 5 32 14 96 24 62
3 48 72 48 69 106 109 119 15 72 104 72 106 94 42 37
25 94 81 126 59 118 96 28 97 101 60 112 69 84 46 72
4 119 121 74 97 102 65 112 46 41 56 24 7 98 61 33
65 14 31 124 4 127 25 102 101 85 86 42 42 4 115 46
123 108 120 92 82 57 76 0 99 5 24 106 103 85 11 40
100 42 37 104 42 62 78 15 19 36 57 61 41 44 108 36
24 100 1 106 30 77 106 1 82 2 107 58 88 119 98 60
33 7 36 75 69 115 90 89 23 20 22 64 64 2 101 89
103 102 67 5 51 46 6 6 48 113 64 8 104 34 68 10
42 105 85 111 92 48 72 115 68 95 52 4 97 25 93 72
127 33 77 50 79 83 56 127 69 120 8 45 27 76 55 69
53 13 52 17 61 125 5 1 92 57 5 61 82 99 6 81
4 83 3 83 39 60 82 108 52 90 25 79 39 81 20 92
94 73 110 27 70 115 28 34 44 33 95 126 4 101 79 8
57 82 91 96 14 46 76 67 8 101 18 47 54 39 12 20
112 122 47 54 109 75 88 25 109 55 23 113 29 102 122 86
56 85 54 71 3 2 10 12 103 28 59 30 67 71 50 51
65 98 105 46 45 65 71 26 121 94 12 22 68 6 108 125
91 34 68 95 36 78 107 11 106 38 41 46 110 92 97 47
62 75 94 107 12 37 6 5 4 18 27 72 24 7 69 115
41 9 82 77 87 61 89 66 100 2 112 82 94 81 1 28
28 95 8 41 5 14 46 9 32 74 81 56 81 23 43 123
32 126 72 120 59 33 58 31 36 42 113 2 123 115 31 24
82 39 65 87 53 111 96 85 57 50 13 11 73 56 6 105
54 78 97 114 112 27 17 20 69 3 22 65 118 53 89 72
92 26 32 17 9 0 102 67 50 115 78 123 44 84 101 98
34 70 84 18 98 102 38 39 105 61 104 95 114 65 39 79
91 71 96 101 72 71 40 122 58 118 118 102 74 91 73 108
33 29 127 3 3 37 43 108 98 19 75 85 85 115 36 48
58 4 21 2 75 61 125 6 51 115 108 125 78 53 106 111
83 105 115 86 14 30 67 113 49 14 70 6 1 106 55 60
31 75 38 24 62 61 79 61 82 74 80 100 118 119 126 63
94 53 88 31 18 110 43 61 24 9 124 65 13 84 89 45
32 127 69 94 60 20 27 15 95 108 115 85 99 113 20 66
38 108 97 56 90 12 117 114 22 113 52 35 70 13 80 102
12 21 68 72 42 96 87 9 76 75 94 47 60 114 113 99
94 82 27 56 95 17 43 117 2 95 24 72 108 105 46 120
126 115 64 40 83 24 49 31 99 15 78 31 1 64 2 95
18 30 24 113 47 67 102 49 34 127 122 14 104 40 6 102
27 70 15 110 94 64 13 65 80 92 97 81 28 99 49 46
1 73 32 48 12 6 98 46 5 92 60 109 4 66 84 32
8 99 14 103 35 28 40 115 120 9 69 20 109 118 66 110
63 98 31 75 105 1 121 110 93 53 92 97 119 48 1 127
19 16 102 54 44 15 42 36 24 111 56 5 101 122 116 36
93 19 111 70 20 104 52 113 29 16 82 20 64 84 19 83
100 122 10 16 9 52 52 33 35 108 39 8 102 27 44 67
46 27 9 66 3 62 51 32 78 5 52 15 89 71 98 61
65 108 77 74 32 1 108 67 109 19 75 84 46 119 23 92
18 33 30 21 95 81 53 45 86 105 60 48 49 31 109 114
11 59 61 44 60 41 111 42 60 59 126 106 50 21 70 69
54 100 90 21 53 16 67 11 121 127 59 42 30 41 29 42
100 90 86 32 3 69 74 63 0 72 41 51 94 111 120 20
83 82 42 8 98 109 19 92 108 79 6 11 120 35 53 92
125 11 124 0 80 71 63 81 15 104 4 109 87 124 2 42
78 44 50 49 25 70 13 5 21 19 16 13 55 69 105 52
80 101 53 33 44 116 114 60 93 118 41 52 114 43 95 64
87 17 113 112 87 126 118 108 18 6 121 73 76 98 125 28
72 50 61 116 39 47 48 4 37 90 56 23 5 23 88 93
41 73 77 0 72 67 109 90 74 102 35 22 73 32 50 17
83 112 5 122 31 54 126 69 16 54 92 21 78 52 114 119
126 64 119 70 3 100 32 77 75 67 99 20 99 22 37 54
6 42 48 37 96 46 106 112 101 71 6 51 123 120 42 121
56 33 63 60 6 95 9 81 34 109 101 6 3 10 60 9
83 29 116 74 10 49 85 126 1 110 65 124 63 23 80 105
82 0 91 5 28 17 75 77 89 27 7 65 117 61 44 73
90 32 19 100 81 104 98 82 86 36 78 22 59 31 127 13
31 90 18 60 108 93 9 69 120 16 6 110 78 50 55 40
82 74 13 35 50 111 117 8 19 68 30 78 99 29 92 2
120 110 62 100 76 71 41 68 88 47 50 38 98 105 78 52
51 91 88 101 75 77 110 94 17 12 45 116 42 9 119 34
119 53 6 67 125 47 8 85 94 58 123 64 36 73 117 87
37 77 61 112 26 43 78 44 55 123 32 97 4 23 3 124
77 9 63 74 56 71 31 23 2 26 87 38 99 76 125 8
25 58 120 52 101 71 96 29 66 0 126 71 24 2 67 101
11 2 47 68 74 78 91 76 104 50 114 75 127 111 84 24
42 76 76 15 19 44 44 86 45 43 29 69 45 96 42 56
98 89 124 44 39 87 120 15 10 106 90 9 90 46 33 4
123 110 19 14 26 64 100 71 107 1 12 24 97 54 80 68
15 77 112 54 36 105 69 46 83 32 55 45 78 89 49 73
71 69 88 97 5 60 41 112 62 53 8 31 108 88 99 123
37 84 50 74 61 119 120 16 23 48 62 102 9 111 47 80
52 7 49 57 68 90 41 2 16 49 33 124 10 5 119 47
89 41 121 22 33 114 38 56 34 100 30 43 84 78 123 8
85 44 66 25 7 107 27 23 29 61 19 39 66 10 86 27
52 80 49 85 66 87 13 100 60 44 15 16 122 10 24 79
54 90 105 61 70 4 84 99 65 103 10 3 114 96 30 38
48 79 123 114 39 8 86 99 52 101 115 46 111 11 126 38
102 103 99 44 107 56 15 45 31 25 48 17 121 79 55 42
30 50 28 69 59 115 40 111 88 27 30 72 39 28 110 13
3 81 57 110 9 72 27 41 97 76 58 90 27 114 4 57
36 33 127 95 20 39 79 108 67 109 52 106 9 34 119 12
116 48 122 125 120 22 38 89 98 97 51 125 83 56 54 119
89 53 87 109 93 38 89 32 19 14 10 28 48 1 40 36
49 34 34 41 56 72 2 26 41 53 23 124 109 78 116 70
3 75 51 96 113 13 0 4 27 10 32 75 11 72 112 60
84 85 124 48 45 8 85 63 126 25 109 43 71 71 28 99
88 127 79 22 93 71 63 16 45 100 13 85 127 9 84 83
94 80 3 12 88 88 75 86 113 57 2 57 0 30 28 88
29 107 110 123 51 45 11 96 18 25 54 17 34 10 100 0
91 103 12 51 63 88 10 49 17 12 106 17 42 6 106 72
113 88 67 36 6 78 5 24 103 59 41 9 69 13 10 32
116 22 84 51 110 94 100 127 106 78 17 20 84 123 92 70
83 31 106 89 110 111 113 85 42 26 95 112 39 105 16 27
127 100 79 110 66 51 109 44 2 126 65 86 121 29 28 77
61 7 38 43 118 24 0 33 50 95 17 90 72 33 117 72
6 68 54 72 120 35 117 122 34 54 80 27 83 109 104 16
116 15 59 106 39 60 11 89 27 28 51 100 62 41 44 68
109 98 12 101 5 1 95 39 55 48 67 11 29 43 27 17
58 87 123 97 19 7 59 46 35 110 18 97 23 62 37 5
32 50 106 38 51 74 77 107 122 16 118 23 60 17 40 118
104 35 88 123 42 19 42 78 1 60 47 25 123 85 30 27
7 8 65 58 82 15 37 76 31 27 99 91 45 11 82 21
47 42 17 89 61 59 39 62 119 87 87 114 44 117 14 51
126 79 109 80 94 19 29 126 46 0 89 91 12 43 113 59
85 2 20 18 61 60 81 52 19 40 39 63 30 53 114 28
4 95 108 99 114 9 97 33 10 58 124 22 102 109 81 59
111 101 78 44 33 31 97 52 71 8 115 101 61 101 1 65
69 110 36 55 119 5 88 1 64 85 23 38 66 104 97 50
78 47 94 111 78 63 36 22 71 23 123 4 125 125 70 66
107 106 121 98 112 82 100 48 39 123 86 105 100 55 27 50
103 122 33 53 57 69 75 1 93 71 5 90 68 75 28 47
54 21 17 38 103 117 86 14 113 44 120 85 99 19 7 74
13 40 0 71 110 75 72 75 18 77 37 86 25 65 5 79
86 23 117 62 12 75 76 125 119 68 82 90 88 89 37 101
2 37 44 112 112 116 59 3 66 96 89 91 33 95 42 119
118 31 53 2 106 2 0 97 70 82 59 30 44 96 4 46
5 48 30 118 37 89 121 103 57 82 66 90 49 108 81 39
