10 22 102 37 2 10 94 92 78 101 87 54 30 62 17 36
118 33 49 71 4 87 97 39 21 58 88 59 14 114 89 24
8 64 62 11 74 28 103 25 1 62 79 31 125 96 67 115
1 117 59 5 76 28 44 97 86 5 28 100 119 118 125 0
54 59 11 0 87 114 25 88 48 104 120 45 73 59 33 74
48 92 80 124 120 124 93 79 1 122 51 121 112 48 121 38
107 4 38 66 118 64 27 38 40 19 84 113 78 117 60 127
81 12 123 73 8 89 24 10 83 76 3 67 124 124 105 104
0 15 42 118 79 69 28 120 88 112 105 39 101 37 38 54
49 33 0 58 122 24 68 77 100 71 16 97 67 121 73 67
9 115 57 88 57 85 80 17 70 58 56 43 95 94 98 17
0 98 75 122 122 15 72 95 86 88 64 25 82 9 92 91
124 21 51 53 106 4 71 48 62 127 92 29 94 62 46 94
32 121 88 26 8 32 121 94 121 57 119 75 66 83 38 63
104 89 116 83 93 59 3 27 59 95 57 25 29 103 119 61
97 79 88 105 112 81 72 105 11 63 52 77 19 90 12 123
51 1 78 17 60 82 44 119 49 101 16 79 77 7 12 46
87 100 23 71 54 95 48 65 31 100 14 50 62 27 45 113
28 124 2 88 78 47 80 127 20 96 78 97 104 91 15 63
63 39 6 117 6 54 54 37 26 69 87 88 96 5 73 124
1 76 84 79 123 36 78 15 5 29 113 109 120 0 44 55
39 50 45 46 104 99 83 2 40 43 90 8 48 35 4 49
111 89 0 106 125 78 122 2 107 107 111 99 107 27 27 19
77 72 65 53 43 20 55 84 63 17 92 111 53 97 32 36
58 32 15 55 111 9 58 90 116 41 62 95 69 89 114 18
33 51 72 76 72 127 32 7 17 125 119 70 94 23 106 24
56 121 79 39 2 9 1 118 51 63 86 120 24 72 10 57
124 82 6 68 82 38 75 99 35 66 41 1 90 19 25 18
13 105 57 15 114 58 6 37 122 92 29 18 36 40 76 32
122 82 100 76 120 48 47 28 114 88 29 76 108 55 94 121
32 23 8 18 82 14 56 76 106 85 94 15 125 42 47 120
124 20 68 117 68 116 17 54 76 46 3 56 101 97 49 5
81 60 65 72 58 114 5 120 81 88 72 124 58 65 92 96
80 36 67 90 44 93 79 31 112 72 86 14 107 125 32 61
57 97 5 116 83 10 108 37 98 52 33 29 118 125 125 70
34 64 33 78 29 112 109 13 56 68 27 36 65 60 97 123
29 102 111 113 113 91 22 83 16 55 112 6 53 109 76 87
46 109 37 75 93 19 89 22 87 116 58 24 48 27 19 78
1 2 63 114 94 85 70 110 12 54 116 65 36 64 24 82
46 62 29 11 81 118 33 40 107 91 64 27 118 84 105 120
86 40 106 52 125 48 34 10 103 22 75 11 87 100 93 5
34 122 16 115 113 50 27 92 13 91 119 4 47 97 124 6
9 102 58 7 23 93 17 126 115 92 9 74 64 102 79 98
96 96 85 81 18 112 45 31 76 37 35 123 6 31 1 15
6 60 22 29 25 39 27 12 4 36 87 68 10 38 39 106
6 124 60 24 109 105 56 57 14 91 52 20 123 54 36 1
114 58 30 11 98 57 23 102 93 110 42 103 21 81 81 27
78 13 52 59 119 108 116 5 71 40 26 66 94 62 67 80
120 97 91 90 26 115 64 119 97 107 94 118 60 48 18 10
61 70 69 52 50 57 58 121 98 84 60 64 18 127 17 10
97 108 101 123 95 37 115 65 16 81 55 77 1 73 87 63
15 29 115 65 86 45 59 56 1 119 121 19 118 10 30 87
118 3 83 86 40 70 23 57 23 78 6 25 24 93 88 39
122 75 105 81 121 36 9 122 27 2 14 17 12 44 105 3
47 60 89 87 2 112 16 25 62 22 50 86 116 10 126 110
86 103 63 79 11 73 73 38 75 87 55 88 3 32 91 50
92 52 10 94 36 26 120 98 49 42 57 37 53 55 19 11
30 83 90 41 28 35 79 103 123 6 63 126 39 26 49 3
78 59 98 114 85 90 85 6 4 14 43 57 69 63 68 99
18 30 12 46 66 91 21 61 97 85 59 8 111 108 12 62
39 110 48 125 72 5 3 76 19 47 6 88 110 74 59 0
105 71 46 43 34 67 104 4 24 35 12 8 16 24 70 55
6 118 52 78 124 56 27 15 103 33 104 85 107 35 85 84
107 3 127 13 70 103 17 95 11 30 103 27 54 45 82 61
41 12 77 84 89 58 68 73 19 77 111 53 59 65 78 35
32 107 63 100 67 27 87 11 69 21 126 16 87 96 18 0
108 96 84 69 26 24 14 45 102 126 98 33 63 49 68 95
28 3 68 95 31 27 107 100 48 105 116 7 73 6 7 54
102 92 123 0 116 10 46 90 8 16 123 71 65 63 39 93
67 107 61 98 6 40 70 55 17 58 62 91 64 70 17 39
34 12 39 22 22 85 113 30 102 108 102 39 44 13 5 111
120 66 81 126 106 23 53 123 81 116 86 17 58 103 56 92
116 96 114 10 53 99 41 27 80 15 67 124 28 72 107 20
10 60 18 116 83 72 111 36 60 70 53 118 45 110 82 33
78 68 44 3 40 85 31 120 100 98 116 0 42 95 20 52
27 38 40 110 110 23 18 42 93 71 32 11 53 114 44 3
55 88 7 95 45 38 87 17 8 75 17 50 42 37 102 69
76 14 51 58 37 69 101 3 12 5 14 66 120 58 69 47
19 76 14 64 114 101 82 122 48 99 44 90 9 18 31 85
32 82 15 70 23 116 73 35 122 87 101 114 17 43 33 36
119 47 101 106 20 55 100 68 26 17 30 35 35 61 120 68
15 8 10 38 124 83 73 118 42 47 104 59 90 9 96 81
56 69 59 76 124 32 16 22 49 46 58 84 107 50 24 122
58 34 32 55 117 106 45 31 25 22 91 115 31 59 68 88
0 0 36 124 32 53 18 81 99 76 37 79 127 62 73 57
96 106 112 86 84 30 117 109 52 80 96 83 11 36 43 11
36 80 7 68 5 26 21 104 102 59 55 101 121 1 31 89
107 15 47 63 45 37 44 97 117 12 53 1 48 96 12 85
48 20 25 53 46 47 30 20 106 85 122 99 86 25 60 65
40 108 0 86 17 44 55 6 56 108 7 105 77 20 62 125
40 87 51 86 6 81 106 112 38 100 83 125 125 16 62 38
124 63 124 13 107 51 19 36 32 27 13 109 47 75 106 87
34 29 45 41 110 23 25 21 124 109 18 121 125 80 31 121
15 27 6 123 79 25 31 111 52 44 92 99 119 70 58 25
100 103 66 82 127 92 103 123 73 121 116 70 74 20 63 89
47 69 84 126 94 115 109 19 31 73 118 22 16 49 48 116
78 74 76 98 6 77 50 78 101 11 111 18 42 115 22 63
27 113 107 66 5 88 106 70 10 55 18 112 37 115 53 116
61 1 86 68 78 8 18 52 19 1 70 61 116 92 124 15
78 104 81 83 64 59 25 75 114 43 59 24 31 112 12 92
113 98 32 64 107 50 116 126 51 58 60 39 23 56 55 101
32 8 56 97 68 82 44 54 125 103 78 28 87 90 121 72
61 25 8 40 76 124 38 127 55 98 39 78 27 94 51 59
102 107 28 42 61 72 97 59 47 47 87 6 10 80 79 71
106 87 111 54 84 21 53 11 120 92 89 19 58 12 78 33
119 107 75 53 51 44 112 99 92 71 105 102 24 56 45 2
16 28 56 100 49 109 111 41 74 72 60 4 84 11 37 75
118 113 0 41 29 112 12 121 56 118 95 80 46 12 82 62
40 10 34 90 119 17 3 65 89 64 70 45 75 107 121 65
92 121 106 122 106 119 115 34 109 83 114 27 95 68 90 8
78 124 98 69 14 101 7 103 37 77 21 112 56 14 49 21
7 28 15 113 19 2 19 0 85 5 27 53 73 117 61 23
114 31 93 0 4 100 103 42 49 124 26 105 10 76 126 18
104 13 3 123 16 23 123 101 28 22 26 102 12 87 125 126
118 90 126 123 62 101 37 111 98 63 89 108 11 87 126 115
101 2 110 117 25 105 90 53 0 117 27 12 76 25 10 67
115 8 62 50 109 99 33 79 34 122 60 46 82 58 33 55
60 16 44 85 121 6 11 121 123 38 5 72 63 15 11 51
23 73 101 5 44 6 84 78 1 16 124 83 75 30 10 7
46 54 93 39 60 104 33 56 14 38 0 78 54 11 1 77
84 102 82 0 108 39 78 109 55 75 64 2 105 74 10 23
0 103 62 61 79 95 117 93 6 117 43 60 0 44 9 84
18 92 84 127 3 34 108 58 109 45 61 86 119 71 109 120
46 44 53 125 11 42 90 17 31 6 77 31 50 87 115 69
51 71 68 54 105 48 112 87 93 45 45 85 116 27 77 34
71 2 31 82 44 122 100 75 0 49 106 50 8 93 119 59
36 59 113 13 108 98 100 73 15 18 30 4 45 107 38 116
109 70 70 25 64 42 100 64 92 78 114 100 43 106 32 79
35 92 10 59 108 105 32 54 3 3 127 23 12 110 86 17
17 58 7 120 90 57 54 38 64 1 11 100 101 39 65 8
3 75 67 112 52 99 38 55 103 37 79 115 20 37 5 37
95 12 29 58 70 83 96 6 85 107 106 58 19 43 66 22
118 6 6 42 105 44 98 80 82 49 68 102 86 73 11 53
85 40 111 27 124 80 34 81 59 12 11 78 56 77 101 46
83 107 89 61 24 59 13 106 108 81 80 66 26 91 119 112
3 103 11 127 55 45 80 114 58 91 65 114 41 38 32 124
17 121 57 41 52 71 19 32 24 99 98 51 62 90 35 66
65 46 65 120 92 18 106 22 109 43 8 22 81 40 19 99
34 76 12 86 19 32 119 44 3 89 95 66 51 2 4 116
48 69 108 12 87 87 34 69 2 42 91 84 83 110 55 117
59 67 75 78 99 66 122 103 28 89 41 79 91 45 68 12
114 48 24 74 7 59 15 10 101 106 94 56 89 21 45 20
88 121 98 60 59 93 35 87 54 76 39 18 121 107 30 107
27 54 53 35 113 68 45 87 47 11 15 8 32 61 28 120
54 126 52 113 91 87 73 18 35 112 36 28 91 66 8 118
120 61 25 106 2 70 65 49 81 80 57 113 13 85 106 67
83 30 53 47 118 126 65 25 110 101 54 73 39 62 63 31
123 89 9 125 31 74 46 113 27 103 98 40 60 76 108 16
107 33 63 97 31 0 122 13 101 48 86 12 110 21 43 106
110 53 103 14 127 22 127 26 125 97 67 58 46 47 74 25
80 9 122 111 9 116 124 110 37 82 122 19 103 37 125 86
90 101 100 90 123 99 116 120 68 55 50 114 102 124 11 54
5 5 37 14 122 33 124 31 115 118 50 91 28 48 49 118
21 21 80 16 120 69 8 60 124 59 47 99 55 58 25 61
64 63 75 58 96 72 89 84 62 11 47 90 59 96 81 80
117 33 96 109 102 105 41 99 36 88 70 91 19 95 24 83
30 100 13 127 44 102 83 106 113 2 69 45 98 22 125 87
55 94 68 30 71 109 1 107 70 71 70 89 38 95 44 69
67 57 68 111 31 23 89 16 25 30 61 123 52 59 82 108
25 22 10 96 3 11 75 73 82 17 34 120 112 78 61 51
97 91 86 35 39 17 35 127 12 44 41 117 76 44 103 98
121 27 78 115 44 101 100 51 115 82 17 117 75 63 109 44
26 67 80 65 84 115 64 97 31 106 86 108 22 61 78 16
88 28 3 5 1 104 56 116 58 73 105 5 8 87 49 35
26 1 100 111 117 37 80 20 15 38 0 37 99 78 53 60
106 57 65 108 33 121 96 91 67 74 96 75 33 17 110 59
19 83 42 8 120 122 28 7 32 29 44 4 107 98 64 86
27 1 66 60 122 34 23 61 108 119 9 13 8 119 73 27
74 115 35 66 110 64 73 14 93 118 18 72 88 82 30 115
83 96 47 78 3 70 11 111 61 20 125 69 12 70 97 86
57 4 25 39 68 98 54 33 88 72 106 48 27 8 35 110
105 82 60 108 24 72 91 85 92 88 27 104 30 124 63 88
0 88 127 69 58 53 102 19 126 80 67 25 89 103 7 66
57 68 46 82 12 9 39 104 98 66 81 0 62 16 88 63
104 88 4 34 13 106 53 11 59 121 36 20 96 44 86 25
112 4 107 124 13 19 100 111 85 53 112 20 69 72 83 45
32 87 80 46 65 5 57 124 126 94 16 94 10 102 120 122
106 99 118 120 118 90 103 76 16 87 96 85 32 51 3 64
10 83 110 75 88 40 72 87 6 88 53 16 63 45 10 41
17 0 33 7 90 9 83 106 96 51 64 0 102 67 65 112
22 47 60 110 87 4 69 93 92 123 109 27 40 119 69 57
119 102 65 82 111 20 60 80 72 124 80 46 63 17 31 85
65 91 68 24 95 9 118 59 4 99 87 45 91 28 102 82
2 39 36 114 60 97 66 4 93 18 50 29 36 81 114 101
44 54 125 11 64 115 71 68 87 30 113 50 58 88 4 60
127 41 46 59 10 112 63 103 3 114 4 39 67 119 12 112
45 9 123 109 125 66 50 84 96 35 6 26 123 10 87 123
51 5 54 61 118 118 37 121 104 41 32 43 32 44 27 78
53 23 59 50 89 109 6 58 17 12 84 12 23 43 7 74
49 62 8 39 52 45 32 28 86 64 71 119 108 99 69 33
122 0 84 83 110 90 13 127 103 98 11 126 13 19 72 62
81 80 101 5 125 5 33 84 69 104 75 49 75 16 83 69
37 106 45 57 107 57 113 2 61 101 65 24 67 101 26 49
97 25 101 14 53 85 28 67 120 87 62 67 36 50 67 73
28 113 2 8 42 116 10 103 89 75 127 29 48 25 78 17
51 51 32 104 8 60 43 1 19 106 68 55 28 7 1 57
120 3 65 34 119 75 10 81 22 9 110 71 35 60 88 86
112 120 62 120 52 105 121 72 83 61 127 112 69 0 41 61
4 106 96 123 53 106 76 75 115 58 18 22 119 107 108 103
99 42 95 24 20 89 96 103 22 95 87 91 96 0 25 100
106 121 95 31 99 44 107 86 102 125 109 93 104 89 68 76
4 36 100 24 125 68 127 19 35 87 111 3 87 8 103 66
1 71 97 100 115 76 58 89 74 39 55 50 1 123 126 5
31 98 29 28 38 28 48 74 115 31 77 75 39 53 13 40
124 110 12 111 59 70 72 5 110 127 55 111 123 54 116 26
24 17 55 63 45 103 9 33 6 86 108 45 11 121 85 7
103 97 118 34 39 63 39 21 62 95 4 57 21 120 84 45
9 11 108 55 114 117 88 120 76 68 37 87 61 122 95 36
91 85 71 2 20 110 24 83 77 28 12 98 21 96 16 30
107 124 85 93 114 45 85 62 113 122 21 46 116 116 83 79
74 26 82 94 8 106 49 86 6 62 56 27 30 72 58 10
69 15 103 55 61 61 117 46 55 10 93 44 127 48 123 73
74 77 39 82 55 89 40 62 23 97 89 53 41 19 63 110
35 39 37 96 100 26 14 27 37 107 71 36 27 67 109 101
16 20 56 72 109 96 6 4 65 95 58 107 115 121 89 22
32 127 118 4 25 4 32 62 112 103 98 11 42 79 113 59
100 41 3 81 9 9 86 75 104 16 54 91 9 15 113 42
14 103 46 40 108 78 102 92 54 73 103 96 24 88 27 124
1 30 78 11 39 36 86 16 52 12 107 61 27 93 103 42
68 22 82 48 100 56 12 26 1 116 123 26 76 22 22 78
53 100 89 92 8 47 108 60 59 88 122 86 53 97 0 121
119 82 42 92 11 54 118 12 42 113 38 119 8 61 69 61
33 30 25 42 77 6 102 8 94 96 94 19 66 95 12 57
49 54 21 60 109 12 73 23 125 111 14 5 44 83 66 78
95 14 5 49 56 21 75 14 50 2 124 93 105 127 54 28
105 3 101 57 69 118 102 7 55 51 50 47 61 48 47 29
63 52 78 119 73 25 5 124 28 1 89 5 1 15 33 106
18 6 35 88 125 9 95 52 60 17 99 122 66 18 23 1
71 101 120 16 127 125 12 27 126 101 32 127 116 65 105 7
71 13 95 68 22 62 120 83 79 91 77 17 110 100 18 53
73 10 69 72 7 82 99 6 55 3 5 44 68 111 51 12
124 18 80 18 80 73 101 31 36 50 49 18 22 67 71 96
78 13 40 85 95 12 91 22 15 97 66 84 80 117 96 76
7 48 94 87 121 68 119 30 118 40 48 13 107 120 109 57
5 21 15 100 33 106 122 49 75 61 5 27 50 101 103 58
21 70 17 15 10 8 45 0 48 93 13 28 85 122 85 90
16 100 62 49 79 57 98 26 118 103 54 40 76 29 98 98
99 116 113 109 124 30 110 45 123 123 73 81 118 30 43 6
3 106 55 82 35 26 108 25 1 34 65 78 64 36 48 35
24 33 17 20 63 127 65 58 122 10 11 112 41 55 118 44
33 46 126 68 72 106 93 73 13 30 23 77 66 71 112 90
104 1 111 39 0 48 98 123 59 109 107 100 36 98 16 69
16 14 9 88 120 102 33 5 5 57 82 71 0 67 34 105
68 17 16 69 65 114 64 124 96 43 96 4 13 112 74 29
126 83 117 119 58 23 124 63 80 79 6 80 18 40 57 86
57 74 27 123 60 91 119 28 7 88 33 20 72 107 50 71
62 39 62 120 62 58 55 14 9 62 95 27 102 24 114 32
98 13 27 31 105 18 59 112 106 92 4 51 71 54 122 6
94 56 126 28 114 54 43 124 116 10 23 90 34 9 122 5
23 21 36 0 40 95 112 18 60 116 69 3 43 63 9 9
119 8 37 106 62 80 102 50 90 125 12 125 7 7 2 30
28 38 30 68 5 14 87 65 2 28 69 45 92 78 54 83
86 92 61 20 44 35 70 7 33 83 4 40 90 6 70 118
44 100 59 49 114 18 115 116 46 56 34 10 6 88 94 93
52 27 113 97 63 56 104 96 11 108 8 101 114 78 91 30
50 22 79 36 40 66 24 87 122 58 97 1 19 63 94 71
103 93 64 10 34 60 85 29 28 8 75 74 23 54 14 30
53 60 68 17 9 122 71 68 55 25 6 42 67 53 106 43
19 42 53 53 102 10 82 3 18 29 77 41 83 91 72 8
24 12 25 33 7 96 101 62 121 107 104 61 33 82 104 52
125 29 105 99 39 60 102 57 89 51 98 45 15 42 53 39
55 79 72 62 47 46 124 41 25 101 102 58 55 78 110 52
107 88 24 18 20 126 75 109 50 45 26 65 88 80 104 15
31 48 77 78 94 73 119 120 46 93 50 102 43 33 26 22
121 50 40 13 49 115 122 99 33 21 36 121 101 12 8 4
60 85 82 27 30 74 19 77 39 69 51 83 102 77 105 95
0 18 108 49 5 103 20 38 124 56 31 97 68 39 101 0
124 55 27 27 1 46 104 41 116 27 124 90 104 101 58 104
119 38 25 125 13 45 35 9 101 67 106 41 106 79 42 103
7 69 2 8 116 106 49 104 5 45 66 109 19 124 86 10
35 111 7 48 29 43 58 2 110 36 44 88 116 86 63 123
27 65 3 15 43 53 119 48 98 58 30 117 54 116 0 89
99 7 10 0 50 68 3 32 104 47 121 92 5 56 87 32
122 91 48 37 16 39 86 114 97 116 104 24 104 104 113 75
111 123 76 34 63 79 66 40 126 59 4 3 116 92 35 110
55 83 19 71 123 105 57 92 93 33 116 69 9 102 17 121
97 93 27 33 44 93 73 42 25 77 45 13 41 80 123 96
36 14 39 31 120 97 123 85 2 112 27 12 86 44 5 55
9 32 88 53 125 33 95 22 111 12 35 24 92 30 121 0
45 32 31 37 1 27 122 4 11 21 16 97 65 21 24 74
53 113 127 50 18 94 73 1 106 108 26 71 11 19 71 56
51 103 93 53 2 87 57 13 109 73 110 46 94 6 121 19
119 120 69 10 87 14 11 65 123 37 8 6 56 80 62 108
55 27 33 57 114 90 70 95 35 52 14 1 58 7 20 50
127 89 60 86 104 71 24 99 109 32 105 37 112 39 17 39
66 50 96 52 12 38 20 47 90 34 48 21 41 68 71 40
30 3 127 6 74 23 105 55 55 82 93 40 121 110 79 59
33 48 111 45 86 3 93 49 37 13 70 78 82 13 119 112
65 97 87 63 10 114 100 49 114 69 47 2 16 95 101 88
5 50 85 98 121 53 67 81 79 66 7 24 48 65 92 113
34 51 48 44 38 21 94 24 90 13 26 106 108 127 67 113
50 24 83 43 78 23 124 29 89 4 54 9 69 18 122 103
70 43 19 108 64 113 4 26 126 30 4 106 29 71 92 79
96 47 122 46 70 119 75 32 123 1 41 64 20 36 39 90
79 58 70 15 44 74 41 42 104 45 21 5 117 113 85 85
32 79 3 103 70 78 7 65 80 48 1 100 84 40 62 35
99 4 50 15 78 91 57 54 9 78 59 126 63 16 83 96
96 86 71 38 36 78 104 116 126 105 88 83 18 22 118 117
26 41 4 104 4 61 30 13 12 90 11 75 106 94 43 74
52 114 113 89 64 89 77 63 66 38 18 84 60 8 73 87
49 77 63 54 11 94 67 23 56 79 98 34 45 14 109 98
0 94 59 65 55 8 0 121 46 18 78 107 26 23 66 76
101 1 2 112 95 69 7 23 20 105 58 66 119 39 36 120
5 95 57 60 103 57 53 22 75 3 1 101 27 67 49 0
68 51 112 36 121 119 59 13 96 117 79 88 28 115 80 33
82 9 93 58 66 19 80 13 22 81 114 49 20 36 49 88
87 33 124 80 24 56 94 121 45 45 81 74 33 33 107 115
42 73 45 108 92 125 121 114 78 107 36 98 15 85 59 103
119 55 55 15 111 21 8 29 67 89 103 100 122 82 87 36
27 5 16 119 2 9 106 81 117 14 51 4 99 110 107 90
38 35 106 21 56 114 50 123 76 25 95 70 108 55 107 7
60 123 127 62 5 105 15 122 119 67 126 90 49 106 53 87
13 31 109 69 17 31 65 93 57 32 36 37 87 15 44 19
10 43 82 15 20 97 9 11 36 8 102 86 114 27 45 127
58 26 68 75 58 5 41 115 38 77 24 125 92 68 17 102
112 99 118 4 68 127 16 105 7 118 63 121 17 108 120 75
7 61 22 65 66 63 52 104 12 76 102 104 16 119 79 0
90 69 5 30 68 21 7 76 11 70 69 28 51 62 103 58
123 125 123 61 61 47 38 73 123 12 50 11 3 1 12 93
70 17 123 10 38 3 86 49 73 28 77 124 90 52 54 85
