28 84 55 104 5 20 123 121 85 119 125 49 100 92 31 48
80 43 67 55 102 44 40 14 38 7 92 42 12 51 95 40
7 22 16 13 43 12 6 0 3 3 49 104 96 80 24 48
123 91 103 98 7 15 112 46 22 76 88 34 0 56 75 7
78 91 20 121 103 26 121 107 30 42 83 126 122 107 46 118
70 21 88 78 37 72 124 59 20 84 94 20 12 41 28 91
4 48 84 108 75 78 87 105 120 42 103 115 21 21 105 91
42 65 41 79 9 37 11 29 122 105 50 6 18 78 97 22
126 54 2 73 4 89 50 124 3 25 111 24 46 88 116 89
25 29 40 34 67 51 64 61 28 114 67 46 64 37 69 62
91 71 8 95 33 58 91 36 84 75 61 2 35 49 91 61
78 4 95 17 55 31 78 84 17 18 2 81 55 71 16 18
15 24 113 48 82 76 84 38 23 17 41 59 66 4 120 17
8 87 34 64 119 113 20 8 3 22 90 58 94 106 76 109
2 61 29 84 9 113 123 33 3 36 92 69 40 84 86 49
43 121 113 34 106 5 43 109 27 5 39 121 111 115 102 113
48 3 69 57 117 64 90 120 100 54 61 13 10 20 62 54
13 47 88 119 52 3 100 79 8 11 73 119 126 47 104 46
51 46 103 40 110 66 32 83 120 93 96 3 113 30 57 126
77 17 117 1 21 89 80 29 100 25 21 98 73 125 16 124
43 120 36 26 58 68 109 50 33 77 53 19 107 110 17 56
0 7 57 21 96 9 50 69 35 71 39 108 69 56 104 112
48 12 10 106 80 119 28 113 68 82 4 47 64 22 103 64
29 32 85 125 42 8 66 77 79 106 57 20 34 33 5 82
45 15 60 125 7 88 110 75 42 115 123 107 9 98 43 38
3 1 35 45 9 102 122 88 80 51 109 114 84 114 68 1
1 0 126 8 88 108 84 3 95 79 110 104 49 25 14 52
26 50 97 35 24 91 124 104 14 105 90 98 91 30 99 92
30 97 101 118 78 57 121 45 8 103 22 57 1 36 110 27
86 79 63 110 43 59 86 57 36 48 28 127 78 127 91 108
97 64 99 47 121 92 92 1 68 114 59 69 23 41 96 109
120 31 92 35 90 50 93 126 99 121 125 49 120 89 30 89
102 120 70 33 54 48 20 84 38 71 88 31 71 1 66 64
45 83 50 95 26 72 69 117 9 122 111 37 63 119 87 37
111 29 70 37 78 91 121 116 34 82 20 106 83 86 42 1
42 92 96 68 37 38 58 46 32 41 83 95 32 42 4 15
72 74 52 22 37 46 10 72 0 30 50 83 117 92 84 31
57 53 99 94 91 29 12 123 71 95 90 103 9 94 119 81
40 43 103 78 89 114 22 89 16 72 45 5 36 1 36 93
54 8 59 17 37 71 12 108 38 102 84 48 68 75 1 109
118 105 59 80 91 81 41 107 25 86 113 61 88 21 27 14
29 86 32 67 30 44 47 68 19 3 116 87 78 118 68 69
95 127 21 58 80 62 37 105 21 22 39 109 44 66 123 73
24 27 12 54 72 60 123 91 63 111 50 14 101 119 83 68
118 104 126 71 38 36 48 59 58 87 40 102 25 36 48 50
63 60 104 7 120 99 98 56 83 21 70 56 12 25 125 2
1 123 73 39 31 122 99 90 81 11 64 107 47 112 29 111
45 5 118 37 105 89 93 60 110 35 116 122 60 113 124 61
109 70 101 12 64 72 102 17 83 39 124 3 23 25 114 68
31 104 106 8 65 71 68 47 107 56 41 39 42 38 101 23
108 74 35 44 18 10 61 101 49 58 104 72 83 90 13 114
67 119 122 4 62 62 52 41 119 93 81 33 3 54 56 111
0 91 27 18 101 89 119 22 19 96 95 102 58 108 89 125
99 83 2 33 18 54 75 9 19 28 42 23 82 98 6 82
61 34 100 35 123 91 57 14 59 24 116 118 4 77 115 103
33 117 9 51 43 84 60 63 112 102 86 66 72 92 20 5
126 120 40 121 83 98 7 15 122 124 5 127 73 120 102 106
110 111 29 25 67 89 88 51 63 46 117 7 11 9 13 9
1 53 3 85 23 10 100 18 6 105 17 80 97 119 58 79
103 88 105 42 49 65 94 113 112 83 120 123 93 5 4 94
59 7 51 82 18 23 100 24 0 117 104 98 109 35 49 84
123 26 126 44 92 92 29 76 48 22 71 13 27 75 107 86
83 31 41 101 54 13 125 55 3 102 25 112 9 74 68 4
101 66 48 65 31 78 13 79 100 84 92 127 31 71 86 114
101 100 97 105 95 73 61 26 71 23 29 81 101 21 90 119
74 113 51 68 63 42 20 121 37 26 19 1 91 12 52 64
112 21 41 79 94 102 105 37 125 7 118 98 28 81 89 102
66 13 43 2 55 63 123 92 89 14 94 52 26 18 116 11
39 29 90 5 3 68 42 0 75 32 99 103 113 60 77 52
73 120 54 1 56 49 93 17 63 59 70 90 77 58 101 116
88 63 121 91 3 35 92 78 68 63 53 53 123 3 105 69
123 31 70 51 80 35 69 16 95 11 106 44 69 79 33 29
14 26 121 18 62 85 96 2 20 22 55 15 25 33 84 20
64 26 72 17 62 13 33 29 24 11 73 93 90 106 123 104
5 116 122 67 73 91 69 93 113 124 108 10 29 65 30 94
91 102 111 25 115 16 54 11 27 0 105 117 106 100 93 111
88 88 50 33 51 119 126 36 116 106 46 17 43 76 111 7
51 94 32 38 110 87 50 9 87 27 126 65 127 92 49 87
52 99 120 103 91 118 11 79 96 57 96 12 5 80 19 56
46 51 95 29 10 17 38 97 44 37 35 43 1 84 2 53
55 122 28 18 112 39 97 80 96 66 92 101 18 111 30 64
35 125 93 45 14 4 15 58 41 50 101 42 6 103 95 61
97 123 80 81 34 49 33 2 115 126 103 5 109 5 70 16
2 35 62 16 39 77 74 80 127 47 122 5 22 89 66 119
84 18 72 118 68 106 120 55 104 96 61 85 101 3 102 104
38 36 120 78 113 67 30 112 114 25 117 9 114 55 0 71
74 73 61 14 51 54 69 27 22 2 112 123 5 86 99 44
122 92 122 107 31 24 91 17 49 80 26 36 8 27 107 82
100 40 96 23 94 37 50 116 40 34 112 45 121 83 89 115
47 83 95 78 108 58 96 29 11 122 65 19 21 44 101 121
85 69 16 51 106 66 40 18 101 24 64 94 107 25 81 27
109 48 105 89 107 73 118 118 68 56 9 89 100 110 83 57
51 99 109 29 38 21 48 11 45 112 105 24 9 58 51 118
107 29 79 86 102 70 76 42 126 85 4 98 67 87 28 118
58 9 19 96 30 67 107 75 51 84 99 61 15 23 51 122
52 3 80 26 73 28 69 71 113 73 41 52 32 69 42 90
99 5 63 48 34 75 69 121 88 76 3 18 126 116 75 121
30 88 104 28 59 18 39 94 27 117 30 12 98 6 35 69
11 98 117 45 46 59 38 6 7 42 24 6 30 99 127 60
59 103 89 118 121 0 85 21 117 115 33 87 121 68 29 5
38 18 50 84 77 89 90 85 3 115 91 33 86 90 94 18
65 55 8 58 55 93 79 44 81 112 4 74 52 33 79 91
51 2 47 1 91 10 86 94 125 49 127 83 11 93 101 76
20 110 6 75 75 86 120 28 70 124 103 123 29 54 86 80
56 5 81 19 15 39 113 12 88 113 96 99 78 69 47 99
51 54 46 127 12 38 27 82 34 2 77 63 57 35 16 113
41 97 5 56 9 118 69 97 103 37 69 54 106 116 25 30
42 71 29 54 110 56 9 16 59 86 80 116 122 96 101 35
65 106 91 74 97 32 44 72 69 113 126 48 101 23 78 16
95 107 70 77 35 79 93 94 38 45 82 32 13 56 67 79
34 30 25 3 63 69 76 4 54 74 52 28 98 2 44 65
109 114 14 17 66 107 111 104 25 66 8 38 122 75 117 28
105 15 32 40 84 108 45 11 54 97 39 24 100 83 89 81
69 103 98 7 83 82 111 108 20 119 18 14 66 8 42 44
23 74 84 107 54 1 118 109 99 29 5 71 112 95 24 54
70 123 61 25 77 45 5 97 36 24 111 103 32 25 19 55
100 103 34 26 105 25 7 76 54 13 19 39 108 43 93 50
38 26 76 115 71 81 84 108 105 67 83 9 93 102 64 65
77 99 91 54 124 99 2 50 112 21 89 92 65 54 14 103
81 90 91 24 44 47 4 21 115 87 31 80 61 95 17 11
66 108 65 62 79 68 113 63 89 74 27 26 1 42 2 82
4 93 106 48 12 111 70 127 70 101 79 4 68 96 15 7
77 80 69 28 20 54 92 110 1 119 8 2 33 10 84 38
103 62 86 116 45 28 115 116 1 67 120 70 35 7 77 112
87 18 13 108 73 105 90 74 96 98 76 2 109 32 40 84
94 126 72 12 27 60 0 28 127 120 98 34 127 47 19 86
66 32 66 11 9 28 85 105 127 33 107 108 65 19 64 31
18 9 43 45 69 43 73 68 35 44 102 34 91 121 121 29
21 106 115 127 53 127 54 38 49 101 25 36 90 57 40 107
65 112 73 91 56 81 85 11 116 116 7 121 28 92 34 50
70 21 49 124 20 103 34 70 76 59 106 38 116 19 18 54
3 91 17 59 44 102 70 32 90 78 25 118 42 59 40 113
80 89 109 101 64 15 43 13 75 21 51 63 40 69 117 44
33 6 103 77 108 46 110 70 124 7 61 38 67 101 23 19
63 4 120 127 20 35 12 95 57 64 30 97 5 20 13 38
26 117 116 7 35 98 77 31 105 10 69 44 112 93 64 47
97 56 46 117 92 59 84 21 123 115 118 0 7 4 39 33
121 27 40 28 125 118 59 102 0 0 19 112 93 83 31 63
11 78 52 103 9 9 124 4 124 115 4 3 119 43 36 112
70 77 12 67 67 71 42 67 71 61 52 37 16 83 100 27
33 24 3 42 33 127 46 29 114 51 32 105 94 69 89 37
18 101 104 85 44 18 24 116 79 76 25 95 32 125 123 65
21 126 108 55 125 26 84 112 77 117 89 44 58 51 81 76
24 57 33 69 76 57 57 27 6 82 123 38 79 118 103 100
116 83 27 113 110 112 97 59 101 59 103 31 110 56 107 6
114 12 75 62 69 4 89 75 86 84 113 37 74 89 10 62
44 37 48 26 21 17 86 122 76 61 25 58 118 4 65 104
16 12 38 86 17 127 33 103 84 19 13 30 108 23 93 24
60 13 51 82 30 9 76 107 70 102 37 60 106 102 36 123
115 74 81 4 74 114 107 30 5 120 60 113 15 25 10 76
38 61 30 69 70 106 48 12 80 85 73 59 60 109 54 47
56 7 51 2 121 30 32 127 23 92 112 38 118 122 114 28
55 16 97 125 123 17 10 75 103 83 6 35 64 60 82 120
67 5 122 61 35 26 60 58 119 44 97 109 39 83 9 94
100 107 92 95 124 102 42 99 57 49 6 121 109 88 114 49
93 108 110 1 7 42 59 126 86 28 107 125 112 116 92 84
95 56 51 92 30 93 63 87 14 70 80 124 30 66 45 124
47 27 125 54 69 56 52 27 85 31 25 69 19 117 25 115
45 76 79 75 41 14 34 56 84 114 52 115 53 97 111 100
124 108 26 65 36 78 92 121 109 117 62 0 106 87 115 23
3 124 48 47 85 52 50 62 46 42 124 14 89 114 81 115
1 74 46 108 21 63 67 63 66 45 5 55 97 47 101 100
43 21 19 1 73 70 63 119 112 59 5 73 45 86 60 46
32 107 26 54 42 93 117 108 10 122 35 107 41 9 80 85
30 99 86 104 41 21 95 25 80 101 99 125 59 31 43 92
10 69 18 52 34 7 32 45 1 68 24 42 77 104 127 107
76 85 83 117 106 51 15 58 24 114 55 83 17 98 47 28
39 65 80 74 72 113 119 73 53 15 116 2 120 115 109 68
73 65 57 51 116 72 110 12 58 37 95 76 8 15 104 47
80 56 121 25 41 112 98 94 0 86 96 120 74 78 60 19
15 117 70 3 62 52 15 120 90 110 68 98 125 44 17 78
101 11 103 14 123 73 109 123 32 77 115 106 27 47 125 42
37 67 45 99 120 60 91 82 43 32 52 40 76 69 118 49
80 93 64 76 39 45 71 71 122 59 49 22 106 46 64 15
113 110 114 105 42 78 59 85 110 111 126 58 53 116 108 5
82 44 81 121 89 25 64 83 84 113 105 62 31 42 78 16
24 64 122 66 14 53 24 124 37 22 55 90 10 35 95 92
79 49 85 40 74 21 123 30 6 101 92 37 15 42 54 39
107 48 105 121 101 1 118 10 23 45 100 34 80 68 126 31
117 84 71 63 105 66 93 112 39 57 21 54 100 75 93 79
123 71 72 97 72 62 107 96 107 80 2 59 20 0 90 9
84 33 72 62 100 37 46 11 94 67 66 66 15 31 17 10
102 90 107 47 24 87 15 4 39 17 63 59 17 26 68 102
59 12 36 31 49 82 43 15 21 109 82 36 12 99 47 115
61 26 34 86 113 49 90 24 66 25 83 83 51 23 57 111
35 93 14 84 47 57 100 69 38 54 105 51 25 24 38 87
51 72 45 36 121 7 61 59 32 16 14 84 40 72 67 75
37 81 32 85 11 4 26 49 58 3 100 83 28 10 42 79
82 87 115 75 94 48 6 127 65 21 83 105 93 22 52 2
103 84 87 114 88 113 36 18 117 8 102 17 19 16 96 101
104 83 49 70 4 55 69 69 76 24 46 41 46 98 44 22
55 3 8 15 117 44 34 106 53 8 123 72 24 91 45 0
18 25 11 80 121 92 96 96 90 73 123 68 114 98 47 43
36 100 28 88 19 89 120 3 105 115 66 20 7 103 91 25
1 102 106 122 66 74 90 28 20 85 97 6 55 16 49 91
116 77 51 7 38 43 10 15 31 77 35 38 52 127 64 53
101 42 47 40 116 9 68 8 94 37 14 21 53 63 112 41
12 35 48 51 79 59 66 110 8 102 20 60 101 84 114 74
126 33 114 115 43 55 123 9 92 10 31 18 73 15 59 86
51 108 9 2 39 75 112 47 49 4 107 22 89 93 97 87
127 83 74 42 10 70 51 103 80 82 121 25 98 52 111 21
32 120 23 71 68 7 118 117 11 98 12 100 63 109 60 62
64 6 104 75 76 28 50 28 110 43 54 80 95 37 101 0
30 124 71 98 3 62 87 15 32 99 115 95 80 47 30 17
54 6 92 2 34 14 31 17 57 85 97 24 122 71 24 24
67 96 122 71 30 82 86 62 53 73 29 6 121 59 23 47
66 115 49 100 1 80 117 58 37 87 82 32 30 107 56 97
75 51 40 105 5 126 39 58 72 68 64 65 0 87 112 66
74 33 38 75 114 28 5 23 115 88 55 17 67 112 114 14
35 27 119 40 25 30 98 97 98 35 34 98 122 18 36 69
52 75 16 38 103 22 61 90 110 117 107 49 101 93 63 8
120 54 48 18 84 18 115 54 53 22 25 48 40 61 117 92
8 5 2 111 27 64 73 9 53 52 58 26 18 121 34 10
47 82 28 3 100 16 58 26 38 83 74 78 16 63 43 25
68 45 8 96 109 82 105 34 6 36 60 24 29 94 35 77
48 63 80 21 79 10 47 117 93 121 68 110 56 111 7 124
28 15 92 10 97 70 44 104 106 105 0 7 71 35 84 120
99 37 13 50 47 60 40 13 53 108 123 109 91 2 105 119
17 70 1 115 12 46 91 118 23 91 125 94 127 82 86 98
119 99 20 38 31 60 51 84 40 46 65 3 48 43 123 66
113 124 53 125 42 16 115 65 107 112 32 106 66 118 76 57
90 97 96 121 29 19 78 70 66 15 73 114 58 68 52 43
65 105 40 107 121 27 45 101 12 77 79 78 67 28 8 29
125 104 23 26 123 101 96 61 116 42 48 47 110 100 90 47
111 118 39 70 121 67 90 120 17 18 45 46 36 57 40 96
109 53 20 89 44 119 116 125 94 97 112 72 123 31 50 106
21 90 48 14 29 10 7 46 29 52 92 65 109 4 33 91
57 54 52 101 45 41 98 11 10 82 84 5 114 6 112 7
96 32 22 126 43 29 44 72 81 9 9 62 13 42 25 71
96 78 44 13 119 15 25 1 97 109 7 83 115 119 91 84
23 113 82 66 14 126 10 95 7 19 29 21 62 55 92 30
5 8 44 124 23 69 125 121 50 4 76 37 123 39 121 19
24 75 85 38 74 96 5 81 115 35 102 49 90 66 80 95
75 124 91 98 65 88 91 115 93 40 24 88 79 18 107 104
93 65 14 39 33 20 121 20 55 95 70 17 34 22 112 109
18 75 79 83 35 43 70 0 83 94 89 34 112 68 10 78
5 25 117 38 45 110 59 100 78 1 117 112 23 101 93 41
48 44 124 83 87 66 84 42 32 45 77 17 113 87 95 119
112 84 29 29 67 88 1 17 89 118 1 112 91 94 25 11
10 21 95 98 87 51 12 120 96 89 9 81 49 104 72 33
60 102 63 127 62 64 16 24 55 17 8 18 111 34 30 122
55 125 92 15 48 104 7 16 66 16 97 115 120 42 20 52
16 83 52 78 20 68 102 75 86 111 93 69 17 123 63 72
120 27 87 40 4 94 56 70 110 26 57 102 68 77 27 84
33 79 34 53 19 9 0 105 120 93 47 9 89 110 81 81
10 41 122 14 7 50 84 118 76 13 92 16 90 119 100 123
70 7 48 90 16 48 67 8 14 114 17 103 97 98 56 107
11 50 121 19 101 77 9 49 90 101 66 52 93 38 48 35
45 96 125 61 17 65 69 31 51 86 6 20 57 62 127 68
113 120 87 86 69 96 7 31 70 73 84 35 112 4 70 29
100 68 91 117 5 32 20 56 119 26 77 48 89 76 116 74
69 76 32 10 44 39 42 114 113 126 21 97 2 92 126 102
32 89 92 37 122 112 93 113 11 42 33 100 119 21 46 60
97 78 70 14 117 112 0 102 110 22 71 112 114 70 87 18
31 51 55 25 35 20 10 46 63 43 18 54 65 64 114 34
14 56 48 4 41 49 106 23 71 50 8 57 120 95 75 23
48 109 16 81 88 1 106 98 98 26 109 37 86 59 24 8
11 84 68 79 13 85 34 116 33 92 29 124 110 6 68 30
115 84 112 75 86 90 46 56 116 27 93 75 86 118 83 97
74 23 49 87 108 83 75 14 47 104 10 30 110 78 60 98
34 44 45 120 6 91 49 123 118 14 70 76 4 25 46 78
48 95 37 29 50 112 43 98 88 53 0 71 3 60 41 37
105 86 30 111 50 79 106 40 93 48 117 98 73 35 48 122
2 86 23 52 70 66 22 31 119 22 102 122 83 15 31 60
101 61 43 23 12 22 64 106 70 53 76 16 88 124 10 90
82 33 14 25 99 37 56 90 59 30 84 14 45 115 74 18
49 118 42 61 12 106 39 82 31 115 98 119 112 108 81 66
13 95 91 112 4 19 74 64 49 30 78 94 18 25 113 67
15 27 0 27 5 40 109 36 27 80 27 11 60 108 78 74
75 41 58 80 61 5 16 110 35 94 77 53 119 62 120 6
89 121 33 94 33 15 2 60 95 29 72 27 9 22 101 84
63 32 36 124 37 52 107 72 19 56 126 10 118 118 17 79
111 50 45 16 65 47 77 32 76 21 60 85 43 33 41 106
65 78 103 102 2 82 47 21 10 45 32 0 35 49 79 19
99 124 35 37 43 112 69 119 5 1 76 48 35 117 27 100
67 2 75 70 84 122 91 94 39 123 94 74 44 45 93 16
41 1 53 84 113 122 75 119 124 23 39 31 12 66 3 80
68 78 22 24 72 113 118 111 109 84 58 25 1 23 41 42
24 94 126 10 89 73 1 85 96 40 116 109 107 119 61 47
70 83 72 14 68 62 126 49 19 56 75 20 79 116 63 104
83 61 114 44 7 115 1 103 27 117 84 6 108 17 54 50
100 126 65 41 60 63 90 79 119 37 100 70 26 35 46 109
96 32 25 103 19 26 79 47 15 35 53 123 53 107 46 25
105 111 66 38 46 29 117 37 66 89 107 92 124 26 73 93
58 98 68 78 124 19 125 11 55 50 7 108 30 53 5 7
36 72 45 82 101 35 119 39 124 98 4 121 124 77 86 55
48 26 5 44 46 2 56 101 52 63 81 82 116 86 90 24
30 7 106 3 42 97 43 39 67 47 32 64 124 118 119 44
47 54 35 127 73 50 48 33 33 42 64 110 17 29 97 62
100 49 17 34 71 42 67 31 47 70 107 10 24 10 101 72
65 8 71 10 58 119 43 92 34 107 74 51 9 43 113 109
92 3 15 35 45 82 66 92 24 46 103 49 56 76 121 121
84 64 3 14 56 46 106 90 26 52 13 35 95 127 16 60
2 31 95 47 113 34 12 10 80 115 59 8 63 52 2 19
116 5 33 44 52 12 6 78 64 20 113 32 19 1 92 21
32 59 68 17 93 80 27 45 67 86 54 2 10 56 21 127
61 55 43 113 67 50 63 3 70 48 35 89 49 127 110 81
59 50 99 24 3 126 70 70 85 124 73 95 52 94 94 113
21 10 99 88 60 34 92 2 83 127 91 4 127 73 86 58
123 57 82 126 55 24 69 12 20 14 108 72 108 74 58 2
84 29 90 16 63 54 18 18 54 109 23 53 54 109 111 50
38 65 48 93 90 117 106 110 3 86 55 112 32 113 114 117
14 76 5 77 3 24 96 57 5 119 110 60 100 93 110 10
30 30 103 120 20 81 103 23 39 30 7 72 15 121 61 29
70 66 106 73 90 74 2 96 65 112 28 37 77 10 47 107
40 23 100 60 104 75 84 16 105 91 88 120 85 21 21 27
87 127 100 50 74 102 18 11 86 46 49 35 56 96 14 96
119 114 29 96 61 113 112 38 76 72 30 33 93 51 60 52
51 32 102 125 6 120 8 92 38 57 127 94 26 14 63 17
0 92 113 62 77 97 100 25 41 3 59 6 54 119 59 105
24 33 102 30 26 111 123 64 40 122 31 66 8 94 84 9
58 69 71 7 39 43 32 80 46 91 87 101 83 18 78 107
51 53 9 77 36 4 14 76 127 45 15 7 11 99 16 69
40 87 76 79 3 108 32 49 72 119 22 27 9 101 6 60
26 15 10 62 20 24 10 19 69 25 26 80 124 43 21 37
2 97 116 5 77 20 55 21 11 77 48 20 50 54 81 76
70 91 10 90 115 21 109 56 46 7 8 43 50 29 80 53
126 68 58 75 89 113 97 100 63 17 121 113 72 74 62 14
37 72 104 24 93 85 80 12 92 88 55 15 117 7 68 115
75 126 62 36 112 31 9 47 49 2 32 121 76 94 7 113
