36 92 89 18 11 35 101 113 34 25 79 58 19 52 69 12
124 66 23 108 28 39 93 34 36 51 44 8 40 76 12 76
40 102 94 51 9 68 37 43 93 116 101 112 41 43 124 37
109 20 18 9 59 111 43 96 34 87 104 74 35 117 23 75
91 117 127 100 57 36 16 22 24 117 6 65 32 3 103 14
23 121 23 82 104 67 50 10 26 27 84 62 16 107 9 107
97 8 79 26 44 95 49 69 85 55 6 117 58 109 3 81
102 27 36 78 94 86 88 120 113 45 54 1 24 64 108 121
72 60 20 117 27 69 58 112 124 64 102 55 46 105 8 20
4 44 99 98 3 59 91 116 104 17 118 1 81 98 122 26
30 14 15 58 83 73 42 80 9 16 7 55 122 15 76 126
60 47 97 63 106 60 51 83 77 41 84 31 12 78 57 42
93 72 100 48 17 15 0 26 31 7 82 25 23 30 24 83
77 121 18 55 53 69 10 2 111 94 33 123 45 90 37 10
34 10 58 51 25 59 78 56 66 32 82 89 62 106 44 11
99 62 66 24 4 77 26 115 43 60 110 88 22 19 98 57
29 29 108 54 88 58 111 26 90 65 116 24 43 32 35 14
95 102 38 99 51 64 86 94 124 68 55 19 87 25 76 117
54 56 43 14 115 26 41 77 91 29 102 6 61 9 20 28
111 58 127 34 123 85 1 119 25 56 10 113 81 86 102 8
15 17 22 2 44 63 79 7 92 53 14 26 63 34 54 46
93 54 81 88 11 82 79 37 10 90 22 91 48 124 99 63
13 122 65 57 57 17 65 22 70 79 48 5 113 102 52 78
28 5 38 40 87 118 77 97 80 99 60 0 95 32 64 108
26 1 38 83 18 103 105 89 54 25 94 39 0 18 118 28
23 28 68 110 18 17 79 98 116 12 99 83 44 35 64 70
36 102 25 55 77 3 16 3 28 110 42 28 1 32 57 24
61 125 7 79 15 86 50 3 98 21 87 14 56 23 84 92
125 110 19 74 113 35 77 13 18 119 42 19 24 99 43 85
96 50 36 111 9 86 115 107 107 74 122 35 97 78 0 94
60 19 40 45 55 117 59 73 108 101 92 4 72 7 89 40
58 126 24 67 84 11 46 64 85 40 99 54 119 99 20 51
22 60 86 27 34 60 81 87 73 122 3 108 8 62 34 33
49 3 124 46 77 23 34 66 92 83 17 67 126 10 89 20
70 47 47 105 107 1 64 53 123 68 33 3 2 68 36 51
71 32 97 20 55 3 87 19 87 104 87 85 115 48 106 57
96 25 34 75 26 99 0 22 39 34 25 41 102 62 92 45
94 61 66 22 64 25 41 23 1 0 109 116 49 87 46 17
112 80 92 11 51 93 33 90 127 58 3 101 120 95 18 87
28 84 109 93 109 22 116 111 23 97 99 72 56 17 89 41
98 53 52 21 18 85 112 17 15 115 118 8 83 9 95 111
93 76 76 75 98 65 58 121 34 29 65 91 47 26 4 17
80 56 38 98 13 22 116 28 10 106 36 93 115 3 76 81
79 25 28 50 90 86 43 124 115 109 87 34 7 91 51 87
19 90 58 32 112 46 61 122 24 97 87 12 101 36 93 52
61 121 102 23 79 18 19 66 127 107 101 6 70 24 94 90
114 24 122 99 70 55 93 94 25 53 106 126 89 71 50 22
64 25 45 15 43 64 82 42 43 55 48 114 79 14 76 66
38 70 37 108 126 2 75 23 55 53 21 16 125 71 38 61
96 83 77 11 20 31 53 63 86 102 49 37 116 125 103 27
68 12 7 66 15 82 89 70 8 110 87 5 53 125 66 22
81 15 33 101 46 87 36 4 61 86 42 49 83 17 76 23
30 84 89 45 38 50 115 46 32 74 51 86 72 118 108 25
5 13 126 52 100 34 56 33 120 98 83 76 116 31 99 18
115 61 63 26 111 50 72 16 125 124 102 69 114 82 94 119
95 92 43 68 126 100 101 119 70 56 67 58 88 38 76 75
99 11 101 83 62 46 99 59 42 73 0 28 27 94 19 122
58 63 62 56 35 36 47 105 92 114 36 52 25 112 0 124
124 101 79 58 19 50 117 61 123 117 89 22 83 109 17 13
44 79 69 79 115 117 56 80 103 92 4 0 77 4 125 73
106 76 3 125 127 120 59 122 109 20 17 64 1 34 77 45
113 18 124 101 7 53 53 111 17 57 111 94 62 108 39 40
57 42 37 56 34 96 50 15 117 67 79 118 101 28 36 87
47 32 60 54 85 113 37 103 42 21 69 104 1 109 16 58
113 48 92 101 94 124 16 107 93 20 109 97 111 116 35 125
60 37 30 63 27 25 20 119 34 108 60 123 117 5 66 103
53 30 76 19 26 92 126 120 112 108 89 95 96 124 92 28
33 123 91 61 20 111 52 54 92 112 50 81 117 116 56 43
18 4 62 44 96 61 36 81 41 125 48 9 121 13 37 27
8 0 88 28 112 12 82 76 125 4 29 114 120 86 29 10
90 92 55 59 25 91 12 66 89 60 75 82 73 112 109 81
112 69 109 96 82 64 44 79 68 74 65 61 32 95 71 122
59 126 53 84 90 65 22 51 126 97 5 71 81 115 25 65
56 6 34 10 70 78 89 11 24 27 72 56 122 15 51 53
14 104 9 104 42 31 27 40 0 32 111 81 19 8 18 76
15 52 86 85 3 48 96 27 75 40 84 69 56 7 122 70
111 3 46 25 34 73 65 34 105 49 115 125 57 5 73 72
58 31 30 61 79 126 88 26 39 44 95 95 51 89 37 35
92 83 60 126 28 126 32 5 47 19 2 104 25 75 49 83
107 79 16 58 77 104 85 116 21 52 83 72 14 120 107 106
75 40 105 103 38 9 109 85 29 111 61 54 59 110 9 38
61 25 96 11 1 53 127 22 106 83 95 120 75 74 98 23
114 75 126 24 85 107 109 114 91 43 40 22 25 49 60 87
74 28 98 75 82 97 98 60 52 65 52 0 11 22 23 126
98 21 22 55 1 4 41 92 47 81 114 72 2 46 31 76
74 1 23 28 99 121 88 23 58 12 23 70 35 46 68 5
68 90 60 69 94 101 33 13 54 19 86 56 65 117 4 11
119 27 40 90 21 0 113 79 13 9 21 48 55 89 53 123
52 113 64 18 86 97 32 12 116 118 68 53 107 72 65 98
99 105 60 120 105 46 72 118 55 93 38 110 55 91 106 107
76 42 125 34 12 29 46 0 19 114 54 127 58 119 97 30
96 30 22 73 76 94 64 3 60 102 113 115 66 91 94 14
6 91 49 18 121 95 18 12 82 72 11 12 63 109 42 31
11 65 105 87 31 41 90 91 15 75 78 81 39 44 96 45
8 17 63 1 112 81 13 66 26 25 79 89 6 121 121 17
58 98 104 90 11 66 53 26 13 4 108 52 48 76 97 56
2 6 56 113 3 51 87 75 2 7 96 122 33 47 109 87
71 28 113 19 79 53 26 89 23 101 7 49 48 32 34 50
38 90 35 41 14 123 117 16 2 85 10 36 5 119 123 76
20 108 96 99 33 122 60 56 95 68 105 15 100 12 65 10
102 101 51 116 96 40 4 98 126 15 6 3 6 1 79 26
109 47 125 15 42 58 71 9 126 49 25 98 61 90 108 35
63 31 24 31 72 28 2 70 43 8 73 50 10 24 76 119
72 74 6 114 4 78 123 2 127 20 100 60 111 80 95 46
111 119 78 55 20 80 125 63 88 70 113 98 95 62 90 39
8 96 25 12 46 20 14 45 41 114 105 24 66 73 70 49
64 20 105 84 100 102 20 61 45 5 31 12 67 121 51 75
90 76 87 8 96 101 54 9 87 31 33 25 104 104 75 41
124 52 125 97 26 17 30 71 23 61 83 90 55 6 38 17
82 125 25 51 99 79 60 58 111 94 84 87 70 31 0 66
83 126 35 109 15 65 53 38 127 8 1 54 15 39 71 97
36 96 20 7 48 81 66 31 47 22 118 117 53 119 55 8
117 91 117 4 28 42 43 27 51 44 81 66 83 24 35 119
121 56 127 41 9 65 72 56 87 62 45 12 53 100 20 42
63 9 47 92 52 90 119 103 6 73 41 89 97 76 80 90
4 79 3 13 16 75 69 103 10 114 115 63 87 7 106 22
17 25 114 69 115 106 44 121 51 85 82 20 33 34 111 38
114 114 51 2 62 121 106 72 107 93 7 66 101 113 89 118
10 75 59 125 53 103 118 104 60 72 125 93 107 108 3 93
94 55 95 28 48 73 100 27 39 108 94 12 93 55 2 104
2 61 101 56 36 92 32 96 36 29 61 15 9 65 108 104
120 76 4 40 21 105 67 60 85 33 72 50 88 74 26 91
7 0 19 43 92 51 11 0 81 73 16 90 10 124 66 2
72 71 42 94 48 109 26 5 15 99 55 103 45 82 66 53
82 85 96 46 9 108 46 90 53 62 52 63 59 119 65 3
62 107 97 110 88 124 115 103 95 42 79 12 124 17 65 78
103 34 124 112 14 43 74 67 105 126 2 36 117 67 40 51
46 9 33 6 5 20 110 100 63 61 113 59 78 50 10 53
22 116 8 28 58 2 90 111 32 24 27 109 24 121 50 9
104 80 97 6 64 100 73 80 53 94 20 102 90 38 116 112
26 124 12 84 126 103 67 30 127 94 12 23 87 62 32 64
14 1 70 78 101 15 30 27 109 50 1 71 88 117 55 114
114 68 70 112 43 10 15 42 104 27 66 64 89 98 0 103
100 70 53 73 85 84 100 66 6 101 9 95 91 64 81 77
4 24 61 47 34 76 90 10 103 28 74 64 126 74 39 98
16 93 44 101 49 16 39 55 118 48 22 81 113 104 30 117
0 91 37 34 40 127 44 15 27 119 80 25 65 119 124 82
84 40 55 5 56 95 61 46 15 83 127 0 59 29 118 59
121 27 93 33 26 10 48 53 1 0 78 66 120 74 20 76
114 76 82 43 43 15 89 58 98 89 59 30 118 49 89 111
76 55 16 102 65 65 27 66 65 105 4 57 52 25 6 38
101 88 81 16 103 43 74 73 4 5 103 122 54 65 106 2
120 122 104 57 59 3 123 125 109 127 54 33 24 60 71 125
20 25 13 123 68 88 69 72 93 44 66 20 109 44 22 101
39 127 30 98 2 25 95 111 25 22 16 49 82 88 47 103
113 60 98 53 20 39 125 114 84 63 6 65 108 28 39 19
27 69 117 30 95 85 13 120 107 30 41 61 118 88 36 103
21 7 28 41 46 25 27 2 88 33 68 68 62 107 87 89
48 77 119 15 34 5 7 13 35 49 74 25 9 111 0 30
118 28 72 36 53 99 39 13 5 107 82 67 86 41 28 6
118 20 22 24 25 29 37 60 78 112 85 88 95 85 118 85
113 62 121 38 34 32 51 39 11 5 106 97 47 6 104 37
26 126 62 51 27 99 111 106 83 68 66 50 25 56 7 10
119 1 48 25 33 100 64 45 105 42 14 24 48 118 62 75
116 124 126 16 95 110 122 51 50 60 101 76 116 109 86 107
110 7 4 15 107 68 60 84 110 75 109 31 65 43 106 54
39 104 70 6 86 64 57 9 124 31 85 112 12 43 92 122
50 96 9 29 37 70 114 19 17 95 50 82 10 28 8 49
5 78 55 91 14 113 100 10 16 57 123 28 101 87 22 23
55 31 53 92 101 39 112 118 6 34 73 16 63 81 65 68
94 123 109 103 14 85 49 63 108 10 100 14 123 18 46 8
17 26 41 13 0 21 15 59 16 42 68 3 33 41 88 127
36 70 102 50 27 23 113 7 33 85 21 29 103 67 37 121
94 78 6 94 100 21 25 116 63 94 119 96 7 80 95 43
22 69 93 49 93 78 56 126 35 77 27 10 16 64 3 110
15 9 77 115 30 102 103 93 68 94 61 75 46 28 118 68
98 83 117 63 33 45 61 68 122 89 79 11 25 82 121 40
92 70 27 122 45 2 88 113 97 21 61 15 50 51 84 20
7 73 83 40 119 16 109 113 105 60 124 3 14 118 43 106
60 71 101 105 73 61 91 42 82 24 58 4 75 14 24 82
87 107 123 78 124 104 64 101 36 60 104 50 50 20 29 111
91 2 88 36 63 51 79 17 75 9 22 23 23 46 105 110
26 100 61 22 76 125 123 112 57 100 35 108 120 64 91 83
66 51 119 1 103 70 18 50 79 40 73 102 87 51 85 113
23 18 7 100 15 2 84 72 102 119 52 94 55 15 49 121
67 41 122 42 111 13 92 63 53 38 37 12 89 122 125 112
12 4 84 27 7 41 100 109 32 24 76 88 40 125 81 107
38 76 21 22 89 113 85 14 23 122 27 112 117 24 97 1
29 53 29 36 94 1 17 127 25 93 87 65 91 40 44 1
116 65 23 77 51 108 92 74 103 119 59 92 15 28 93 44
81 122 80 48 123 98 47 21 63 6 86 26 46 3 28 35
68 51 112 119 32 76 66 7 67 125 99 83 25 64 127 106
59 80 26 54 50 73 75 113 79 34 12 126 37 40 33 105
91 17 97 123 94 35 2 33 32 101 116 57 38 116 35 97
68 62 23 118 7 99 103 87 5 115 85 42 27 118 19 119
7 116 114 101 23 117 7 55 90 123 112 0 111 20 97 51
82 121 41 89 92 17 48 97 4 5 11 32 123 30 23 3
19 9 104 42 126 111 98 89 107 82 89 90 102 59 14 56
52 55 18 16 72 66 113 77 72 124 109 67 26 4 70 45
13 47 88 12 30 58 101 9 12 62 100 115 121 114 43 45
41 61 61 114 0 46 63 72 42 44 11 69 48 82 114 61
1 74 73 31 4 46 41 17 109 13 4 102 127 47 20 40
86 33 21 57 11 93 104 58 2 18 50 83 23 107 16 54
78 72 15 17 33 105 122 102 117 21 124 22 51 51 2 9
84 23 67 95 116 43 26 118 61 76 74 85 56 90 11 6
35 27 23 68 4 17 42 121 38 38 16 89 89 18 99 46
41 38 13 30 81 39 20 15 116 94 100 44 57 111 50 92
10 73 32 15 90 74 8 0 113 24 90 74 42 61 120 84
99 6 114 52 45 6 67 33 101 39 77 30 23 127 122 33
72 26 48 34 100 57 35 85 81 125 32 124 58 24 80 29
30 66 81 76 72 21 109 45 60 59 75 83 58 69 117 3
95 37 37 68 94 72 25 48 69 57 44 127 82 124 28 112
62 110 60 6 3 42 52 63 101 127 19 31 69 8 34 36
45 72 104 12 16 2 60 86 59 104 85 13 100 114 126 34
96 58 40 99 100 92 34 73 92 53 105 33 61 11 69 107
83 46 119 100 48 51 58 107 27 15 121 127 1 119 33 97
49 73 68 22 38 103 95 2 28 72 35 90 84 104 69 39
22 60 11 70 111 69 50 10 85 43 9 86 34 42 56 83
115 124 105 25 99 73 27 0 17 62 90 101 39 31 13 61
91 24 4 74 94 54 84 51 97 93 9 3 7 65 86 122
62 64 20 33 9 47 33 26 110 123 0 21 26 13 82 117
37 86 63 3 12 19 54 109 112 64 112 119 1 71 114 63
7 6 97 16 53 2 42 35 126 42 56 24 55 11 14 93
97 77 96 110 97 23 91 81 87 76 73 88 19 59 24 26
65 121 42 118 123 84 26 121 127 82 18 54 93 32 19 63
109 116 45 78 11 8 32 98 84 105 58 103 36 82 1 101
75 43 91 71 0 117 64 127 72 82 53 37 114 73 100 96
61 17 46 72 26 78 42 110 55 100 86 91 55 87 64 2
3 28 73 3 17 10 2 89 92 55 127 79 0 99 47 61
117 93 5 15 44 47 125 99 20 83 63 75 43 127 77 46
27 23 49 45 33 51 6 125 106 5 76 107 105 123 40 94
89 46 109 5 93 106 104 113 62 39 60 105 39 10 23 66
33 72 111 66 123 118 63 101 123 12 80 100 7 121 66 96
39 47 101 4 26 78 118 88 117 50 65 28 60 88 95 93
114 8 36 19 14 118 40 105 0 6 65 67 47 22 25 55
100 12 69 34 11 124 14 49 105 53 108 103 117 95 5 104
103 42 123 118 32 35 95 32 41 32 100 88 54 125 15 27
9 84 61 20 81 75 70 58 0 50 34 118 17 39 94 120
81 89 110 114 124 77 18 37 110 118 125 36 115 12 63 124
97 124 17 50 71 87 108 72 9 14 62 26 54 28 18 7
117 1 121 113 78 12 22 60 2 19 97 118 31 32 114 0
29 3 50 100 90 31 44 99 45 106 125 99 6 16 107 123
17 100 108 95 112 2 28 115 21 125 105 53 29 91 53 58
95 104 31 57 7 75 29 52 54 26 24 60 42 3 56 59
103 36 27 88 39 55 75 60 52 52 113 81 15 39 12 110
15 43 40 22 118 69 74 44 95 98 105 10 101 33 69 77
69 96 37 108 23 112 41 75 36 26 29 51 65 41 34 80
84 74 102 74 15 49 119 110 19 96 120 121 1 62 70 70
30 107 51 54 91 92 1 127 118 30 50 56 71 84 8 27
30 111 102 45 32 93 28 51 61 20 44 62 82 114 4 113
93 55 39 56 19 40 55 10 71 106 66 14 62 74 42 93
57 16 10 89 109 38 13 42 59 57 104 13 44 108 126 9
36 37 66 55 78 121 65 21 99 3 35 34 78 77 127 7
93 9 97 74 48 110 116 107 39 92 120 83 73 119 93 109
28 31 36 106 24 102 127 124 105 35 30 55 112 29 63 78
38 32 24 86 14 13 65 53 105 58 9 50 49 102 31 77
5 68 56 29 42 55 25 19 90 55 75 75 84 10 25 123
42 49 81 56 62 19 109 40 77 118 90 126 92 122 75 97
62 3 127 104 59 24 123 21 80 70 96 36 80 121 31 122
43 113 50 105 4 32 17 81 22 108 79 115 102 26 84 36
30 83 12 89 108 7 110 60 78 79 96 30 72 0 25 115
113 75 93 117 107 110 70 2 90 21 117 64 47 73 100 77
29 112 38 9 120 21 69 70 100 37 100 44 37 125 32 22
73 125 11 52 107 81 54 70 102 43 6 22 117 107 99 18
91 10 27 83 31 96 25 3 5 126 47 43 123 79 65 68
76 77 121 56 30 47 126 5 91 4 27 80 111 126 98 75
107 91 50 57 51 92 74 6 97 82 10 14 126 31 122 68
59 109 125 5 1 37 17 74 110 43 69 64 85 83 56 64
46 106 121 98 70 67 104 39 22 114 53 20 17 47 88 77
29 85 82 30 123 100 104 105 15 45 41 100 1 97 36 47
75 30 17 17 97 121 56 119 108 110 11 125 29 99 74 58
57 29 88 52 1 64 29 16 110 70 117 111 39 25 30 114
55 48 3 25 41 59 16 21 41 28 19 71 127 93 1 56
122 90 108 123 26 9 12 8 79 1 119 118 26 22 104 82
70 107 107 111 39 123 5 80 23 24 23 23 117 25 79 112
115 60 107 13 69 119 22 21 120 13 11 19 35 116 101 105
95 80 89 6 75 94 87 99 118 110 122 107 7 73 91 122
5 71 8 75 62 30 96 55 43 107 74 79 95 47 56 63
127 17 69 74 111 28 45 101 11 39 81 18 113 44 13 118
115 21 65 50 51 33 105 94 13 51 45 108 98 102 43 97
119 113 43 103 13 89 76 24 0 29 43 113 74 56 104 61
77 41 111 0 75 88 94 88 11 12 68 109 114 112 78 105
97 122 80 110 83 29 7 83 58 50 69 4 106 45 66 55
86 49 55 33 10 21 121 21 33 62 3 19 46 81 125 15
75 77 125 30 106 4 114 37 54 55 41 32 100 107 87 58
29 14 92 39 36 85 60 69 19 63 89 65 17 86 80 92
35 78 123 14 82 109 51 9 36 92 41 8 72 1 66 101
15 30 12 51 116 72 121 7 8 82 73 25 40 25 117 75
103 112 89 58 93 12 67 1 105 108 9 49 109 76 22 125
106 34 48 94 106 41 102 114 123 47 11 35 72 1 111 48
113 72 106 79 85 45 80 62 25 90 111 7 38 5 4 16
39 52 111 17 94 85 4 89 4 15 125 76 16 108 124 2
52 102 81 9 19 33 71 45 123 54 52 33 59 56 50 98
108 33 116 74 118 120 36 122 7 33 70 24 13 67 26 65
41 107 75 61 12 18 106 8 73 30 41 4 86 91 103 66
124 91 13 114 83 49 108 90 82 51 114 95 118 12 32 31
119 107 92 4 126 70 12 71 100 53 75 58 17 50 125 13
13 10 0 96 59 108 59 13 31 45 108 21 58 12 53 49
100 62 46 99 29 14 110 0 58 75 53 56 88 107 124 42
63 122 124 44 98 27 104 73 60 94 32 109 120 19 118 92
82 36 64 111 50 46 111 109 121 37 37 81 16 33 124 79
28 120 123 126 19 99 72 80 66 104 61 58 123 51 22 77
88 86 60 10 4 44 119 125 81 29 79 97 62 75 48 90
67 43 89 86 15 33 38 81 9 99 11 4 23 33 82 111
120 14 121 124 58 113 122 11 14 73 108 76 20 28 39 87
72 0 45 87 33 84 40 42 55 51 46 78 84 0 61 76
15 55 73 73 40 67 85 54 12 65 2 32 94 41 119 38
41 36 125 74 120 37 116 48 88 35 126 44 35 60 121 50
115 66 124 27 5 81 81 17 18 83 49 112 125 40 22 38
76 19 113 69 56 101 117 16 8 115 61 44 47 54 94 34
120 90 61 125 43 14 14 62 98 63 46 95 103 69 5 51
88 118 120 17 92 109 33 100 97 94 16 16 20 111 51 12
73 112 9 117 127 23 51 97 86 97 64 61 38 69 113 127
60 105 16 24 87 49 124 56 16 13 72 36 124 123 49 69
108 58 58 107 82 109 76 40 79 12 102 117 81 87 116 13
64 4 37 23 54 34 79 70 47 24 106 43 19 27 112 127
86 43 106 40 24 54 80 103 66 54 93 20 13 81 33 78
86 71 101 12 105 53 82 24 77 60 67 96 88 51 96 46
94 74 86 119 1 38 94 67 93 59 87 106 13 121 56 99
64 30 111 41 83 65 65 32 125 4 0 85 55 96 3 22
43 89 13 44 0 107 111 93 39 71 71 52 64 0 23 0
30 6 41 113 71 106 17 68 110 17 26 37 114 29 59 29
119 72 73 119 52 56 84 91 127 27 15 63 27 38 63 57
44 104 42 115 82 59 55 64 77 81 102 63 111 33 92 102
106 37 93 30 93 49 121 93 76 8 28 104 46 92 33 90
68 76 77 23 7 4 87 84 86 61 19 69 95 111 43 73
20 8 103 114 57 96 79 5 104 107 109 22 71 15 112 12
91 61 35 98 65 122 55 23 56 74 92 23 58 7 96 78
15 71 64 72 39 15 78 15 123 59 37 66 74 21 78 37
82 113 8 19 108 63 43 36 9 7 59 67 15 27 18 30
