101 8 122 103 81 55 90 87 109 57 76 32 42 50 119 16
2 79 122 24 74 113 30 13 105 35 67 75 112 72 28 85
81 22 60 34 78 22 122 59 79 70 91 122 121 82 10 123
33 4 19 108 117 49 121 94 84 60 41 69 5 70 26 86
92 87 120 42 109 114 101 61 57 64 55 50 18 65 45 52
69 64 32 59 113 25 25 70 86 67 11 91 9 37 49 101
124 41 16 106 28 117 39 85 54 94 7 72 31 52 124 100
116 28 31 101 54 57 43 12 124 54 103 5 92 24 106 88
65 122 66 93 112 105 50 38 71 57 110 102 109 107 75 97
7 106 71 61 35 114 73 31 41 48 36 5 72 15 93 10
9 32 103 121 9 26 31 81 83 14 55 65 121 2 34 0
109 105 62 16 92 7 48 5 56 84 10 0 99 103 10 109
7 114 102 17 12 6 98 95 20 25 32 13 28 67 13 9
44 75 25 8 83 73 13 11 30 23 11 1 127 22 110 6
8 85 23 20 91 121 115 111 19 20 124 47 87 9 56 3
85 81 12 40 27 25 51 57 49 62 58 48 84 41 54 92
126 78 112 89 71 100 72 90 120 68 9 79 77 65 82 34
19 94 74 46 120 125 103 41 60 33 89 16 74 15 109 72
93 93 33 37 65 105 127 57 45 9 8 123 74 91 29 93
57 104 11 49 101 114 90 33 20 51 50 94 67 31 39 32
124 72 69 62 50 69 119 95 78 0 90 24 91 120 118 20
96 1 70 69 116 32 103 8 84 25 102 23 56 13 55 52
86 125 114 8 66 106 103 16 106 66 40 69 58 30 89 26
32 31 95 20 64 70 28 20 95 2 43 23 16 98 76 102
95 62 110 33 40 85 49 18 23 90 87 81 120 49 107 24
80 75 44 16 17 72 36 113 75 79 8 91 50 84 65 17
19 47 51 59 4 100 78 28 62 37 109 55 86 89 79 39
36 124 55 53 68 92 38 15 43 47 106 93 3 43 111 22
90 34 82 95 6 32 123 69 69 104 124 28 65 75 67 101
71 122 27 12 86 65 27 2 112 6 95 116 49 78 10 12
112 92 107 119 124 102 60 66 78 56 94 16 3 33 117 75
27 16 87 114 82 114 116 66 120 83 54 42 34 65 54 18
65 28 84 8 123 71 113 60 28 114 40 47 85 54 97 120
86 33 95 25 9 48 94 82 108 65 75 119 50 34 66 115
63 22 123 58 93 109 119 121 95 31 41 52 85 10 44 43
43 11 68 52 60 34 6 40 99 81 31 21 116 97 9 51
119 4 109 84 113 100 78 80 4 119 5 89 1 49 5 44
61 73 96 121 108 103 33 79 56 64 101 44 34 110 95 25
114 77 110 100 49 60 52 53 51 57 15 52 107 20 96 40
93 64 33 73 39 66 25 96 2 126 12 36 108 108 62 94
57 44 66 106 104 119 32 27 48 47 79 27 67 47 67 32
111 100 106 23 38 3 119 41 1 3 77 109 111 11 75 40
55 14 19 31 5 51 58 53 98 9 81 37 56 20 69 40
121 47 63 31 50 54 72 51 57 22 32 41 33 108 81 89
122 100 120 127 23 51 52 121 60 5 30 117 26 100 29 19
19 92 50 70 18 123 121 75 17 26 116 50 6 70 11 0
42 4 127 66 55 51 59 115 57 90 104 83 62 5 102 81
97 24 23 115 19 17 63 36 43 51 87 49 121 98 49 36
102 48 102 29 99 33 17 28 123 121 111 57 127 85 11 96
110 34 84 1 51 19 38 94 70 125 15 64 95 64 100 70
112 74 99 84 107 116 112 103 110 96 32 109 53 43 77 35
78 33 37 1 52 75 96 123 72 111 59 39 48 31 109 32
105 81 116 84 69 101 59 51 69 92 32 122 7 110 30 85
15 67 87 68 14 55 63 86 38 122 125 86 25 107 119 2
60 107 86 1 80 18 53 21 110 85 16 117 67 46 75 83
113 34 23 127 89 86 85 127 80 82 86 105 61 77 107 121
56 65 123 9 83 48 30 65 5 46 55 73 92 2 28 77
36 51 76 125 9 33 124 89 116 82 66 49 31 45 43 88
110 38 97 66 86 127 3 91 46 58 36 10 60 64 88 96
115 36 93 124 70 90 85 58 44 23 107 76 68 22 36 51
60 5 117 18 4 120 110 50 51 18 61 111 83 21 80 70
57 45 67 127 7 24 57 52 48 37 0 116 59 36 39 120
41 28 10 45 21 120 96 72 11 29 55 94 50 7 36 107
53 103 107 60 0 36 112 48 73 112 36 5 20 76 125 61
92 95 115 61 6 90 21 92 51 76 78 78 30 1 3 83
35 23 107 6 110 127 16 19 113 99 79 65 126 85 99 90
52 86 24 58 48 45 23 100 122 101 50 24 102 53 107 9
76 87 15 58 86 31 78 71 2 29 9 0 114 108 91 39
67 115 97 115 32 120 87 26 93 9 50 67 62 30 77 11
117 92 69 75 124 19 19 126 49 28 127 35 8 90 74 75
77 44 63 109 36 22 8 2 32 58 69 94 88 18 105 77
111 47 25 107 66 44 105 115 72 104 23 80 66 97 28 15
13 91 125 50 113 5 52 17 63 121 112 24 12 89 101 123
8 126 102 75 42 79 62 114 56 85 67 122 55 95 10 68
58 7 118 43 12 42 61 75 36 45 99 48 6 73 43 15
71 17 90 114 96 24 100 24 110 39 19 37 6 29 105 64
36 96 108 48 10 41 123 46 86 95 94 92 40 9 107 111
26 69 97 123 94 70 19 76 109 38 113 116 67 90 52 103
58 32 23 69 73 19 115 31 114 82 124 26 91 103 9 118
45 107 113 11 49 4 87 30 43 72 18 110 34 71 86 93
103 109 34 49 0 21 80 114 103 76 12 67 52 22 57 97
1 42 108 50 46 67 80 89 11 99 72 45 42 30 10 17
11 44 66 12 66 19 126 41 95 11 108 19 33 37 116 34
79 96 84 126 35 36 87 46 7 31 92 49 61 102 67 73
19 5 85 85 24 83 126 120 94 107 11 127 16 0 33 96
96 117 94 4 26 53 50 33 85 14 83 18 117 22 91 8
27 48 93 52 4 91 44 98 70 55 98 87 55 3 55 24
121 21 28 19 74 78 52 31 93 7 50 82 29 13 90 57
62 55 109 66 18 25 36 89 80 6 48 8 10 103 32 3
124 60 22 70 10 74 102 103 82 24 57 111 37 19 40 99
74 21 37 93 46 74 54 127 80 102 7 90 77 39 93 73
99 115 15 109 62 117 85 16 13 14 127 51 34 40 22 108
61 60 73 108 6 127 107 86 101 114 49 50 25 14 123 124
2 11 105 64 0 62 80 14 77 79 65 111 119 87 91 53
19 37 33 25 36 12 112 10 126 33 60 23 47 56 19 49
67 124 113 67 59 65 81 8 17 18 119 8 106 82 61 125
99 80 1 101 93 1 24 27 17 81 2 103 76 27 105 67
11 89 63 16 85 68 84 2 48 89 68 77 32 88 3 4
41 5 105 6 6 1 34 24 82 36 127 31 63 104 98 75
65 34 91 23 102 47 25 22 8 93 99 40 54 103 44 95
108 22 101 114 23 7 10 106 43 9 9 107 113 107 54 51
13 17 74 115 64 99 10 72 65 109 112 119 84 29 86 64
51 59 51 74 67 61 52 110 71 61 89 56 41 15 107 54
32 53 42 96 25 52 40 90 33 25 81 118 54 39 54 105
98 105 51 37 39 104 20 110 37 109 38 78 125 18 5 29
71 47 126 96 99 38 58 4 63 11 122 117 50 49 94 21
26 18 58 65 122 78 47 31 60 86 110 57 104 115 86 47
34 84 16 5 123 74 9 58 86 4 48 8 53 14 29 79
32 88 17 26 38 64 58 98 22 40 27 126 27 114 46 61
70 62 66 65 8 75 124 94 79 44 103 4 58 4 84 91
92 101 117 3 37 47 101 60 87 1 58 114 115 104 47 57
38 113 123 47 61 119 13 12 35 116 17 93 121 101 56 85
74 46 88 111 93 62 43 53 63 102 39 50 78 87 107 117
72 102 36 5 93 49 18 0 38 35 94 31 8 22 116 82
68 77 65 34 11 109 87 74 83 126 124 33 85 103 22 30
78 58 35 43 108 53 44 18 88 10 49 96 32 37 50 101
114 116 7 125 97 94 71 52 92 67 85 50 43 108 80 121
38 115 36 18 41 80 36 1 90 85 98 123 123 20 96 109
8 103 107 105 69 50 29 33 118 115 83 33 95 35 26 5
23 62 24 64 15 60 65 105 18 35 100 13 56 68 122 64
43 101 42 112 24 71 18 14 58 101 47 25 9 73 31 32
7 55 96 22 115 33 0 5 69 100 18 125 41 13 61 84
114 103 69 10 47 87 24 105 60 71 3 69 16 34 101 24
89 69 46 76 103 46 82 44 19 100 41 60 113 102 16 100
78 85 110 125 44 7 102 105 78 105 46 95 11 20 119 100
89 37 49 64 84 3 108 103 103 21 35 89 124 51 61 74
9 43 71 53 50 45 30 1 23 77 96 34 97 87 7 58
124 56 123 80 59 103 55 34 125 90 123 121 14 56 67 23
118 111 17 57 111 110 116 107 22 75 8 49 66 19 70 95
98 23 94 37 43 58 8 30 2 126 110 98 26 117 116 17
100 5 74 83 115 62 62 9 9 70 58 75 90 1 43 60
24 9 97 67 68 105 98 70 103 80 40 2 69 28 19 41
33 93 124 20 27 58 29 37 0 88 112 90 89 27 22 113
37 120 53 105 97 23 47 73 103 87 75 44 116 94 85 21
59 81 42 86 11 71 123 11 31 108 102 120 7 124 106 44
116 31 21 86 54 68 31 29 28 106 73 16 72 30 37 3
111 79 89 122 23 85 5 54 65 107 47 72 104 25 117 92
56 10 50 110 79 81 11 107 59 84 123 3 114 32 6 97
112 96 91 7 53 96 61 118 76 108 62 52 5 51 16 61
62 67 43 13 20 54 120 80 10 115 83 124 19 90 93 3
58 56 10 111 25 72 101 101 52 35 25 58 87 41 119 21
108 35 34 1 89 26 81 100 13 36 96 32 126 62 36 56
118 46 39 15 118 12 116 43 48 13 101 7 55 92 28 35
127 62 36 89 88 117 61 101 26 29 5 24 91 41 81 82
88 120 97 78 5 86 121 53 99 94 60 26 59 88 62 58
22 98 19 110 88 80 83 114 110 88 10 73 2 91 27 90
84 125 40 89 83 34 14 54 0 74 81 59 34 15 118 56
113 9 38 73 90 121 59 72 81 70 17 83 33 45 45 117
42 86 78 125 120 92 51 120 38 4 52 72 19 42 0 5
51 38 78 13 31 10 85 113 80 103 68 113 20 114 103 62
72 53 59 64 18 110 56 56 115 108 1 6 22 1 11 74
40 90 87 71 100 45 56 52 20 125 37 40 111 12 102 55
66 33 119 84 15 47 12 2 28 13 9 50 15 20 124 55
110 84 126 82 1 55 6 21 52 44 61 35 56 35 90 122
68 81 78 83 0 91 86 28 104 95 79 119 115 75 46 98
31 45 52 32 100 59 53 24 103 114 59 31 21 21 26 89
102 104 45 102 67 3 3 44 98 82 35 85 29 82 55 61
127 108 93 99 39 19 123 14 5 54 45 27 75 71 116 49
48 33 23 115 36 26 31 6 108 67 92 10 21 19 71 20
127 36 119 38 55 114 52 61 40 98 88 115 41 76 36 89
38 41 107 18 108 102 68 22 13 26 127 97 81 27 111 60
82 62 37 113 15 3 127 124 125 123 19 121 93 50 88 4
91 67 22 71 41 90 94 54 117 93 23 70 120 7 3 74
69 40 59 85 43 59 81 41 54 100 34 20 23 123 24 114
62 46 58 104 9 24 30 126 117 54 68 110 61 71 56 2
111 116 87 27 47 40 68 101 13 102 121 36 97 17 22 32
64 80 8 73 104 38 71 94 92 11 76 25 83 4 28 66
120 115 93 39 28 33 13 41 8 6 77 105 24 99 9 88
52 17 33 28 56 104 122 20 115 70 46 70 75 74 9 67
61 102 107 89 8 120 2 16 126 79 121 22 51 3 110 103
20 15 3 76 119 126 97 107 68 15 49 15 89 58 83 22
33 62 112 41 54 114 57 52 66 50 75 117 53 57 92 74
73 95 22 64 93 119 43 34 6 93 49 95 23 4 118 56
66 102 97 120 88 26 45 26 77 120 15 2 49 107 76 122
75 99 59 40 90 102 74 97 67 124 64 91 0 54 19 67
28 117 59 117 15 104 15 92 96 31 95 18 10 43 12 85
14 71 126 105 46 72 74 113 68 10 76 69 65 96 8 93
85 67 82 100 44 98 65 12 1 32 30 11 75 43 97 90
114 95 67 32 39 13 18 108 23 94 49 88 62 57 54 19
124 8 120 40 106 57 53 107 89 83 119 36 126 88 126 113
55 65 17 94 78 35 74 102 2 123 62 64 52 116 84 49
125 76 89 103 5 14 83 94 98 74 2 96 34 1 81 89
66 99 55 17 6 2 119 8 125 53 73 50 42 29 99 39
105 60 14 110 75 97 76 45 43 78 13 77 79 95 38 18
66 94 35 72 96 26 81 93 79 26 15 121 55 114 32 32
47 47 14 122 16 90 39 60 40 52 9 120 19 48 10 85
14 45 30 110 71 111 75 22 9 91 16 64 77 48 96 124
95 110 118 112 72 29 44 112 82 53 104 101 101 114 59 115
31 89 97 102 72 45 125 81 8 13 17 85 61 113 82 29
95 72 13 39 102 57 23 56 110 0 29 84 114 88 71 18
49 41 120 121 86 117 74 94 2 91 51 64 76 5 93 43
78 106 82 52 35 106 108 17 106 9 101 92 98 45 110 19
60 1 41 50 88 50 116 84 3 87 108 62 84 69 46 114
116 121 1 111 92 5 65 40 110 95 117 28 106 5 42 38
6 83 88 94 6 77 51 9 36 31 71 120 100 117 106 88
110 108 71 74 113 8 114 95 103 104 124 81 109 38 119 116
122 80 82 0 29 5 9 65 36 80 57 8 69 35 96 51
15 39 126 0 47 112 96 22 88 92 103 70 2 95 58 124
47 12 124 76 18 5 13 54 85 70 63 26 105 31 78 121
71 76 121 118 60 89 13 21 53 116 91 56 83 21 52 2
33 49 78 51 54 91 106 12 33 41 38 11 72 116 4 15
64 125 6 125 87 19 18 12 7 109 68 91 2 121 93 35
42 44 87 96 7 65 108 41 106 19 52 50 7 56 66 72
53 72 69 12 91 87 25 98 68 93 61 70 86 27 105 0
71 64 97 78 1 77 119 107 96 43 30 104 99 96 48 25
40 117 37 3 76 62 101 16 28 35 86 114 62 63 115 5
0 84 83 1 33 75 109 2 118 11 106 90 107 26 115 19
15 24 22 91 87 123 107 115 30 65 101 92 0 88 97 0
44 53 2 78 0 111 80 118 122 58 80 101 84 67 120 99
92 14 62 51 9 41 38 40 106 11 4 106 100 102 107 16
27 109 94 27 92 46 17 86 104 98 59 60 37 51 31 1
65 93 52 74 6 90 114 112 102 119 91 74 93 70 90 120
51 57 19 15 103 36 101 80 6 32 12 44 83 44 45 20
9 98 94 16 60 81 0 34 72 91 108 37 33 71 29 84
0 48 99 103 84 72 55 91 104 68 7 59 112 52 79 121
22 46 9 83 127 10 117 71 101 98 108 7 41 9 91 41
57 63 16 13 7 72 104 112 12 111 43 124 36 123 117 58
41 127 13 40 9 3 111 110 101 91 117 14 100 81 55 29
16 71 42 23 15 19 7 27 2 51 23 38 46 13 97 87
12 110 127 21 113 110 3 86 73 121 100 45 74 27 74 90
99 116 113 114 7 121 14 10 44 37 48 90 50 17 49 62
0 48 83 113 30 87 72 103 80 44 20 26 72 94 116 43
82 101 29 90 94 43 100 10 81 20 100 3 38 21 66 38
69 21 23 99 108 95 74 60 12 94 86 84 60 74 127 15
24 78 118 11 80 31 82 116 81 24 93 101 56 14 119 105
70 107 101 0 45 88 42 99 16 98 43 30 126 14 58 22
92 49 34 45 80 116 33 34 13 126 7 69 12 126 46 83
105 20 83 23 108 126 122 125 96 37 27 95 52 86 117 16
7 23 61 87 12 94 121 25 92 0 94 105 127 13 60 104
33 15 127 13 13 122 10 110 31 38 77 83 124 66 100 3
90 33 90 102 0 84 127 92 84 93 69 83 106 1 60 11
17 59 25 30 53 35 12 85 73 89 40 69 28 12 72 118
46 35 92 46 119 91 10 75 56 80 31 35 81 91 46 98
22 71 1 76 107 13 33 52 103 73 122 3 86 66 121 4
101 85 50 92 48 60 40 104 12 71 11 94 34 58 64 56
1 65 4 108 79 37 33 54 111 27 57 69 93 50 73 67
7 123 31 55 55 71 31 68 14 43 34 48 101 98 105 102
36 109 83 115 19 116 41 2 15 98 71 108 20 16 47 27
11 79 82 66 22 113 6 37 28 40 85 1 11 62 104 47
44 59 34 63 47 75 65 62 45 8 42 65 24 90 92 35
41 46 101 63 31 108 100 60 20 58 61 31 120 37 78 36
96 112 99 15 59 36 77 104 44 120 41 68 82 5 103 123
51 77 58 83 57 31 15 77 89 76 109 81 114 59 118 82
44 89 98 103 126 47 80 42 39 121 111 121 127 86 116 50
35 47 5 92 78 20 42 39 97 23 120 83 82 110 37 126
72 7 102 70 55 54 112 94 47 95 88 46 54 76 97 89
123 102 54 73 123 96 112 92 119 105 47 73 87 84 72 31
92 46 101 19 100 86 113 19 53 73 66 107 22 35 69 17
9 123 91 4 91 75 96 82 52 15 27 12 100 99 43 64
17 17 83 117 103 68 9 28 14 75 8 36 110 77 53 119
72 16 124 35 92 92 117 16 108 16 28 80 116 72 16 5
89 99 123 64 39 4 92 53 79 100 89 61 49 15 52 121
31 48 28 123 13 17 12 121 34 40 73 22 112 89 27 73
60 22 9 99 26 102 25 105 74 114 38 124 1 91 117 33
11 18 28 24 35 40 17 69 81 90 91 65 51 119 11 111
13 20 83 40 122 108 17 69 94 56 65 96 19 54 1 30
73 36 51 88 74 91 77 104 76 62 70 54 17 51 66 22
30 49 30 54 18 69 2 8 42 40 74 29 16 125 105 89
33 28 49 108 120 126 84 68 61 26 123 78 78 61 100 108
110 3 34 0 72 36 9 114 76 83 16 93 80 121 54 114
22 104 94 14 102 50 82 35 77 77 113 27 11 86 7 121
89 42 122 33 78 3 20 27 86 36 120 38 29 46 24 51
22 118 65 125 41 20 32 118 97 18 17 108 104 24 102 65
66 96 98 17 99 118 44 57 26 36 95 56 82 120 107 105
110 45 102 23 65 6 13 34 24 30 15 0 55 117 65 121
85 36 10 56 26 54 113 53 90 80 109 45 72 88 22 55
5 124 78 70 2 92 105 27 122 120 27 49 109 93 43 66
1 53 122 27 108 107 80 70 59 61 115 4 22 9 59 27
5 9 98 8 101 75 35 96 67 62 17 48 27 60 114 28
114 108 56 94 87 8 36 18 70 24 22 92 33 81 119 39
91 89 47 64 36 82 32 103 16 50 23 44 110 9 72 96
117 0 62 76 9 99 95 79 123 117 43 28 71 34 67 34
124 114 98 32 68 3 8 85 53 31 1 35 41 73 4 30
74 66 107 83 37 74 34 32 63 77 61 6 111 0 40 107
115 11 12 55 14 20 12 67 51 13 102 92 87 106 123 33
45 102 116 82 48 22 115 111 99 48 118 82 48 30 62 35
41 74 91 55 94 103 122 17 117 97 110 76 75 105 109 120
79 97 75 127 119 62 110 90 110 100 44 30 3 106 66 44
52 29 100 18 4 94 36 121 63 18 69 11 123 50 3 74
19 78 73 10 12 55 100 122 28 17 25 31 123 91 75 48
120 47 66 124 14 102 118 77 120 59 88 115 110 92 61 1
42 6 12 55 62 112 49 90 1 74 121 125 37 68 45 29
116 111 26 2 86 16 79 78 75 40 66 57 4 127 59 46
6 71 101 68 55 23 30 57 97 23 54 7 91 99 36 79
82 62 81 40 78 33 119 26 73 57 83 77 56 14 123 62
85 97 2 13 120 32 70 89 55 124 96 19 95 5 98 49
67 52 90 18 85 81 44 30 10 127 107 66 14 102 1 99
71 3 112 63 36 54 25 91 50 121 110 17 126 81 67 66
8 90 91 31 30 76 90 32 0 127 3 84 52 127 41 1
2 6 66 47 68 11 2 49 11 38 2 109 63 65 84 71
27 47 103 57 123 65 90 124 65 93 80 117 92 121 118 95
127 56 14 68 67 16 117 78 54 119 60 118 56 16 61 83
63 36 13 59 102 103 55 39 68 7 28 32 1 18 127 0
75 13 68 14 29 58 93 84 49 25 74 106 41 7 61 104
44 74 35 18 49 90 57 117 98 85 22 99 103 21 99 50
35 40 65 64 98 30 20 19 55 94 125 96 102 59 72 18
5 108 36 55 70 93 44 40 50 66 11 25 88 111 76 123
23 13 59 121 43 80 12 98 46 10 66 20 69 10 38 74
118 74 1 61 39 46 101 89 112 113 115 72 96 63 67 119
76 127 112 119 79 124 89 125 6 27 18 75 37 56 22 28
3 23 89 42 69 62 4 54 47 119 126 15 54 66 6 2
65 118 121 16 115 82 13 121 109 31 69 18 88 91 46 91
114 7 5 56 70 9 110 117 0 108 5 54 46 11 56 111
2 49 127 117 3 13 110 112 44 51 3 4 14 49 95 1
57 101 57 127 110 39 116 111 19 121 37 66 5 94 49 7
15 49 124 19 62 106 3 106 30 6 111 44 56 78 45 113
51 102 112 34 13 100 17 33 94 54 99 99 20 20 106 36
69 102 55 3 80 58 110 110 65 93 27 121 43 72 106 95
47 90 1 60 62 18 93 28 72 64 127 93 85 105 1 26
79 56 30 32 114 12 14 51 105 41 44 20 114 22 115 33
112 116 93 47 6 59 75 79 123 75 44 80 52 45 107 4
101 9 36 87 21 50 11 126 92 55 18 78 78 6 111 62
122 76 109 1 7 57 80 3 4 124 83 56 41 62 60 14
71 96 101 92 19 112 90 111 40 109 61 118 115 44 52 109
120 34 110 0 91 62 3 95 58 86 23 99 21 84 113 92
52 87 57 71 71 19 54 111 0 115 101 115 31 26 97 24
60 79 24 23 14 27 118 72 113 13 44 6 97 29 99 22
116 28 93 60 47 20 43 48 7 17 35 39 43 4 63 103
84 87 126 98 114 116 42 99 1 86 106 99 116 77 121 104
105 86 36 24 106 80 72 114 97 108 25 12 112 88 115 68
