57 58 24 72 19 0 50 38 90 100 2 61 38 108 110 61
39 26 120 78 113 29 9 84 90 29 2 109 26 60 112 84
119 8 28 10 8 78 48 98 50 50 32 89 31 14 22 70
40 14 21 25 43 30 109 6 59 112 115 86 44 99 42 35
107 70 46 115 20 94 86 70 17 118 31 48 4 53 118 45
67 11 70 111 41 52 117 101 36 104 59 80 75 101 116 54
43 34 41 63 0 127 5 17 117 37 65 122 90 56 39 30
67 109 13 109 33 2 82 69 106 13 22 53 114 10 107 29
44 20 92 44 20 97 62 9 6 127 3 97 55 42 127 123
24 12 104 57 14 58 127 120 71 21 45 57 31 24 86 75
44 50 119 64 19 53 74 26 53 77 123 108 120 122 103 16
6 79 73 20 9 72 12 80 93 57 9 124 81 95 71 125
17 63 62 37 116 8 63 41 85 58 22 77 52 125 93 58
77 39 78 86 111 90 39 77 19 48 73 100 16 17 97 33
80 31 70 68 39 5 110 125 63 4 74 115 1 40 45 78
79 123 37 62 85 76 11 104 124 85 76 12 102 46 46 54
77 116 122 117 122 104 114 57 108 60 45 110 100 90 60 51
86 97 114 43 45 125 20 42 82 96 54 56 14 100 110 92
89 105 81 83 81 67 12 62 127 57 44 100 20 104 23 106
74 9 21 119 7 41 33 89 10 88 18 24 60 0 116 21
105 69 104 59 8 117 121 8 46 37 108 66 13 3 44 87
13 66 79 20 107 112 109 117 72 127 14 5 0 2 26 105
72 3 36 80 120 29 88 38 66 68 105 80 72 21 39 85
87 118 105 67 103 86 56 47 86 70 52 86 73 79 63 17
82 100 97 74 1 58 112 68 126 89 20 70 111 59 27 70
50 4 9 25 91 66 72 49 8 125 7 81 76 70 98 30
42 68 104 44 126 88 112 124 50 4 67 33 63 94 103 113
99 113 10 62 51 83 111 59 80 118 13 28 60 111 58 103
51 34 19 49 122 3 46 44 7 113 77 70 79 53 56 50
38 66 112 89 21 95 20 101 85 33 1 18 17 59 121 68
93 12 118 88 15 36 4 22 21 82 92 100 7 20 23 45
87 7 6 108 103 26 82 60 60 83 78 77 15 71 17 108
79 73 62 42 78 27 91 72 18 97 42 18 81 98 113 43
20 5 80 105 95 30 72 104 98 20 20 81 16 72 9 95
17 71 10 95 98 101 39 116 70 82 7 24 52 120 67 72
125 19 49 92 50 121 68 20 14 88 101 30 32 110 126 49
53 8 16 23 109 56 11 51 10 18 75 62 10 15 6 7
34 56 100 84 49 40 104 63 1 77 94 33 59 92 83 112
100 99 7 81 27 19 4 37 37 80 99 48 95 106 55 1
34 27 86 83 68 62 19 69 12 113 102 71 77 57 56 49
29 63 2 56 82 6 94 120 86 65 40 53 43 95 55 77
123 13 33 63 75 52 4 87 37 106 31 114 36 87 35 65
22 37 121 105 43 87 97 2 25 9 55 68 104 110 18 99
123 51 34 71 103 38 30 12 17 61 126 53 20 33 118 43
70 111 20 113 71 117 115 96 126 43 36 102 25 54 74 21
105 108 92 80 19 122 92 36 56 90 89 76 123 79 119 65
62 11 51 5 0 38 101 126 81 10 101 107 64 47 0 42
27 92 122 46 86 87 82 14 49 43 91 45 122 82 110 57
94 33 62 94 72 36 93 25 46 66 4 110 113 4 24 12
96 19 59 55 106 13 69 27 57 32 72 51 115 55 108 81
88 43 47 32 79 12 58 125 78 62 107 63 67 4 76 35
23 7 90 1 20 32 28 77 64 101 1 51 28 109 4 116
24 52 21 103 64 79 100 15 13 80 78 80 84 26 116 107
33 78 108 54 110 8 3 47 109 4 98 9 114 103 126 10
27 19 114 91 98 86 106 111 38 57 64 122 83 52 101 117
2 81 43 113 90 46 32 71 51 2 81 37 105 79 47 4
98 33 96 68 120 74 51 30 3 115 25 87 39 126 76 42
80 119 27 42 37 59 113 88 61 66 125 39 17 45 43 115
78 11 55 70 86 107 101 89 94 126 48 6 124 124 48 76
115 75 118 25 6 104 113 67 42 111 106 60 28 22 47 106
33 103 49 119 82 22 81 48 20 1 54 16 126 102 93 113
49 83 10 55 59 124 123 102 107 101 34 7 123 81 113 29
56 34 20 10 56 101 59 76 103 113 93 101 88 58 86 9
13 97 65 73 93 60 47 72 33 81 79 29 34 64 58 91
64 50 21 124 85 96 23 73 57 63 76 85 121 16 110 71
88 97 60 57 48 114 30 11 123 126 102 115 100 5 31 36
55 52 33 12 21 56 85 78 119 33 35 112 50 18 56 10
115 116 67 35 102 97 46 98 95 21 85 67 26 116 104 81
41 9 93 62 65 50 12 56 83 48 40 5 66 96 15 53
84 82 88 59 51 7 29 18 28 114 86 54 103 62 7 16
71 100 78 8 22 90 64 105 10 104 111 76 73 126 1 29
81 90 88 4 97 117 23 125 104 109 51 79 43 58 95 114
30 45 122 52 7 58 29 18 34 12 94 107 11 96 9 92
58 97 96 27 87 119 24 63 100 75 14 15 5 109 1 35
26 123 87 33 53 116 51 88 1 18 67 12 114 76 104 44
46 72 71 5 64 95 68 36 42 82 52 47 63 53 82 89
49 41 122 102 29 46 62 30 64 2 42 50 78 18 94 124
91 37 1 27 4 69 63 46 23 115 93 86 41 47 47 90
88 42 64 117 88 127 20 24 1 62 74 79 81 40 76 44
77 77 71 81 19 6 127 42 122 92 1 35 11 48 125 99
90 61 88 50 60 108 74 61 43 20 13 124 60 89 40 9
38 111 90 57 117 89 100 111 53 101 18 64 21 15 35 112
77 124 34 9 104 109 71 19 1 84 15 62 45 55 71 83
38 34 13 28 123 113 11 49 86 30 113 107 45 21 91 122
17 126 4 121 107 75 13 108 31 28 42 76 84 114 31 122
20 44 22 15 29 34 64 115 64 50 95 109 71 58 104 88
56 108 81 35 55 94 16 86 123 58 34 79 44 65 73 64
110 96 80 11 2 16 127 66 66 94 47 9 24 23 97 81
3 51 116 58 17 4 16 12 63 50 91 107 116 37 44 98
5 124 109 7 12 108 73 79 74 120 88 99 16 58 52 19
109 40 78 126 45 94 11 108 17 102 87 5 11 3 103 16
127 84 23 12 65 96 91 11 89 51 110 105 109 34 124 90
75 74 89 120 41 100 100 58 74 59 63 86 63 38 102 62
122 126 74 59 94 37 71 55 89 53 32 70 88 29 33 35
103 122 27 16 94 127 74 40 58 9 126 121 47 101 56 42
99 2 101 65 40 44 121 1 98 25 71 58 54 104 93 30
2 6 33 49 85 99 105 14 53 74 6 46 87 60 39 90
113 88 14 74 18 30 109 58 57 21 50 105 7 106 80 9
112 113 58 69 84 35 83 9 109 89 55 69 21 94 31 7
54 45 81 72 75 62 2 5 84 52 110 91 30 62 101 14
47 31 84 3 67 39 13 48 1 68 117 22 35 20 29 89
66 110 34 13 45 36 18 1 89 1 92 119 63 65 6 111
97 90 114 36 1 127 84 2 68 74 25 103 94 54 64 32
37 98 46 82 7 64 83 96 65 47 87 1 113 93 112 82
55 98 118 57 98 74 59 38 20 84 13 115 11 77 19 48
48 65 2 55 2 85 23 67 4 110 68 117 76 52 71 3
23 61 60 121 8 120 31 28 76 44 15 87 121 35 7 41
100 9 96 102 94 119 42 99 102 110 88 50 35 32 53 58
93 114 51 101 106 82 2 54 126 17 14 119 52 21 33 25
31 1 127 125 121 41 96 95 24 57 17 59 89 70 117 54
56 40 28 34 122 30 89 120 47 103 111 100 124 16 125 27
18 124 25 11 38 121 106 62 50 123 121 11 65 110 66 122
22 94 28 16 124 117 8 43 92 119 15 89 8 12 116 26
9 13 37 47 7 15 109 57 10 102 69 75 84 7 69 106
101 98 122 97 87 2 12 52 121 28 13 1 40 1 27 49
15 64 96 22 79 77 79 89 51 20 37 7 27 106 113 0
76 107 97 36 109 110 88 103 10 101 104 50 102 4 100 117
68 68 11 20 18 91 109 69 111 18 77 11 125 62 11 73
42 109 109 23 91 69 126 101 42 103 23 17 107 123 6 47
64 18 67 82 109 49 23 92 67 100 103 64 35 115 10 77
96 119 100 59 61 99 32 103 74 55 120 53 51 127 100 115
17 40 69 126 89 92 90 28 65 66 93 100 53 103 49 21
94 21 80 27 120 112 3 66 39 123 119 90 122 92 77 11
4 18 9 93 111 100 121 48 38 86 20 91 61 69 112 28
90 64 55 83 48 58 21 87 54 13 50 48 105 127 60 109
18 69 74 1 41 67 49 79 26 69 42 87 10 26 115 100
90 43 55 10 101 77 98 27 90 20 76 67 19 8 48 37
77 122 38 119 61 87 70 87 28 113 47 38 11 34 11 102
48 79 122 55 48 119 14 24 20 116 62 105 117 70 127 4
10 120 37 77 85 73 38 96 15 118 98 23 88 80 100 9
31 94 64 80 85 78 104 105 67 38 83 56 108 82 61 118
75 98 68 32 43 106 0 58 96 99 81 57 51 53 66 83
19 2 35 105 80 11 82 19 49 37 76 29 120 9 19 67
107 87 99 22 65 100 80 34 71 33 91 122 87 29 77 106
31 112 83 111 123 38 3 44 75 79 73 67 88 93 6 67
52 106 89 118 78 41 24 21 74 115 15 33 16 93 12 47
77 95 30 73 5 33 117 81 112 63 20 72 28 27 11 80
5 100 70 83 13 94 104 88 81 119 121 97 84 5 16 34
101 47 107 106 80 96 59 65 31 80 9 59 107 21 12 112
121 82 67 7 49 43 95 2 34 88 100 119 94 116 25 67
35 4 45 116 100 105 53 4 57 62 63 36 83 75 20 77
30 87 84 79 2 51 81 36 11 53 27 105 42 52 44 77
56 90 65 29 67 118 33 124 53 96 32 8 44 52 85 74
11 41 25 13 92 106 49 104 32 77 81 74 1 126 23 58
88 89 87 27 79 120 23 4 88 55 13 4 107 98 78 118
12 103 3 104 82 52 80 114 1 34 60 3 32 83 61 120
44 20 19 124 12 42 0 100 97 13 105 76 112 55 66 124
31 69 100 113 121 53 99 123 87 31 126 119 114 59 111 31
79 2 27 91 44 27 63 13 41 40 89 25 96 27 21 127
96 121 112 89 46 83 84 5 114 82 124 100 13 107 3 92
109 30 55 25 58 119 38 99 31 127 124 127 26 17 126 122
10 110 84 57 65 40 62 51 123 59 24 8 38 27 101 20
58 28 45 116 19 84 87 51 83 83 50 110 100 49 104 110
31 60 39 97 101 102 20 96 33 44 104 71 72 77 91 2
106 9 118 125 93 77 48 48 32 99 30 4 20 7 114 51
67 26 20 40 0 41 8 33 85 113 104 29 62 68 31 40
77 21 38 42 98 86 90 2 57 121 6 77 0 121 1 67
19 21 108 19 62 116 52 20 101 28 49 36 96 81 76 45
102 114 87 73 73 50 75 2 43 82 80 43 75 81 110 94
102 90 113 37 79 37 57 52 65 106 88 34 59 37 79 34
125 82 51 112 105 19 34 38 126 61 9 80 53 37 101 41
53 106 70 92 112 116 76 75 62 48 54 49 113 33 26 110
115 78 94 92 97 1 3 96 62 12 48 115 49 22 28 103
0 98 67 113 87 15 60 21 64 114 70 49 19 97 31 6
47 125 99 16 126 102 112 60 114 33 48 36 55 76 11 55
47 78 40 6 93 100 27 29 87 98 78 106 67 109 113 114
107 84 2 105 58 115 38 44 20 86 80 75 34 91 2 81
41 43 87 7 15 115 36 102 85 115 81 24 96 66 10 75
22 12 53 80 127 91 124 19 49 77 94 83 40 97 37 82
12 124 89 27 111 125 2 68 112 83 92 81 21 102 28 43
115 81 123 114 44 119 6 93 68 100 49 109 69 86 63 81
82 24 109 66 21 111 6 6 66 99 87 87 73 115 2 60
69 125 47 113 116 53 79 57 25 0 38 95 86 101 48 40
125 29 106 18 12 113 24 78 84 111 37 29 99 39 90 40
36 9 25 25 62 104 82 87 104 120 54 62 93 103 103 90
4 81 108 17 66 5 95 22 116 5 52 87 44 14 127 81
23 25 106 85 1 60 44 106 52 99 40 17 74 15 107 78
97 87 95 35 92 63 58 81 68 110 40 112 124 40 65 19
65 43 104 66 103 20 44 27 119 85 44 65 100 23 16 69
111 111 105 75 46 35 28 114 17 69 99 13 109 36 32 46
80 8 112 55 28 29 83 20 114 127 85 86 23 101 28 6
85 5 81 3 40 110 118 57 51 89 70 32 125 102 78 77
110 62 5 10 91 88 30 77 87 116 36 110 89 64 116 46
69 70 50 109 52 40 38 103 1 108 7 126 82 85 76 64
19 81 74 111 41 105 60 0 93 96 111 54 32 99 101 101
41 23 82 93 63 120 68 64 100 75 62 54 32 10 118 52
91 65 35 4 42 95 5 7 64 116 61 96 87 34 70 1
57 24 94 120 17 35 56 117 110 119 44 15 1 34 67 93
99 102 97 13 69 102 20 5 90 82 102 50 116 44 51 46
68 17 38 85 52 95 75 35 86 119 50 87 25 117 52 125
91 22 10 32 124 31 38 87 113 12 9 101 56 60 19 124
77 58 82 2 25 29 37 111 20 87 70 45 76 123 42 39
8 6 121 74 76 74 48 108 50 34 84 45 83 13 83 11
96 61 48 20 93 45 10 67 1 90 75 99 109 91 113 117
97 106 63 45 53 111 25 103 18 110 20 101 123 104 112 92
37 32 112 2 77 122 69 79 85 16 50 66 107 35 55 77
14 118 122 67 102 20 42 120 2 63 93 125 39 77 89 76
109 73 79 58 68 20 9 25 37 59 91 16 95 18 93 109
8 88 48 110 108 90 102 110 25 67 107 64 16 69 13 125
14 92 56 82 112 65 107 21 125 70 38 92 88 3 73 97
91 121 79 71 83 54 53 109 121 33 45 10 102 58 7 116
22 63 71 7 1 50 28 126 121 66 90 81 70 35 50 33
28 2 105 111 56 30 92 49 63 10 59 37 68 67 26 91
2 97 98 3 19 126 1 12 65 91 94 7 126 16 40 26
18 17 10 74 48 102 124 111 112 55 21 53 122 47 16 125
16 114 0 35 112 2 48 49 93 14 56 92 30 97 118 49
114 0 123 34 103 119 18 87 47 39 12 41 86 28 38 102
14 39 9 127 41 57 48 6 71 105 98 102 74 89 23 60
89 18 95 64 10 113 24 57 24 36 98 110 65 9 84 79
48 93 78 89 23 127 95 94 104 66 68 50 27 91 110 116
110 77 53 120 62 77 49 86 113 19 68 50 28 24 2 76
118 80 37 13 79 5 107 55 71 48 105 98 11 88 86 121
37 11 113 100 88 34 58 74 54 127 124 82 23 126 31 13
79 68 26 30 73 6 86 16 54 63 114 65 23 73 59 61
84 44 33 45 79 91 119 5 90 115 87 114 114 118 127 65
59 26 95 4 32 53 21 86 117 7 23 12 80 82 73 37
127 106 82 78 70 73 83 32 60 42 18 46 33 18 111 92
44 79 96 76 4 117 34 121 125 57 6 77 12 79 114 11
58 68 89 0 13 44 32 74 86 51 120 119 69 104 83 113
55 52 61 59 41 95 53 38 24 59 116 36 10 102 47 68
43 8 68 56 52 101 2 11 24 123 2 93 99 86 78 26
10 11 85 51 106 10 90 2 69 78 39 80 52 86 20 95
95 89 24 19 62 26 30 86 21 33 51 120 119 1 18 1
12 104 52 118 114 14 120 56 92 31 8 17 118 28 112 85
27 91 2 0 85 33 124 79 58 106 14 115 109 6 91 85
66 22 15 21 98 31 38 49 35 30 10 34 113 120 101 13
84 103 13 41 9 9 120 67 115 6 54 97 12 17 54 78
39 69 100 9 100 10 59 7 40 69 42 26 62 15 39 18
118 52 59 127 62 51 66 49 57 120 18 70 9 72 20 48
14 120 58 114 2 117 122 43 58 36 69 120 51 108 10 41
32 69 41 94 120 107 16 50 100 34 120 109 107 12 30 121
5 88 107 7 77 101 50 7 9 119 0 60 99 10 102 4
80 15 98 72 122 114 122 94 21 114 76 0 127 106 121 4
66 100 11 15 74 62 22 83 53 22 16 25 33 118 29 113
5 127 57 127 114 52 94 7 38 42 7 37 20 0 41 86
100 53 101 46 115 123 2 40 18 18 65 51 8 94 36 13
94 93 12 80 17 106 87 56 20 94 93 40 94 7 126 66
60 99 113 47 95 115 87 113 5 25 36 13 119 72 26 85
37 38 37 55 17 124 111 37 90 76 78 56 83 76 123 15
48 108 62 15 95 22 0 100 47 36 113 38 108 11 124 17
49 33 72 66 30 55 104 120 4 54 49 87 2 44 103 50
24 37 65 119 59 65 91 106 101 76 17 81 87 13 99 8
46 43 75 76 99 51 69 103 105 118 62 107 34 37 30 58
75 95 49 6 33 12 113 6 88 2 88 47 15 59 55 61
102 2 10 73 53 79 48 30 69 111 10 103 20 40 33 95
7 82 102 40 94 87 47 54 89 7 101 104 66 28 37 40
31 47 114 84 126 34 115 67 17 125 42 38 37 75 5 44
29 107 85 123 66 4 49 27 11 22 3 77 51 41 117 82
88 103 38 87 10 25 26 27 22 69 65 59 16 71 104 46
50 61 41 117 65 91 16 76 113 20 25 36 61 14 118 21
118 29 108 0 54 7 27 77 76 93 8 92 36 112 10 86
45 52 75 110 15 92 58 0 112 83 37 45 98 27 66 88
56 47 88 111 54 115 60 2 80 68 94 116 53 105 75 98
29 22 81 44 114 11 44 98 95 81 15 65 109 82 25 37
1 113 20 55 100 80 57 53 21 23 41 74 0 116 44 29
11 125 73 125 9 118 96 104 71 111 41 52 65 66 90 66
97 19 91 121 51 59 41 5 41 26 53 80 74 12 32 26
118 35 65 98 47 56 80 35 85 111 6 124 51 82 6 20
102 98 13 25 29 55 30 70 81 83 22 27 95 54 53 85
89 118 55 8 47 8 43 4 119 50 0 42 4 6 62 106
104 75 3 5 2 34 75 84 117 97 111 85 23 37 42 112
27 98 120 74 106 36 78 97 86 78 11 90 85 73 69 61
20 72 67 23 106 14 107 96 112 90 53 7 127 95 120 27
65 112 101 43 20 52 12 106 2 23 69 87 96 10 21 117
82 88 12 61 102 119 29 86 81 82 94 81 49 86 108 115
70 81 30 91 5 43 69 8 66 10 95 35 20 116 24 103
76 36 36 51 27 65 9 108 19 103 61 68 61 41 55 4
123 86 95 0 1 36 8 67 47 104 102 67 92 126 42 41
34 78 92 61 15 101 42 34 77 103 103 10 17 30 14 12
116 109 12 117 18 21 57 65 125 31 4 89 30 47 2 64
125 94 126 13 68 40 47 17 15 22 27 32 53 42 44 41
23 57 31 41 78 88 106 75 119 111 36 21 30 39 86 27
5 84 40 73 124 88 90 11 110 118 44 35 32 88 77 55
17 108 97 95 68 75 42 59 58 79 81 88 118 39 116 123
123 28 69 119 116 31 2 99 21 46 6 53 7 83 109 24
63 78 120 3 25 34 63 84 113 16 44 103 55 32 99 50
61 40 41 49 71 43 20 93 90 27 18 97 110 127 121 46
77 113 49 103 20 112 59 5 0 103 109 55 8 80 105 69
120 18 118 63 62 11 28 24 38 47 121 20 46 114 66 124
100 116 99 120 100 30 125 101 5 106 28 13 58 6 82 50
24 73 114 86 84 14 110 122 61 103 14 108 90 81 104 62
69 75 54 41 105 51 14 110 30 43 124 88 49 78 11 73
23 125 32 107 11 14 101 73 118 116 53 80 69 29 14 10
104 68 51 81 119 66 63 21 109 59 110 30 10 121 103 33
118 7 13 1 22 114 74 12 102 127 92 43 28 106 53 4
46 105 85 37 43 21 59 24 80 41 54 90 34 29 124 24
37 9 25 59 123 100 71 98 99 35 13 0 13 67 4 59
44 90 96 87 111 27 111 63 68 37 26 102 66 22 126 103
54 121 98 15 114 89 114 101 119 40 62 67 61 49 66 122
90 65 31 26 7 5 42 55 65 89 75 0 104 75 33 30
68 3 46 54 93 32 27 84 72 89 23 6 11 89 0 101
27 31 0 34 36 42 89 101 3 37 101 107 112 7 10 52
10 56 106 103 88 6 60 32 95 83 38 106 45 39 80 72
70 80 106 107 122 67 80 125 104 54 105 88 61 115 12 71
43 119 47 3 125 107 35 92 62 74 71 107 113 23 51 55
103 29 34 97 97 115 94 73 41 71 34 102 58 46 45 101
37 92 104 34 71 12 127 6 86 70 113 71 93 37 126 68
66 33 37 35 20 3 109 61 75 15 35 5 61 80 107 99
45 83 5 116 95 4 122 53 74 108 124 39 17 123 107 83
28 16 119 48 20 100 109 95 115 16 100 48 96 79 19 13
35 25 2 2 29 124 56 104 104 52 15 121 47 123 77 75
11 68 123 31 40 104 126 27 120 99 75 89 50 95 102 85
120 104 88 21 101 16 125 77 68 13 71 116 8 20 63 19
88 59 51 0 35 49 27 28 20 102 117 71 69 91 28 61
68 116 83 41 4 80 118 73 93 61 61 101 81 124 121 41
55 44 41 91 93 68 119 114 43 108 57 112 71 85 46 11
74 1 52 78 81 43 23 47 104 84 20 58 81 13 99 8
57 13 99 23 81 90 9 124 70 66 109 14 23 27 25 97
28 78 48 109 121 71 28 97 28 49 27 109 62 127 117 120
12 89 15 93 51 24 90 122 90 71 8 113 98 33 83 126
111 3 107 104 74 8 74 102 57 101 83 119 100 73 111 112
34 126 78 85 22 40 79 112 111 87 98 81 121 53 79 104
56 58 81 2 66 27 105 123 0 60 115 101 5 98 85 39
97 35 125 119 75 76 104 58 36 74 11 29 127 90 5 55
21 86 57 87 113 34 83 114 95 70 87 100 40 44 12 9
80 9 1 27 85 105 86 121 51 97 22 50 60 28 105 81
114 34 40 100 69 123 86 36 65 45 8 106 89 20 115 41
29 116 69 115 93 27 108 16 124 3 66 56 31 43 9 17
78 50 117 19 45 75 55 111 120 63 89 82 84 76 123 113
65 64 100 30 91 81 47 88 84 113 16 115 29 26 4 107
