126 17 110 32 29 35 43 92 34 108 50 40 13 88 5 78
122 79 61 28 4 38 55 27 111 2 45 81 54 29 18 52
46 1 84 75 36 127 40 71 107 90 111 120 50 116 71 44
67 4 72 71 42 0 99 26 2 16 107 57 46 126 109 92
127 66 40 35 65 80 106 45 42 89 37 92 77 108 9 17
113 81 88 27 81 59 53 84 76 33 13 122 31 122 86 30
60 126 65 126 78 44 43 120 5 80 85 83 61 94 100 46
47 60 73 1 120 127 85 68 32 98 62 63 92 20 93 25
19 30 23 97 74 66 90 80 18 47 35 79 13 7 125 60
67 71 61 59 70 18 127 102 116 61 37 81 82 2 106 101
32 1 70 107 67 32 59 85 79 94 37 92 101 34 25 40
105 86 100 47 105 99 21 93 33 58 46 115 60 24 88 93
25 30 72 92 63 3 50 14 97 87 107 70 121 4 110 99
90 82 18 67 54 40 33 87 98 79 74 31 104 34 124 1
64 68 94 127 71 16 14 40 103 121 110 96 125 92 67 87
47 86 27 101 126 60 60 96 11 6 127 115 40 123 117 104
63 83 104 6 99 118 46 74 111 28 42 108 121 110 67 40
68 94 13 66 26 73 34 38 79 34 25 119 29 14 95 93
97 71 99 68 61 18 14 44 46 57 24 39 39 92 79 107
58 92 45 85 37 79 123 116 113 20 107 15 35 75 108 4
18 79 73 80 97 87 124 16 16 21 55 55 113 7 34 43
99 79 0 9 31 123 125 16 16 105 31 51 52 11 55 70
91 0 22 60 88 19 76 104 40 4 32 25 11 66 68 110
18 69 119 49 64 117 65 80 94 97 3 18 108 59 88 71
59 111 4 19 2 80 124 42 84 28 67 95 94 7 78 112
76 69 33 13 58 99 93 24 68 97 42 48 28 3 120 87
114 124 107 116 76 103 30 33 3 97 0 97 104 78 82 53
20 115 66 78 86 31 103 26 0 17 75 28 20 67 116 6
63 95 122 11 70 24 44 73 121 45 42 98 123 124 23 15
112 89 94 70 120 69 97 121 86 44 21 107 111 9 113 46
104 108 57 46 4 102 119 126 19 34 96 14 30 119 30 14
80 124 85 72 65 54 65 23 98 87 2 81 96 116 127 73
84 77 122 35 37 5 35 58 37 125 107 67 49 29 111 116
73 93 113 83 82 63 6 125 116 71 116 30 10 81 4 94
30 126 1 67 3 36 125 40 34 104 107 83 6 91 72 79
56 57 34 10 120 41 8 108 112 124 11 123 77 15 89 107
13 91 47 16 127 44 56 33 21 36 117 27 127 61 106 55
118 13 66 110 54 74 91 38 70 102 33 20 117 123 127 2
86 46 18 85 91 74 119 112 110 108 11 109 41 117 37 31
2 103 13 56 49 104 95 119 78 0 11 67 123 11 69 81
57 87 39 20 34 30 4 16 10 15 126 51 5 35 82 7
10 95 64 59 72 31 50 22 31 62 90 27 73 31 108 2
119 19 23 25 49 27 41 59 43 39 110 48 74 64 55 84
32 119 15 104 22 66 126 54 0 88 81 73 120 61 75 111
81 98 8 2 126 49 62 41 89 44 89 35 109 16 120 13
8 7 117 30 73 115 84 73 76 37 18 68 99 94 51 52
64 59 54 62 108 116 103 69 33 64 105 14 81 97 27 89
104 16 119 50 3 76 123 79 113 14 19 84 108 70 8 44
1 63 107 110 51 82 51 84 19 28 98 100 125 125 61 102
13 52 24 17 0 19 96 114 33 116 70 13 58 79 58 60
14 37 42 65 119 93 22 10 122 120 110 119 118 43 93 3
96 117 20 96 9 117 82 42 105 25 56 35 104 114 95 118
23 9 55 14 103 77 25 97 70 7 88 60 51 54 63 19
43 84 115 52 73 70 95 50 95 23 85 71 9 53 61 32
62 116 46 37 66 71 6 8 79 95 68 2 21 3 21 64
87 8 117 32 78 84 82 45 107 40 116 116 93 49 20 27
38 66 65 104 10 71 112 89 38 52 91 59 55 112 124 15
120 113 47 71 69 2 116 48 42 105 36 7 26 56 34 64
122 99 40 4 43 24 93 81 76 56 13 4 40 9 19 33
122 66 104 63 68 92 111 110 69 19 117 96 75 24 32 69
123 73 74 38 97 39 120 46 96 5 50 8 14 69 41 8
7 17 71 76 110 54 58 51 73 48 19 20 72 52 89 67
125 35 106 94 75 98 12 43 103 62 51 117 3 93 125 11
110 68 87 92 122 17 16 67 65 35 87 9 87 48 77 84
81 21 105 72 7 21 8 20 47 18 38 65 31 78 80 39
61 43 118 31 26 36 16 34 73 120 7 121 45 94 98 126
116 75 71 123 97 79 15 16 97 53 81 0 4 33 39 65
76 30 96 102 66 113 9 11 105 16 4 22 111 102 21 99
50 92 94 19 43 109 35 13 35 117 13 39 22 53 104 99
83 73 73 21 58 82 32 35 99 36 58 82 10 79 53 60
43 19 79 86 0 115 99 35 104 113 74 126 38 51 97 121
124 43 14 54 125 46 89 96 82 19 50 92 98 103 25 13
122 104 100 123 91 71 30 67 56 105 66 94 28 35 87 24
78 101 78 76 19 39 44 101 59 95 66 29 70 91 43 65
67 15 60 31 86 90 98 15 67 36 109 95 72 69 119 22
42 69 98 62 109 15 35 40 110 101 69 52 64 112 117 4
127 49 35 86 12 5 101 79 42 82 47 114 23 38 8 66
108 107 0 89 122 35 1 104 9 70 28 73 55 18 77 54
67 112 12 79 118 113 31 32 68 78 18 91 116 26 29 96
5 29 57 127 65 58 103 74 1 4 19 56 22 97 110 89
81 123 41 71 108 72 103 48 22 121 12 10 20 41 107 25
71 36 25 8 95 0 82 96 4 101 24 26 70 6 116 24
1 29 95 110 101 71 30 123 64 42 5 84 84 112 110 27
21 7 35 116 7 117 84 12 90 108 38 33 114 26 57 116
55 24 98 28 95 0 23 32 43 29 116 127 13 98 26 34
105 61 22 113 50 106 125 12 86 35 45 73 62 102 61 117
127 31 18 94 31 41 126 74 70 115 73 84 85 99 118 63
32 13 48 82 119 45 95 78 80 12 23 14 115 84 4 114
115 22 80 18 63 79 93 6 66 38 90 23 10 80 86 42
93 6 125 85 51 92 35 4 104 58 18 91 14 22 77 1
44 30 19 108 109 112 114 47 23 76 70 33 28 29 75 122
35 72 79 87 36 114 91 13 44 109 104 58 4 54 59 48
84 78 28 65 63 14 112 86 90 54 119 119 83 66 113 119
11 64 78 47 50 41 60 94 22 37 24 26 91 83 75 47
33 103 112 96 118 96 54 80 22 45 71 106 112 56 97 123
120 47 42 42 88 103 8 110 12 32 9 103 115 84 22 21
127 47 27 68 105 42 14 90 96 108 126 63 47 101 123 23
124 11 120 77 64 32 60 107 51 83 104 54 8 27 14 7
74 41 76 52 84 90 14 52 70 12 115 117 113 111 12 110
122 5 59 58 37 119 37 88 75 13 15 83 41 29 90 115
71 38 39 27 1 53 79 71 66 67 61 51 50 73 33 44
78 93 103 115 84 12 76 31 26 91 114 67 120 77 54 63
115 94 90 116 19 42 60 85 109 121 9 31 66 42 75 17
7 50 4 92 63 80 123 89 43 110 28 36 59 82 99 46
48 62 35 68 104 95 25 85 88 34 116 26 77 63 43 84
114 48 48 49 0 44 10 44 26 38 80 85 120 51 3 41
113 38 109 89 5 6 46 93 41 34 120 118 98 35 74 84
83 123 5 84 39 15 0 65 53 80 22 45 3 25 86 117
64 67 78 69 74 125 35 115 31 27 105 1 62 51 85 18
46 90 102 85 105 102 22 30 54 44 76 57 70 34 46 6
102 125 75 48 122 110 35 25 9 12 27 72 63 112 90 110
75 64 67 52 38 90 83 92 6 31 21 76 65 68 82 39
65 30 87 59 12 122 84 22 6 111 94 70 96 56 52 43
120 119 95 30 81 50 122 88 81 15 36 19 83 119 58 20
21 18 79 33 12 36 55 19 19 21 89 115 77 13 30 69
4 126 99 86 48 93 46 2 109 82 21 64 73 79 85 94
97 36 0 110 72 55 1 92 77 90 79 26 103 110 96 107
108 67 65 28 33 111 30 14 66 51 78 11 3 35 106 100
72 106 82 16 33 83 108 110 45 60 9 20 42 105 0 22
44 65 50 77 49 81 91 115 4 42 126 7 77 104 108 21
82 62 38 116 18 18 98 63 78 107 84 120 84 84 14 1
21 65 78 70 18 42 57 22 84 56 30 33 32 10 55 115
72 93 103 90 111 73 26 62 53 110 54 9 66 69 10 87
6 89 30 24 3 87 46 87 15 76 120 48 86 47 35 31
12 10 121 124 83 19 58 8 1 112 18 67 53 28 27 59
117 57 83 120 16 2 79 32 78 72 80 37 119 115 68 4
125 61 0 80 81 58 89 82 42 107 22 96 7 49 27 125
106 111 117 122 113 69 26 63 13 106 100 4 93 40 8 90
2 7 106 6 127 46 34 21 89 98 8 105 56 29 6 45
77 56 97 127 53 84 69 26 71 94 78 49 123 120 22 126
127 1 4 126 47 38 19 9 9 28 114 65 57 120 110 7
48 79 6 102 35 75 0 107 41 79 28 37 71 51 35 70
52 39 68 99 78 87 108 87 115 94 24 45 87 6 52 7
86 58 109 121 5 110 100 46 61 1 83 4 52 118 74 104
30 14 75 108 101 56 67 89 22 91 6 109 97 58 117 55
116 98 49 121 80 21 39 13 22 123 17 74 113 91 50 15
105 126 123 79 54 62 40 76 25 46 58 123 104 47 50 92
17 99 85 98 121 124 111 15 119 1 90 105 92 12 120 70
10 116 21 64 50 61 13 76 107 71 71 83 118 121 47 7
93 4 105 86 0 89 101 120 90 63 97 54 76 89 124 86
77 17 23 0 78 36 76 57 107 19 12 97 12 59 104 105
63 82 63 64 43 37 56 5 100 25 59 48 114 56 7 64
73 30 64 24 66 12 81 45 31 94 14 43 25 118 21 89
72 84 25 115 121 81 120 94 106 52 14 92 108 21 28 53
51 92 77 117 104 31 34 7 125 48 51 22 39 72 111 111
28 8 99 22 89 91 116 67 15 2 32 123 24 60 49 75
25 126 65 1 29 99 9 26 20 60 49 59 4 32 42 32
41 13 54 2 105 42 70 120 45 102 116 69 34 37 16 59
35 81 61 65 53 70 91 73 2 12 4 6 45 46 38 86
60 93 88 37 7 30 29 52 4 17 121 39 54 10 98 90
91 31 27 16 101 118 89 103 3 93 109 48 12 20 6 72
113 94 109 120 125 10 45 1 28 38 40 82 48 11 44 12
42 71 28 16 62 118 119 65 83 101 113 95 121 119 39 106
85 20 98 82 31 15 84 59 54 124 13 102 7 58 114 50
1 15 66 63 5 57 0 88 30 113 56 23 104 95 1 62
116 100 16 19 115 100 78 41 97 91 16 104 21 2 26 23
17 92 86 22 22 87 111 52 72 39 76 49 6 77 111 122
49 127 13 37 100 91 78 69 55 94 45 76 97 72 99 114
36 58 9 58 17 120 111 89 31 59 10 37 8 121 32 58
121 45 95 93 9 45 34 64 12 79 12 109 23 112 95 60
25 9 123 36 33 19 46 49 75 62 107 55 82 117 42 126
6 32 92 67 26 105 16 90 51 7 109 18 9 37 32 35
46 28 71 80 47 117 1 123 51 109 50 6 98 92 4 104
125 97 44 23 74 60 114 125 67 95 15 77 4 48 112 51
76 55 3 123 45 4 118 96 113 41 102 83 5 107 60 2
76 104 26 22 36 12 19 104 107 34 53 112 82 37 35 30
92 38 26 9 42 16 106 28 57 80 111 63 59 43 65 7
19 91 29 56 103 48 32 83 83 85 67 37 122 102 68 86
12 94 96 54 110 74 82 40 26 66 103 86 109 40 93 1
4 123 57 107 43 89 62 126 46 1 36 40 103 104 126 115
70 94 42 52 40 124 92 67 62 67 25 44 108 118 45 112
113 102 91 29 63 26 27 109 27 63 21 3 39 19 118 109
114 32 34 26 29 126 93 91 66 118 7 46 109 52 30 94
26 121 123 89 19 23 70 47 86 91 50 126 111 40 107 97
73 13 123 102 12 89 65 78 79 73 124 60 125 26 27 24
19 22 113 39 45 56 86 4 19 8 2 2 48 109 99 121
123 95 95 7 56 33 85 7 106 81 68 103 107 95 127 126
117 113 37 35 41 123 39 60 3 41 63 52 22 34 45 17
1 13 24 57 46 109 65 24 62 5 127 41 100 127 40 89
112 77 124 25 73 35 85 76 76 20 0 99 55 46 116 56
59 13 114 105 122 51 1 57 56 0 98 28 127 10 117 111
88 114 8 33 21 94 109 98 114 110 69 41 28 57 98 87
70 84 64 65 7 65 122 63 65 92 91 65 103 80 48 63
66 57 96 88 23 77 58 9 59 127 51 87 56 21 46 127
105 110 64 112 47 58 47 113 22 10 50 125 90 98 60 29
27 28 117 50 106 47 60 37 46 111 125 102 4 43 101 109
26 37 93 73 95 12 58 118 22 108 115 112 79 48 13 106
76 2 29 54 49 89 92 95 72 89 70 76 4 43 57 30
81 22 104 48 34 34 38 56 15 26 40 94 74 54 72 22
56 101 77 106 62 41 73 6 2 15 82 6 59 11 37 12
33 13 60 67 47 99 123 62 125 36 28 71 90 101 93 18
74 42 124 9 83 70 15 85 85 98 92 16 109 1 28 15
99 103 4 117 34 57 54 39 101 119 97 86 32 55 119 23
69 32 15 90 0 74 67 48 65 38 21 18 89 95 14 60
71 19 49 105 76 104 16 50 95 114 8 0 41 127 23 110
31 38 72 31 112 11 79 50 49 100 68 11 68 82 71 11
101 121 116 50 97 5 100 64 119 108 64 32 107 88 14 10
126 86 41 111 97 120 33 19 92 101 30 32 55 101 43 29
94 32 79 63 37 51 0 28 31 64 60 10 24 74 20 23
32 61 6 1 53 39 20 17 12 50 50 67 24 93 96 118
125 47 54 34 98 54 62 1 118 122 11 15 68 31 38 100
92 44 102 17 83 122 35 95 45 85 34 69 50 3 59 48
50 113 82 21 39 17 22 30 11 34 45 80 65 83 52 30
127 26 47 82 21 82 49 66 39 83 7 90 86 66 10 9
52 92 30 91 109 52 121 121 86 38 73 24 121 125 54 120
24 101 74 45 56 123 111 95 79 118 57 37 56 67 46 108
32 76 72 13 1 65 6 87 104 79 111 97 77 37 90 101
11 36 18 67 32 1 34 111 119 92 20 47 31 67 28 63
15 100 77 16 37 83 104 13 35 87 111 112 125 73 85 8
109 103 75 13 104 109 124 95 73 17 14 105 84 42 40 99
14 117 116 52 73 92 65 108 51 48 92 48 121 49 56 103
24 3 116 0 113 113 95 58 2 109 35 86 24 76 57 38
65 45 90 10 9 28 118 61 76 82 109 70 3 38 45 27
41 33 27 26 18 122 85 20 104 120 106 0 68 36 38 6
81 1 16 91 29 7 24 105 89 5 47 93 43 92 120 85
126 20 111 16 14 68 37 118 61 15 118 1 51 29 7 5
30 24 96 59 31 120 36 120 125 84 85 41 48 78 126 46
98 109 63 112 50 100 103 111 115 93 112 39 122 120 44 24
16 12 83 47 4 120 39 1 76 125 42 124 75 40 43 45
22 106 29 72 78 4 55 65 98 39 104 92 31 20 117 47
32 72 94 36 64 6 38 12 3 80 9 78 121 52 123 15
30 24 87 108 29 14 45 127 53 22 91 85 42 80 4 75
25 99 111 89 105 21 102 108 102 111 58 95 35 53 110 65
77 69 45 106 83 90 105 8 112 69 93 27 21 98 102 46
60 44 40 8 94 93 115 82 102 75 25 94 30 79 85 46
15 112 7 38 105 62 64 118 79 18 44 5 81 80 116 14
124 29 22 90 122 9 44 96 84 70 62 114 21 20 32 36
4 39 75 109 101 11 99 52 30 16 58 111 96 46 125 92
75 19 55 70 28 99 38 112 41 101 99 63 121 3 99 125
43 46 106 16 58 78 69 88 94 127 71 62 45 69 26 121
88 81 63 117 53 101 101 94 74 72 29 67 76 1 64 119
47 43 7 105 121 76 65 87 75 9 21 121 78 47 114 38
1 49 27 54 22 1 20 97 73 50 36 21 51 101 12 98
16 20 76 9 96 13 96 44 22 117 37 100 36 23 11 37
72 38 91 94 39 112 63 113 34 100 6 85 73 19 55 89
39 3 98 7 17 66 51 39 55 88 12 91 111 23 1 55
61 92 22 101 76 85 86 110 57 92 67 2 111 123 91 22
126 61 30 15 127 81 55 54 42 67 18 25 90 19 81 23
111 103 124 60 60 82 42 118 47 110 120 30 105 84 53 103
17 83 119 17 36 46 71 78 113 89 104 75 108 57 98 92
32 95 24 92 49 66 82 96 48 75 127 25 31 52 1 48
7 120 65 43 38 9 122 23 98 98 98 79 27 68 43 59
35 67 23 85 5 106 53 54 53 52 79 84 104 80 4 111
72 70 27 110 79 21 5 49 119 103 0 18 44 43 77 79
110 100 36 116 78 90 42 3 14 121 87 119 74 92 102 18
34 1 1 113 22 6 34 13 110 35 31 26 78 108 105 61
81 14 49 31 104 91 35 118 84 122 109 30 86 84 49 120
85 50 105 108 56 12 121 38 47 25 64 125 5 42 58 86
56 107 118 32 70 25 22 27 19 4 57 106 88 106 98 45
28 76 25 85 88 19 123 7 44 60 4 49 102 63 8 30
42 126 62 113 23 84 12 42 88 69 20 48 48 119 94 76
67 119 33 27 10 29 34 54 89 38 104 63 101 112 93 16
110 27 1 5 111 13 47 72 82 68 120 2 59 86 79 126
78 112 25 88 13 59 15 102 97 119 37 71 103 2 87 85
29 88 90 13 101 9 85 55 77 77 58 8 36 9 6 114
121 31 74 7 90 89 109 60 80 19 3 55 21 90 12 51
61 8 5 9 21 93 33 108 104 50 101 77 44 62 81 116
123 52 115 83 37 103 109 117 101 36 110 36 117 75 5 50
83 10 60 105 103 93 85 80 15 59 29 59 121 110 47 116
34 34 71 71 10 53 61 111 89 43 19 79 118 24 1 74
34 61 51 9 26 8 89 41 67 119 100 61 101 20 49 8
54 121 79 64 46 12 47 7 56 66 86 46 90 88 120 124
21 43 6 48 52 95 89 119 86 62 52 60 82 102 68 8
95 19 73 13 32 120 20 88 59 107 6 21 67 127 18 88
42 24 8 94 119 98 86 78 32 10 10 114 112 78 122 79
97 67 92 1 60 113 89 119 92 96 12 31 95 30 119 9
54 0 104 46 98 62 124 2 72 6 116 57 84 110 8 53
50 101 55 110 86 16 101 50 112 113 81 79 16 72 89 70
72 65 116 42 127 112 44 71 118 32 0 74 15 9 0 65
110 55 47 68 71 20 118 56 5 71 7 21 15 96 92 88
33 80 2 32 65 47 104 55 79 104 2 94 113 2 31 95
57 78 35 0 98 25 56 104 96 64 125 112 32 89 72 66
42 74 98 107 121 74 34 73 51 36 39 36 38 71 4 95
21 39 96 120 65 24 96 33 88 93 17 121 55 89 59 97
36 29 76 29 104 110 102 27 19 14 63 57 85 67 25 106
107 121 98 44 17 66 77 106 32 95 99 87 56 30 56 92
59 4 122 35 114 96 62 5 110 126 63 67 65 88 46 44
81 16 88 98 83 38 76 115 5 47 74 61 77 2 26 9
6 20 44 120 116 107 126 99 105 61 38 42 21 84 87 102
101 47 72 56 85 21 43 90 68 117 24 18 119 50 27 125
70 71 117 58 50 115 29 27 48 68 70 69 24 29 43 125
76 116 53 34 9 96 124 77 85 20 95 76 70 122 73 12
66 63 71 116 50 100 16 99 40 86 40 65 115 84 62 63
72 116 97 81 84 94 30 42 114 126 118 57 120 64 69 58
127 12 47 49 113 63 20 25 21 61 90 8 17 25 71 89
13 41 42 97 7 72 11 121 70 2 50 63 66 120 121 65
4 40 114 117 103 7 15 124 68 105 4 85 2 76 46 15
117 88 113 124 32 124 117 103 126 40 38 64 32 31 1 36
53 40 86 113 92 39 20 42 109 79 95 15 103 69 2 73
113 38 42 40 29 118 69 58 17 61 62 17 82 120 92 8
32 50 121 124 89 14 39 70 93 6 86 68 75 88 13 61
126 55 101 28 45 42 86 62 103 20 79 58 13 44 66 45
94 59 42 56 73 81 126 38 87 84 106 34 45 119 95 43
46 68 71 91 110 29 26 86 50 105 16 63 21 82 108 116
13 22 44 87 103 42 125 62 127 104 97 44 95 64 87 14
5 31 105 115 60 3 73 110 109 89 45 2 43 26 118 57
48 34 16 24 77 13 86 76 117 55 120 85 120 79 99 125
110 76 112 43 80 58 25 61 19 71 63 63 97 54 120 17
88 8 41 37 21 0 113 11 55 105 96 47 57 67 44 39
15 29 82 95 87 108 28 106 51 92 41 20 18 33 37 106
41 79 16 63 79 1 74 6 107 42 54 36 109 98 75 124
127 30 92 86 10 120 65 61 84 106 81 102 12 118 81 53
69 97 116 20 98 62 27 77 104 81 113 85 51 61 82 51
91 46 9 101 38 74 34 123 53 115 97 65 105 50 118 47
19 107 67 118 41 94 67 18 47 53 103 99 114 57 22 77
103 31 50 14 106 84 9 31 71 106 96 48 29 86 95 48
65 35 38 107 1 106 125 49 31 100 20 17 30 42 94 5
73 16 19 51 100 28 82 43 7 50 91 36 9 59 84 74
94 123 53 95 101 50 16 4 23 36 21 53 78 115 58 24
3 78 75 103 106 30 18 113 80 109 21 89 40 106 36 6
101 89 102 74 12 118 78 35 27 99 88 105 86 18 1 89
96 77 64 75 107 82 60 59 63 82 21 104 60 57 110 33
18 84 107 30 75 57 65 102 28 25 79 114 44 81 75 12
30 11 87 9 93 20 68 28 102 89 4 34 18 115 67 37
71 46 67 18 103 5 120 3 30 72 117 74 25 64 87 55
75 46 64 40 66 4 68 40 94 73 74 112 60 13 21 3
59 89 22 34 94 14 37 124 86 26 71 111 90 30 38 37
76 102 77 15 107 18 55 73 91 2 57 23 15 79 26 75
40 48 109 6 63 19 2 21 45 73 5 8 103 43 45 52
18 123 67 125 13 122 70 104 124 127 127 12 78 25 87 118
