102 47 61 17 55 86 127 110 113 61 52 47 79 122 79 124
37 90 68 3 127 121 5 78 66 59 9 16 16 8 42 118
55 103 7 111 61 7 93 46 68 18 93 19 12 44 15 49
6 84 53 6 77 58 84 15 118 93 31 6 101 73 124 28
48 3 11 109 10 105 28 78 123 121 98 7 38 113 56 44
69 109 50 18 40 6 33 30 99 65 36 72 10 32 101 59
35 112 40 46 89 68 124 84 62 94 91 100 80 20 16 21
1 67 40 41 73 73 71 45 10 107 117 21 11 90 80 47
75 120 93 36 61 89 121 123 56 84 95 8 104 111 29 106
50 69 19 124 15 91 41 25 70 30 46 82 121 126 1 68
119 94 104 52 55 97 47 111 54 14 119 30 125 21 8 48
90 28 44 105 119 85 3 61 115 49 15 108 48 16 48 39
110 25 91 38 122 10 21 48 24 13 79 21 34 87 69 124
115 113 102 106 70 105 40 58 26 55 38 74 72 87 113 54
112 76 92 106 86 114 27 110 127 106 4 33 65 73 29 53
59 3 31 1 108 71 59 7 127 98 81 71 57 67 125 41
15 90 19 102 76 46 84 75 24 88 108 90 34 9 15 93
13 46 94 121 118 26 0 117 124 82 60 53 21 57 94 36
19 113 10 95 32 95 42 56 55 22 18 89 32 33 54 45
80 21 38 70 47 39 59 43 121 119 96 14 48 62 50 68
47 61 35 79 28 78 8 83 100 26 45 4 60 99 49 12
120 88 82 39 127 13 82 120 4 50 6 52 112 56 120 32
117 28 111 17 106 119 101 78 18 18 83 78 117 4 90 110
92 44 21 91 57 104 83 61 26 89 113 11 18 106 43 7
6 26 25 112 18 126 62 36 16 17 114 5 22 76 115 114
120 9 78 49 113 33 110 11 123 95 22 13 73 65 20 79
92 45 63 110 43 126 18 59 15 4 65 37 80 52 24 72
61 102 121 46 7 103 58 2 70 80 15 16 18 36 95 110
81 31 92 125 29 110 56 44 114 121 82 66 46 106 10 107
80 3 26 87 106 84 90 48 36 105 64 54 13 32 36 95
63 0 92 92 110 20 8 96 14 90 34 60 68 44 39 20
47 65 108 25 21 70 74 58 47 10 112 61 42 21 28 105
11 68 14 74 32 20 11 66 41 97 64 114 71 72 16 121
46 28 33 77 94 124 51 85 72 46 43 25 97 93 61 108
33 75 54 65 96 66 4 9 35 68 123 107 12 11 100 59
39 5 8 5 2 59 91 74 106 6 99 75 99 32 55 4
108 110 70 76 48 74 85 83 14 81 62 27 92 35 86 4
40 94 9 42 26 100 117 4 107 88 79 78 121 6 83 101
116 25 49 36 99 6 120 113 87 54 12 52 89 98 56 2
65 65 44 91 38 33 95 17 122 46 95 115 52 50 88 41
75 9 77 46 15 69 32 103 124 44 27 85 15 83 87 80
20 4 43 58 37 10 75 31 56 43 18 108 93 106 21 41
115 99 87 3 40 119 106 36 36 5 122 51 88 81 3 108
85 46 39 123 56 114 26 112 29 45 92 123 23 114 36 11
85 123 14 125 115 120 34 23 125 28 74 85 109 77 65 67
123 104 62 51 91 88 35 120 5 127 115 29 113 23 40 70
19 54 68 6 46 102 29 43 2 103 0 111 52 65 50 47
42 112 98 5 73 5 125 78 4 113 107 118 8 19 60 27
73 0 33 119 102 62 34 104 37 34 88 89 100 10 8 14
123 106 19 68 111 16 18 116 1 126 106 10 17 38 37 91
39 71 82 13 5 117 118 43 23 78 4 123 88 13 9 83
119 28 23 103 45 42 91 46 40 69 56 57 107 94 20 18
37 103 32 42 92 22 85 115 100 90 111 60 103 120 16 94
21 39 69 66 81 32 112 121 101 41 51 81 7 71 99 44
46 3 86 10 25 44 126 125 6 109 58 109 101 74 75 122
113 17 60 67 49 45 60 23 86 111 104 93 55 75 9 101
79 95 112 104 11 110 102 17 91 32 126 64 106 74 59 91
91 119 30 12 36 91 35 122 74 11 87 1 87 96 103 38
64 87 14 75 69 116 93 32 20 91 96 126 37 27 90 0
19 120 13 55 83 48 50 30 60 9 31 19 106 6 57 42
93 71 117 34 60 82 66 80 46 35 79 83 62 41 84 81
33 97 9 117 17 59 19 77 68 50 96 46 57 25 88 22
97 78 57 29 32 123 109 78 30 60 34 93 101 118 46 7
87 55 124 104 114 15 54 55 65 22 101 122 48 62 17 17
116 20 113 79 0 35 5 43 11 126 62 126 109 1 103 105
74 95 26 96 116 56 115 121 25 12 11 124 29 18 61 18
38 47 97 39 82 103 82 93 101 16 91 82 18 66 59 92
34 85 60 22 13 48 15 38 60 26 34 89 45 96 107 83
15 77 122 97 52 77 63 25 93 26 107 111 93 38 75 127
123 8 21 8 56 36 47 116 62 81 77 107 49 57 63 64
6 57 34 58 6 97 83 100 123 62 83 88 100 31 87 95
39 108 103 95 16 22 83 79 104 32 58 25 89 121 90 95
51 124 25 57 93 108 29 88 42 113 49 14 16 8 109 55
117 85 22 5 107 105 84 83 9 15 109 99 8 71 66 59
67 92 117 32 72 18 120 115 3 41 1 19 50 111 74 39
68 96 44 47 73 1 3 83 16 112 54 24 55 120 84 122
84 73 26 29 91 18 16 95 60 17 114 110 0 61 21 68
29 65 116 103 66 119 58 82 103 112 107 30 104 63 24 61
8 50 90 99 68 106 66 0 123 53 110 124 114 3 64 15
69 52 118 7 43 48 90 18 32 69 48 9 4 72 70 12
122 32 111 63 10 50 63 5 103 46 1 89 49 66 104 118
118 95 126 34 15 88 52 48 29 101 57 33 45 127 45 40
31 28 103 41 78 38 46 53 84 48 14 6 114 119 124 104
86 122 10 101 82 63 21 111 36 78 16 81 77 61 121 108
90 96 21 40 7 68 94 91 116 108 97 102 99 94 78 57
88 89 31 43 24 52 26 60 3 43 13 80 104 7 61 66
103 82 107 110 22 73 74 10 53 43 112 25 9 63 82 98
24 113 13 48 38 39 108 41 82 121 121 59 0 54 125 104
9 104 86 31 49 32 42 103 76 26 0 85 89 82 55 113
68 68 33 106 108 13 19 62 7 12 121 7 67 119 111 76
95 70 107 17 102 21 120 50 48 120 8 9 74 63 123 14
4 28 120 112 42 11 46 49 24 40 56 91 31 40 39 126
110 18 15 84 40 7 7 88 127 15 97 74 78 92 88 82
121 81 66 35 92 113 84 116 25 12 79 56 52 118 54 34
9 70 119 49 77 126 9 77 13 106 23 91 71 111 46 64
64 112 99 29 97 55 17 122 67 97 50 120 87 105 26 96
99 72 113 17 96 16 22 59 64 83 54 23 51 96 116 77
30 80 38 47 49 106 65 0 36 49 77 90 84 29 66 56
102 51 73 70 67 96 1 3 51 56 26 102 24 15 51 55
95 89 102 16 67 39 17 104 88 94 66 45 124 4 101 98
55 46 40 122 14 42 125 65 98 24 39 122 39 90 49 6
51 24 22 119 63 39 95 24 6 33 69 2 37 42 100 92
88 12 86 103 54 83 40 24 107 80 19 18 42 68 24 94
92 47 85 28 86 52 52 92 85 121 94 122 35 66 86 123
79 44 98 5 127 11 30 107 91 49 125 5 117 22 99 82
69 56 110 27 108 34 120 65 27 86 59 62 25 17 57 104
61 28 109 61 39 11 40 2 60 37 7 50 59 107 4 0
35 114 28 16 20 20 81 47 106 13 109 3 30 38 107 92
66 89 25 105 100 65 107 33 102 115 83 34 94 87 34 1
73 62 17 93 82 99 12 61 112 121 64 14 31 44 106 98
5 3 75 105 68 55 10 43 42 93 77 8 52 111 9 125
46 27 90 0 126 102 61 110 95 126 124 127 42 103 97 47
106 44 24 47 99 35 90 13 0 39 21 53 22 31 50 68
58 13 69 56 115 2 38 83 0 34 82 42 9 51 89 116
95 114 35 67 21 125 80 21 36 102 74 58 5 125 127 63
10 68 119 125 70 29 80 71 63 34 113 73 85 75 61 53
61 96 120 82 93 72 103 1 46 50 59 51 47 58 114 57
126 105 54 69 6 7 12 70 41 125 15 127 72 76 52 5
44 44 87 9 116 63 10 35 113 69 86 32 0 73 89 126
50 15 67 57 22 79 127 64 77 14 63 21 90 115 27 6
31 114 15 19 49 25 54 34 94 13 66 94 86 27 93 8
43 32 65 65 112 64 1 61 78 64 82 40 51 109 46 82
96 61 102 17 86 28 52 53 41 118 19 127 18 112 8 61
17 73 126 1 10 0 62 88 64 16 1 116 126 47 70 94
109 44 111 67 73 35 120 114 26 12 114 44 124 122 105 13
67 103 14 77 103 76 38 40 93 39 28 91 86 98 57 67
15 40 7 88 76 127 74 102 11 60 18 8 54 123 21 122
98 36 71 74 112 109 114 77 20 14 40 107 112 97 46 127
98 23 5 3 30 83 113 25 105 84 59 117 107 99 46 28
70 81 125 22 63 37 116 111 16 98 43 22 15 57 65 113
80 71 117 110 26 102 8 3 58 67 120 38 39 39 66 109
120 63 3 55 100 119 38 116 89 81 11 104 10 76 90 90
19 79 73 46 53 81 49 112 20 42 22 59 81 88 40 73
24 43 0 124 34 38 113 123 119 124 100 2 72 62 92 92
13 37 10 66 118 59 50 11 101 72 70 54 33 111 127 57
26 127 53 61 37 38 56 29 34 28 31 107 90 123 71 103
33 81 42 23 12 92 34 114 37 105 40 70 88 40 127 114
39 52 47 77 91 104 106 125 4 9 104 95 4 47 70 37
0 112 61 13 77 95 127 114 72 39 56 32 79 55 19 119
107 66 68 70 42 46 68 47 55 44 14 59 92 84 97 92
69 30 105 18 125 104 4 70 16 60 102 95 115 121 86 94
60 26 37 102 72 105 21 127 21 35 59 113 120 28 78 61
58 55 79 55 32 83 125 48 15 100 15 2 93 102 96 25
0 5 0 73 110 21 72 4 57 3 117 49 31 67 110 89
123 61 17 27 16 14 75 31 114 90 33 80 64 1 105 65
7 105 10 117 127 82 121 56 86 111 105 117 50 87 79 45
20 96 72 36 110 19 67 97 110 100 49 46 101 26 111 108
4 121 98 3 76 91 59 34 74 36 23 125 123 102 42 15
70 115 51 53 6 118 22 116 90 71 35 63 97 18 44 101
12 14 104 88 105 35 122 52 71 17 49 66 120 91 81 62
78 4 115 85 122 9 73 84 80 108 20 50 127 64 23 11
78 0 99 55 35 93 107 107 110 28 45 102 120 127 37 70
3 24 27 126 34 101 82 114 81 102 36 80 38 60 91 116
60 62 44 95 27 23 74 10 52 120 112 44 119 21 114 122
46 14 120 80 115 75 66 68 49 103 21 88 35 112 76 95
47 120 62 74 16 9 84 68 1 69 112 120 90 98 114 8
112 107 88 99 54 27 40 103 2 61 63 37 45 12 4 92
4 66 39 20 75 123 88 76 64 72 68 27 43 55 35 27
34 124 127 88 23 39 63 25 100 127 62 17 11 66 110 15
4 21 36 80 16 124 28 81 69 97 108 112 24 15 11 58
75 73 37 115 51 121 75 50 12 69 54 127 48 103 24 0
76 51 104 64 14 55 27 117 51 96 78 35 29 76 110 104
21 19 92 72 13 39 123 25 108 49 24 28 24 48 28 100
100 4 36 114 60 63 103 111 31 54 18 61 2 0 37 23
19 1 95 32 41 90 57 21 11 82 50 35 2 78 7 102
83 44 88 15 107 64 126 11 118 16 72 120 16 109 15 35
111 110 68 24 73 125 45 84 79 95 120 82 46 127 56 1
43 17 16 23 81 14 34 71 30 106 63 46 87 78 81 70
60 21 94 5 19 12 90 98 107 82 52 25 81 109 26 125
126 42 20 79 56 54 22 86 32 85 4 119 35 86 62 95
107 28 101 126 40 63 97 20 17 21 45 98 2 72 95 0
114 115 79 43 41 101 1 73 58 6 65 93 92 127 61 71
27 34 70 68 97 39 88 114 60 5 84 63 77 52 63 64
39 15 107 81 116 108 26 47 114 91 12 78 90 73 22 118
107 92 58 76 3 18 62 63 23 19 126 101 71 62 37 110
77 16 63 65 124 90 112 111 53 125 61 16 70 83 6 50
47 64 126 50 82 61 114 105 80 112 78 23 46 115 5 123
3 69 61 0 31 45 111 84 42 44 100 113 0 106 35 47
42 33 98 124 94 84 102 46 68 52 69 115 40 75 110 43
16 43 43 47 89 26 3 3 71 104 116 71 82 23 118 125
57 88 121 23 44 95 70 113 20 11 100 60 86 82 103 102
126 19 21 87 45 25 90 116 1 79 59 83 102 50 80 31
10 74 55 55 41 125 40 61 8 12 121 95 94 97 69 92
116 91 51 33 116 14 22 117 93 81 72 67 3 25 99 14
99 26 69 12 23 109 74 31 121 67 126 87 36 68 52 24
31 103 58 19 117 80 8 82 33 80 22 37 105 121 51 76
19 120 89 42 101 35 73 94 102 72 53 11 12 105 35 43
81 93 62 70 45 70 25 79 22 47 116 0 40 39 76 59
31 37 101 4 72 46 98 47 118 23 58 2 1 93 45 82
59 107 24 104 49 49 55 72 96 43 72 8 82 20 67 113
58 40 117 2 87 87 49 77 111 107 80 112 73 125 66 4
105 90 108 26 12 36 98 108 79 42 117 34 63 56 19 121
98 73 57 55 50 42 42 80 50 75 109 88 17 80 97 52
88 22 94 54 113 111 24 124 63 88 92 95 87 5 17 57
78 74 112 1 116 27 81 38 102 62 126 120 15 95 44 103
117 10 29 103 121 53 99 56 13 63 24 101 68 41 30 19
115 15 20 103 42 101 13 16 36 12 8 51 107 52 26 97
62 55 72 55 108 43 112 122 106 8 95 46 49 125 65 36
12 85 11 54 59 24 71 95 36 79 18 16 4 44 113 66
99 57 122 79 100 106 73 78 114 40 124 35 38 62 71 50
19 82 105 78 106 48 45 15 127 63 31 3 107 16 70 78
73 64 30 45 42 103 123 28 16 119 63 54 53 6 104 73
88 81 23 66 1 69 81 1 4 112 4 112 0 74 62 73
10 92 118 52 68 113 80 84 105 15 10 30 21 114 103 109
68 127 48 69 68 1 70 72 114 75 56 114 21 119 60 32
83 50 84 23 36 37 107 13 52 117 43 74 104 19 55 44
18 103 113 86 105 56 30 91 3 87 77 24 78 9 56 33
60 13 57 96 50 36 109 102 26 24 48 2 43 104 46 61
79 31 19 56 87 50 19 90 9 97 115 87 106 43 120 38
56 49 6 106 86 115 81 112 12 1 114 55 105 32 117 57
63 8 113 23 58 5 113 67 102 100 26 80 16 19 119 72
68 125 51 26 113 4 10 125 5 124 52 111 28 41 40 92
50 25 115 108 30 100 48 4 73 74 85 89 93 76 33 34
73 84 60 58 88 71 55 94 67 108 77 96 21 117 60 71
14 47 52 45 19 100 49 92 46 6 53 12 82 87 46 28
43 106 86 4 49 14 98 117 122 47 85 15 36 17 87 50
64 11 95 83 111 17 48 29 23 101 41 106 60 87 6 104
66 92 108 115 106 78 104 100 125 61 116 33 78 75 83 14
86 51 98 69 68 18 98 91 119 12 69 52 99 75 28 37
40 8 25 18 86 1 119 83 63 107 116 13 54 71 28 12
122 126 81 62 16 51 26 7 63 95 59 35 43 87 72 83
95 97 101 53 99 92 8 34 71 124 47 125 68 75 9 62
73 90 125 89 14 23 97 77 118 28 112 33 116 57 116 83
26 90 9 125 54 17 31 126 14 79 123 82 26 5 16 100
87 32 112 13 14 27 51 101 100 118 98 57 16 72 18 14
56 114 74 18 60 99 117 117 124 57 15 38 40 66 59 127
98 43 13 112 71 64 85 43 55 56 100 71 0 118 85 56
104 31 75 36 2 64 25 126 121 40 36 34 106 96 33 76
11 46 60 82 111 18 126 38 74 98 109 74 89 66 3 65
97 78 102 99 14 127 97 8 40 5 42 18 101 75 95 113
122 27 67 105 45 65 15 119 36 124 66 125 62 69 62 31
19 36 2 33 36 99 41 76 104 83 94 78 31 61 63 25
89 2 2 6 68 17 126 104 13 64 101 75 5 35 106 24
72 108 57 108 79 99 56 55 54 22 5 85 84 68 110 45
71 112 51 11 1 49 115 14 113 88 89 118 123 67 14 67
47 72 47 126 43 103 54 97 126 59 55 82 0 37 127 71
22 50 82 23 100 69 38 85 29 127 76 24 67 90 92 114
34 11 113 77 115 39 47 113 98 102 67 98 11 66 41 33
116 123 57 88 64 95 46 93 94 122 118 33 84 82 20 119
93 5 68 80 44 115 65 14 89 4 113 101 70 26 6 59
22 63 19 86 30 65 52 125 59 42 30 16 124 50 7 89
55 75 42 99 63 107 114 24 112 99 125 54 125 4 113 19
67 5 106 98 70 30 95 2 72 125 18 68 48 25 29 103
100 71 75 35 51 61 60 35 32 57 89 29 61 75 49 1
80 27 99 22 57 66 24 1 63 42 69 111 67 98 87 40
42 34 75 93 95 7 0 127 65 89 28 126 36 77 127 116
104 98 11 33 36 35 34 100 78 103 83 17 74 42 57 116
76 5 81 43 12 81 42 77 42 71 76 79 20 75 67 125
46 78 30 82 114 65 54 64 40 10 81 114 52 11 102 1
16 55 44 28 8 87 106 51 30 54 2 50 1 69 47 47
20 78 2 6 15 56 70 55 66 23 42 119 34 16 120 50
72 36 79 80 123 57 3 25 111 5 76 112 75 123 32 95
73 34 101 88 90 43 16 29 66 58 20 101 74 12 23 18
48 102 99 44 31 102 69 14 108 17 127 55 13 31 22 86
65 123 47 27 38 63 56 104 121 76 77 67 88 101 86 9
75 57 53 107 31 122 121 11 12 120 66 25 23 88 111 88
24 81 94 2 2 89 4 101 105 56 98 35 51 0 116 52
79 45 38 54 76 109 112 55 79 77 79 57 72 75 72 97
28 38 99 30 0 103 3 105 31 101 13 83 101 1 7 53
47 45 107 123 27 91 51 106 40 2 36 112 77 108 81 105
19 53 7 19 28 11 124 60 112 9 15 86 11 22 11 58
68 118 53 95 81 104 73 121 107 109 105 56 90 59 34 109
112 41 0 12 52 124 72 37 6 87 123 17 110 6 75 50
124 0 17 77 105 90 70 84 72 47 12 34 106 46 15 90
88 15 103 12 11 47 49 17 7 44 34 117 50 109 39 46
110 56 123 87 18 65 43 90 113 55 124 91 102 11 54 62
26 29 74 38 76 124 55 83 40 90 72 91 71 111 9 53
39 5 12 58 70 55 20 55 111 17 19 85 28 73 19 55
102 93 93 50 89 20 6 2 110 78 93 54 62 102 107 101
107 120 31 50 47 52 105 30 69 124 115 97 69 6 24 43
100 117 94 61 10 100 63 120 50 28 46 112 3 26 86 110
18 117 32 65 41 10 96 110 6 83 80 76 90 104 119 62
94 85 123 104 57 59 96 108 87 15 92 90 41 50 73 59
40 105 124 81 115 92 64 122 48 16 70 10 120 61 72 86
19 67 62 76 126 31 56 86 46 21 48 87 71 121 18 111
99 14 65 86 107 1 80 27 17 22 37 9 84 109 96 103
48 30 51 47 61 108 5 107 1 53 66 72 47 84 56 18
99 121 104 78 122 57 105 11 79 14 20 35 123 116 10 43
19 62 90 80 42 95 60 43 21 126 115 68 83 43 86 54
36 62 4 30 119 109 41 71 123 62 106 118 50 117 33 69
51 124 22 93 91 82 8 112 80 123 52 35 39 10 89 75
73 93 106 64 74 19 7 69 81 114 59 4 103 93 73 26
89 95 119 52 49 127 37 2 122 89 37 33 100 127 109 45
92 87 109 39 106 117 108 60 103 40 64 78 5 9 104 94
105 95 18 26 94 55 28 88 17 66 122 117 65 103 34 29
62 15 68 40 4 49 100 107 89 36 57 94 46 33 60 23
0 78 49 94 6 78 55 23 16 49 12 81 24 46 110 86
61 51 126 66 100 99 45 61 7 103 27 53 8 87 76 9
32 27 97 18 39 109 36 15 100 79 61 64 77 26 60 14
60 35 16 21 77 99 35 85 55 85 1 93 116 115 93 20
14 62 38 53 43 75 68 15 26 1 80 103 27 12 117 87
47 6 109 124 105 16 82 32 101 83 125 89 70 91 110 84
25 20 9 69 95 77 84 121 78 36 96 106 49 86 65 96
92 46 93 69 62 47 101 35 2 99 125 73 62 107 29 87
127 39 28 95 116 113 88 67 21 57 45 70 15 110 39 107
29 4 48 91 51 21 127 53 120 124 126 54 103 28 14 102
67 42 69 55 27 30 122 49 87 39 119 102 22 30 81 51
34 1 14 85 22 13 11 15 9 9 69 112 37 83 87 104
126 28 32 25 58 26 74 17 66 66 119 88 96 72 11 3
73 25 88 96 39 99 111 48 109 52 33 18 8 120 123 6
20 27 31 79 53 106 96 119 44 88 79 12 32 90 15 106
116 104 74 27 75 57 75 56 109 108 75 117 100 70 123 121
97 27 72 22 5 40 14 49 0 93 61 33 56 77 11 44
53 85 71 0 14 18 57 123 127 4 113 99 74 108 92 43
7 36 65 12 77 79 61 77 45 123 110 101 72 121 17 125
78 88 125 92 106 54 88 105 58 73 77 4 53 41 47 61
78 113 73 27 64 7 104 109 2 87 82 74 80 99 71 31
59 68 123 38 123 83 15 53 28 92 58 82 6 105 15 84
90 88 111 27 95 87 8 97 46 91 43 127 62 114 30 122
55 25 32 50 109 47 103 9 12 33 91 18 11 106 102 101
67 85 0 34 44 9 4 91 100 47 90 34 34 120 28 89
17 60 11 126 108 114 8 120 20 99 10 31 78 112 4 17
69 5 51 113 14 55 76 114 103 38 20 9 30 49 98 48
109 109 46 89 95 54 81 115 26 91 18 104 75 23 121 16
28 44 2 42 100 78 28 75 117 48 84 19 97 54 67 79
35 114 40 2 40 122 118 66 85 8 42 33 31 35 49 59
80 51 101 52 2 1 127 119 50 83 10 19 9 78 98 44
64 11 46 104 5 36 43 90 45 85 123 76 121 45 8 73
96 109 125 98 111 124 89 33 79 100 52 88 50 23 4 114
34 50 90 39 87 5 1 4 91 125 80 84 42 88 29 10
