117 28 102 114 52 127 30 125 6 122 3 94 1 123 21 14
109 13 42 27 27 29 35 71 124 36 86 99 25 83 66 14
111 40 0 36 40 30 33 46 24 37 13 25 32 34 40 14
47 82 41 74 112 76 18 108 112 104 79 9 59 17 23 43
58 24 79 98 54 112 16 79 21 29 104 54 63 16 68 111
99 109 57 83 57 75 63 41 52 14 50 111 32 73 26 90
97 105 60 24 90 76 103 111 106 79 37 41 96 105 24 67
86 82 22 15 29 85 56 81 99 106 65 3 52 91 93 21
69 25 45 31 102 20 14 80 100 52 121 68 29 18 7 116
100 29 3 1 114 60 83 85 38 20 89 90 111 54 112 52
80 29 83 54 50 98 6 22 22 127 90 51 17 97 39 117
126 43 119 112 103 74 69 13 94 30 104 77 85 88 2 37
117 85 91 39 55 97 61 77 96 23 1 114 120 40 103 118
83 94 102 58 40 44 72 6 74 48 84 31 8 86 68 125
43 31 37 99 0 98 48 97 122 49 83 114 90 58 105 45
25 79 104 65 123 48 72 70 96 28 101 104 114 42 101 29
73 10 0 74 109 49 43 103 98 126 89 60 56 66 106 81
18 82 19 13 2 91 83 98 119 57 74 105 99 47 6 44
58 7 118 39 56 33 14 26 31 103 87 88 42 65 41 60
19 60 73 21 23 29 119 14 86 65 119 57 112 126 101 42
5 92 81 61 125 95 87 29 71 46 117 113 111 30 45 2
91 118 23 114 19 14 1 105 79 120 34 64 118 8 106 123
100 60 56 97 27 16 126 98 62 115 83 46 18 0 48 109
119 72 95 10 86 96 116 38 89 22 102 79 30 80 75 2
12 3 100 40 19 98 10 82 86 94 0 104 94 48 85 85
120 52 96 79 21 84 117 110 106 91 61 9 43 8 11 56
12 111 96 31 82 106 113 40 72 113 16 39 34 101 124 26
25 92 105 46 48 94 28 27 57 90 36 101 98 47 29 110
31 125 14 113 103 127 25 48 113 41 87 19 14 83 45 39
48 23 86 96 117 114 123 47 76 31 20 47 79 49 29 110
46 43 95 21 43 120 69 28 33 28 47 47 112 92 86 32
115 44 0 105 31 124 24 107 27 44 26 106 93 56 88 11
28 12 38 49 50 119 27 70 58 70 93 122 37 127 13 74
115 2 105 18 12 77 28 14 12 86 47 111 48 60 19 76
72 57 125 122 49 24 64 107 95 29 102 4 29 115 78 16
118 56 35 2 5 63 17 17 21 64 1 69 124 20 18 68
78 15 62 127 40 127 106 7 28 80 11 57 68 90 74 58
18 109 60 23 44 77 41 65 13 42 6 9 62 24 77 12
40 12 11 80 11 118 87 39 70 98 97 10 60 43 68 78
24 1 102 68 78 15 5 92 57 11 101 119 36 51 4 76
63 15 28 74 5 115 113 76 85 82 86 18 125 27 96 21
28 70 89 106 85 94 70 14 106 44 6 14 95 10 90 30
25 118 104 31 105 89 107 62 44 65 80 41 92 49 63 120
119 24 99 77 119 41 91 97 85 97 111 52 107 73 82 5
63 58 36 40 20 15 102 64 80 55 105 45 104 40 37 95
65 8 44 56 50 8 25 7 105 8 60 85 81 14 90 16
73 126 56 93 13 30 29 93 85 6 10 61 47 48 29 112
56 73 40 106 81 65 114 59 73 46 16 26 60 106 42 5
104 98 98 117 0 127 82 86 6 93 19 53 13 48 37 69
122 77 48 75 14 34 6 87 80 22 113 12 0 27 18 104
125 116 93 125 116 48 83 122 13 103 47 26 23 84 95 17
33 15 93 47 49 99 6 1 122 119 14 122 18 32 99 15
20 64 12 8 112 96 2 125 71 49 23 94 5 119 112 38
6 77 85 56 48 91 57 42 82 71 37 100 103 8 115 124
72 0 4 57 96 7 54 39 56 78 5 62 69 117 100 75
66 58 3 115 21 61 29 104 4 66 76 108 74 64 104 19
64 108 76 32 115 2 71 44 80 76 106 21 66 78 97 4
8 100 119 30 33 21 6 38 87 82 18 34 18 122 53 82
102 1 114 90 3 57 6 84 6 112 105 72 62 74 76 71
47 68 101 80 89 107 118 48 61 8 82 80 2 7 34 105
8 21 67 12 78 73 96 84 57 73 28 119 20 105 62 67
45 35 19 6 14 10 54 76 18 9 28 21 16 62 126 25
83 65 37 34 10 5 118 67 78 19 58 98 124 121 37 41
28 57 47 43 67 101 119 85 110 19 106 127 81 104 24 37
49 49 33 124 14 55 62 70 37 73 26 68 95 37 1 80
106 93 108 127 59 2 121 96 16 14 92 39 118 125 105 39
46 10 35 60 65 97 3 103 42 29 43 10 67 44 90 45
9 70 45 68 72 38 36 89 52 0 0 42 125 105 82 44
116 117 104 53 87 107 28 1 9 71 11 76 115 102 121 124
44 38 65 117 76 101 78 1 102 78 43 99 55 125 15 43
115 120 97 74 99 125 75 108 69 87 56 56 61 50 53 105
88 118 94 37 91 44 38 65 122 81 37 50 79 52 93 66
44 62 12 16 60 87 124 1 46 53 57 107 103 110 85 63
100 51 100 64 96 10 1 90 92 38 12 43 91 106 109 7
40 121 23 100 80 20 101 127 73 31 106 48 13 63 111 114
115 84 50 83 94 51 45 58 90 58 101 53 36 82 60 76
75 84 49 28 104 22 27 49 53 5 97 67 69 80 53 56
36 103 11 3 26 56 61 116 114 35 41 22 117 102 99 65
58 20 93 34 42 120 83 96 125 52 35 66 4 88 122 41
63 5 44 89 62 105 78 48 12 119 71 2 93 42 67 23
62 32 57 104 24 12 72 21 64 107 88 69 67 82 110 2
88 26 92 22 3 42 70 16 33 13 18 127 55 85 22 117
117 80 94 13 92 38 34 29 18 122 98 85 77 80 88 37
106 52 59 109 94 1 125 127 15 15 126 70 100 21 60 89
101 26 102 65 64 9 94 82 3 64 40 80 16 0 117 122
52 48 104 18 50 101 17 65 117 16 7 89 37 67 51 10
93 25 75 30 34 42 112 38 106 24 118 123 24 108 117 76
28 93 94 78 67 112 15 56 0 23 17 37 90 68 47 56
94 122 86 0 36 70 38 15 95 29 10 119 9 127 68 37
93 34 116 32 18 3 88 18 26 105 55 117 46 102 45 12
97 3 12 5 73 51 20 40 80 30 32 89 30 100 126 123
6 114 27 25 118 115 43 16 92 99 5 10 73 50 22 42
53 35 48 127 86 68 39 38 99 71 127 1 43 125 124 50
112 23 75 102 10 118 118 102 89 124 113 35 46 7 77 100
42 125 99 0 66 10 38 37 82 37 38 125 35 34 47 19
57 122 121 67 113 111 41 74 107 26 109 26 34 59 126 76
83 20 100 22 26 37 31 108 102 110 23 60 99 48 80 24
65 7 89 93 54 54 78 1 44 72 89 27 28 94 22 112
114 122 6 12 31 38 120 5 20 16 65 119 64 17 15 1
25 104 94 79 30 44 81 74 116 42 101 17 8 124 1 122
118 7 6 22 45 127 27 65 15 93 56 79 110 71 81 7
47 47 87 77 92 40 24 80 82 125 97 91 121 98 85 112
106 92 6 23 91 33 89 106 126 17 57 109 89 10 116 8
58 75 86 22 115 110 102 70 107 72 33 101 42 118 85 20
82 91 44 45 124 5 23 123 22 81 104 111 91 92 120 21
40 78 43 27 60 18 97 39 90 2 12 4 121 97 25 75
60 69 121 57 74 16 52 96 97 28 80 61 120 72 82 32
22 126 60 82 16 29 121 106 32 6 110 25 103 7 100 36
76 93 93 22 110 17 119 79 45 71 12 37 15 95 70 37
93 2 119 109 31 112 87 63 118 69 88 94 77 61 2 25
26 95 48 8 112 39 88 29 110 100 66 125 67 8 34 32
10 25 13 42 9 100 105 0 42 66 94 119 127 96 16 25
63 64 34 47 103 122 76 85 94 14 82 34 23 116 66 33
13 80 75 23 52 53 23 94 119 117 85 118 85 102 15 20
38 49 67 14 43 15 99 10 29 54 44 52 42 110 86 56
62 33 79 115 86 102 81 77 91 39 67 48 13 83 68 51
4 7 65 48 22 37 58 51 91 102 104 5 84 62 61 19
95 12 6 54 114 87 3 77 126 71 125 11 26 65 63 30
72 0 78 94 37 8 18 0 110 122 6 67 56 67 86 23
80 92 77 66 51 81 16 50 24 13 61 50 79 124 80 23
125 31 118 34 39 8 35 22 2 41 89 58 108 47 81 60
11 31 127 62 112 15 112 8 28 46 58 107 42 10 3 39
41 121 74 81 1 109 103 3 22 64 61 2 111 14 63 122
45 62 56 29 77 41 37 105 87 95 85 1 106 88 41 19
81 115 100 82 96 75 85 118 11 18 120 122 32 55 116 78
117 45 107 66 86 17 44 45 112 1 46 90 89 87 110 42
74 82 124 42 30 81 32 41 99 25 36 3 80 24 81 70
69 61 8 27 78 52 72 62 53 119 25 14 78 7 56 25
35 82 84 88 43 69 105 41 127 5 80 31 99 0 87 114
5 106 35 68 25 116 124 13 122 91 40 56 124 34 29 31
116 114 120 32 55 97 73 54 102 25 86 74 25 45 60 30
23 95 99 49 83 95 62 77 59 102 5 55 8 35 87 124
21 79 28 76 48 101 3 23 126 89 97 24 6 29 54 29
124 25 78 79 121 12 29 52 114 34 107 122 69 66 119 90
17 19 39 66 121 42 89 119 3 58 15 9 87 70 38 83
95 117 34 88 1 63 12 116 98 120 110 39 58 101 2 76
121 41 14 114 83 103 105 86 33 121 95 120 63 5 75 30
122 109 119 124 45 3 112 15 123 94 54 54 68 56 2 61
97 16 47 52 119 24 10 24 17 105 16 80 111 91 111 105
72 102 101 117 105 85 4 101 52 59 27 120 115 29 53 85
45 100 9 36 124 20 60 14 125 76 94 108 39 77 86 111
51 59 101 29 17 105 2 69 36 29 61 24 58 114 109 103
86 118 11 82 10 71 96 8 19 63 116 58 12 74 41 64
6 14 93 23 120 95 92 28 124 25 52 54 11 33 29 97
24 40 51 34 111 20 42 2 83 31 60 95 105 101 31 111
116 124 6 108 91 98 8 87 123 61 13 6 94 42 103 118
82 27 25 65 47 67 67 2 98 127 97 76 101 1 59 89
125 66 69 89 36 77 48 32 10 62 38 105 104 14 95 59
41 120 124 88 60 64 90 30 63 59 106 36 60 38 125 58
104 66 19 12 16 67 44 26 1 83 3 106 97 99 37 10
91 33 98 23 97 60 54 33 119 32 69 52 70 67 110 46
5 1 59 21 68 103 48 70 58 51 48 27 22 85 37 114
118 7 9 88 67 63 121 59 96 62 111 38 1 93 85 7
94 16 28 34 119 76 104 50 0 24 77 22 109 115 8 100
122 18 60 62 81 53 121 49 115 104 88 117 69 45 124 35
61 24 69 52 101 46 102 101 70 52 123 52 39 4 24 33
22 84 95 103 9 88 25 124 64 113 113 5 30 109 40 91
6 110 15 107 28 118 80 98 42 75 22 81 79 46 114 101
2 82 77 11 42 102 8 107 87 121 112 117 103 25 80 109
7 95 88 35 85 40 5 127 115 28 80 67 74 67 40 77
113 26 92 55 48 47 31 25 9 7 72 77 6 48 5 56
54 24 38 5 98 5 27 94 98 105 15 75 117 16 32 102
42 125 29 90 44 61 115 54 68 59 3 74 108 8 3 34
32 41 39 2 46 66 96 16 43 112 91 32 0 124 7 42
121 36 4 37 97 119 91 37 51 94 112 31 102 115 65 6
28 104 9 75 42 105 91 85 89 55 117 89 51 124 3 44
33 7 81 2 127 45 40 50 11 24 81 114 11 18 120 39
122 1 114 36 107 78 121 68 5 110 30 56 107 33 100 12
41 53 14 40 98 54 90 110 78 43 96 89 61 88 1 55
90 115 91 69 65 84 9 70 66 39 126 45 73 98 57 114
24 72 26 122 126 116 104 77 31 72 38 92 33 39 19 123
27 110 64 92 66 73 35 4 113 33 50 58 4 107 44 28
51 70 22 50 58 127 127 89 71 37 53 104 77 72 99 104
54 35 68 120 109 103 124 94 9 46 24 13 26 68 41 77
10 63 127 68 62 126 29 6 36 82 110 113 26 82 89 80
117 29 72 98 5 68 64 14 115 88 27 13 28 68 90 38
3 90 106 66 88 7 72 124 89 54 109 115 8 70 67 126
100 11 96 105 80 33 119 67 121 18 80 22 86 42 60 89
4 39 27 93 46 99 89 8 26 71 123 34 13 63 32 113
74 1 90 26 34 81 93 27 99 45 49 57 88 110 19 92
21 46 57 67 18 19 75 44 90 71 78 103 6 111 89 80
112 51 107 18 5 72 45 104 118 95 34 78 77 53 42 98
99 100 37 117 119 113 33 81 56 112 56 62 95 17 14 79
69 121 97 74 66 14 50 56 109 84 6 58 9 48 28 109
20 66 98 11 51 4 92 107 116 21 41 83 38 55 34 107
49 3 53 115 17 104 43 127 60 49 57 70 97 86 51 118
24 21 1 75 25 94 54 13 115 95 96 25 22 2 5 71
5 58 58 23 34 101 22 95 22 79 37 120 37 88 110 61
109 111 8 7 77 62 20 64 29 117 90 52 119 95 123 125
25 54 20 60 27 42 27 50 121 64 42 31 24 24 92 5
7 101 12 85 35 33 21 65 22 111 117 13 78 112 10 104
38 30 36 66 72 63 116 66 127 30 97 23 54 61 28 61
53 14 64 28 77 33 6 37 58 12 52 9 53 86 93 70
24 75 21 108 90 105 48 109 14 39 8 35 61 7 95 115
21 31 15 98 64 22 7 122 34 59 4 87 18 97 30 42
44 51 23 6 29 71 116 43 111 124 79 44 3 46 31 24
77 47 122 14 69 1 8 103 60 12 63 78 110 93 121 26
16 16 33 45 87 21 89 70 17 40 115 20 86 18 44 35
65 38 49 6 39 58 110 99 70 45 50 52 10 43 79 26
59 112 72 18 5 33 89 22 73 76 42 31 94 86 66 32
124 116 38 35 46 20 6 116 65 56 41 75 99 120 102 30
104 46 49 109 79 10 3 24 86 45 55 52 3 121 84 127
109 123 34 27 15 40 16 81 97 57 28 68 49 2 99 25
48 20 6 127 30 9 23 116 54 78 40 57 72 125 56 53
120 90 81 7 2 97 88 99 26 117 40 75 119 11 100 40
31 106 39 61 115 63 49 41 13 89 98 85 86 26 11 78
116 92 86 118 61 46 90 87 35 2 34 27 13 6 67 44
112 106 105 99 41 26 12 55 115 110 12 74 8 23 24 124
115 110 114 48 29 76 7 64 78 41 91 91 47 30 7 31
9 112 2 50 10 14 105 126 124 118 72 4 13 96 0 1
79 115 49 108 63 57 44 14 98 8 105 18 38 113 49 47
97 52 98 108 66 75 106 63 65 50 67 79 18 68 80 97
55 1 77 118 58 122 4 29 2 110 47 40 95 96 88 64
20 58 44 87 5 22 22 71 72 89 22 91 29 102 60 84
103 10 75 34 4 79 63 6 61 110 46 28 78 6 93 99
64 9 58 70 32 80 13 104 41 35 67 71 9 0 27 112
10 102 18 14 54 81 20 115 63 66 16 14 73 109 113 9
118 43 79 22 123 92 127 36 127 66 107 8 66 7 121 76
109 11 90 35 93 110 23 28 49 39 42 122 20 27 3 10
70 83 33 65 47 32 102 47 98 81 55 37 88 48 113 70
60 76 105 25 58 0 53 107 39 96 101 59 123 105 70 66
60 103 3 107 7 105 26 105 59 82 14 19 2 0 89 62
76 67 87 6 67 13 114 107 109 87 38 104 64 108 42 124
83 46 104 90 23 2 68 82 84 82 102 87 82 63 21 30
123 63 58 69 20 111 65 11 60 47 16 60 90 94 7 5
15 9 99 116 90 88 8 95 26 52 76 16 84 71 116 80
6 46 21 27 29 86 38 90 5 54 22 96 20 30 101 35
39 72 23 1 32 31 97 58 84 45 75 40 116 63 120 122
109 13 21 11 99 59 101 105 113 123 73 5 25 46 40 64
118 64 66 23 95 35 81 51 80 28 92 68 91 84 62 73
98 84 84 69 15 57 46 1 52 119 6 78 37 47 14 28
111 80 51 78 115 4 2 67 33 94 7 124 50 70 69 20
26 25 90 41 82 8 42 7 0 49 85 37 96 99 65 79
52 116 29 39 121 31 107 26 125 114 22 48 56 92 68 82
117 30 124 72 39 38 79 39 87 36 76 55 7 14 6 59
2 36 99 123 67 78 21 65 64 44 113 121 8 53 75 125
84 71 69 123 110 20 34 69 56 110 125 64 124 3 123 127
39 94 122 107 44 16 44 109 60 29 102 68 82 49 65 38
121 7 33 103 27 67 44 84 50 41 20 46 45 15 45 84
110 40 63 26 56 107 7 116 8 109 56 91 31 121 1 24
0 35 127 28 102 43 112 24 85 4 71 2 19 116 86 1
28 22 28 84 1 35 72 10 17 0 101 48 122 102 72 122
9 71 22 112 114 6 8 71 10 79 73 30 68 32 31 96
54 59 53 55 95 125 65 112 126 38 32 120 13 104 114 22
47 9 6 33 15 15 105 26 94 50 56 34 82 87 3 8
19 56 64 114 53 1 98 51 40 2 43 53 106 30 75 25
39 82 58 54 97 35 80 63 86 8 98 40 96 101 49 115
29 113 101 82 114 71 6 26 73 49 79 51 79 27 76 118
109 6 45 78 42 125 13 0 6 111 40 102 84 89 89 113
74 62 68 61 5 74 87 78 123 39 1 75 66 77 65 47
83 110 125 125 108 10 125 114 122 38 88 78 127 49 64 74
111 4 7 116 78 94 66 73 5 67 20 71 16 86 118 99
68 115 97 48 126 94 34 120 4 122 70 4 43 6 78 26
10 85 14 88 51 80 34 57 19 54 0 35 12 119 7 81
106 104 1 104 70 36 96 75 30 39 79 74 45 29 100 56
114 115 16 37 67 50 94 87 105 95 122 117 86 1 70 64
87 115 97 74 96 81 81 69 104 122 12 78 33 46 88 8
70 24 63 123 65 102 17 43 50 43 91 35 35 67 17 123
54 114 69 22 67 22 92 43 17 104 121 50 22 81 59 92
106 122 87 43 96 104 86 19 19 49 54 55 116 71 50 43
57 119 65 125 14 29 40 31 5 34 81 27 115 12 120 93
7 79 9 103 56 95 122 75 17 49 2 5 120 52 48 50
44 114 47 58 15 87 89 21 121 42 48 109 55 40 74 62
120 83 37 48 51 32 123 68 81 126 73 73 50 122 123 94
108 42 24 123 2 113 16 123 28 65 104 83 105 51 17 97
6 54 17 57 86 13 125 39 11 71 113 61 65 108 28 45
23 52 40 25 38 57 20 66 122 125 21 99 48 38 69 54
92 86 112 51 99 109 90 110 52 75 44 117 56 72 34 79
124 75 104 34 4 124 100 126 121 121 97 41 31 38 96 124
125 80 47 96 61 9 79 114 85 123 103 13 67 10 92 63
85 68 98 89 64 70 87 58 64 56 99 95 95 67 91 92
19 10 60 81 20 11 67 105 6 42 118 73 52 82 9 9
22 107 98 86 49 57 16 113 114 116 81 81 55 44 45 75
55 105 28 75 117 95 52 123 9 42 69 62 124 78 71 18
57 42 104 106 99 121 92 85 109 45 38 36 89 83 111 16
61 11 91 50 106 15 45 116 57 114 50 53 64 121 71 121
35 48 100 7 41 64 92 22 109 3 58 70 86 42 87 19
53 50 69 32 66 115 20 123 101 70 49 38 63 120 31 99
40 3 106 81 67 70 103 48 73 34 119 32 76 78 51 1
0 121 33 66 108 53 62 81 123 111 119 59 103 23 30 16
26 8 97 94 78 73 14 24 107 5 56 55 83 107 56 84
100 90 22 80 15 84 34 11 67 25 70 43 48 100 59 75
108 28 41 58 101 55 82 80 61 10 7 16 118 64 100 90
26 123 43 41 79 77 52 19 102 122 62 23 94 121 98 74
21 11 5 123 66 87 75 127 98 83 16 88 19 116 50 45
111 93 86 63 42 11 82 17 5 16 40 100 9 10 46 30
21 51 25 87 11 101 87 109 56 103 69 75 91 119 120 75
85 78 10 127 89 92 16 95 108 56 67 117 66 113 19 87
113 85 55 99 40 50 86 19 61 11 18 116 53 22 54 26
9 36 123 83 13 78 65 18 41 86 19 10 5 29 30 118
114 85 89 26 7 47 45 68 59 63 56 112 85 110 10 94
18 5 49 31 83 114 49 124 73 69 7 78 98 37 68 84
122 29 110 1 76 27 69 7 90 125 119 47 107 1 13 125
7 62 28 90 49 78 87 122 19 94 72 117 3 12 73 125
41 55 126 117 82 67 125 44 64 116 91 43 118 104 40 125
38 68 87 87 18 46 81 37 12 25 26 15 37 99 12 78
26 10 68 108 77 65 24 13 53 115 56 43 91 96 40 2
37 0 89 55 46 43 93 59 68 119 74 106 91 87 56 117
97 124 98 47 61 122 60 115 110 117 30 73 85 71 75 122
71 37 50 117 80 15 48 20 6 123 126 97 82 55 87 51
51 57 98 113 51 31 100 33 20 2 107 105 73 54 100 16
91 22 6 43 37 54 64 43 49 62 13 3 117 100 55 41
29 25 26 80 56 126 114 76 0 93 54 74 19 26 90 111
48 96 26 85 23 90 0 72 25 13 76 14 113 3 55 14
28 81 95 85 79 81 33 80 46 87 26 65 113 116 48 33
85 75 118 108 37 119 52 62 4 0 77 118 3 4 4 32
86 99 117 37 52 22 117 98 110 15 36 95 4 84 1 89
31 119 69 69 110 121 3 115 122 80 105 125 85 109 29 43
81 18 80 5 41 70 104 23 85 12 118 89 96 119 50 0
111 119 69 93 113 72 80 107 25 57 104 110 39 6 25 120
24 105 125 65 47 101 88 5 113 79 94 82 70 17 82 53
8 23 19 121 95 99 100 120 29 77 102 68 83 127 60 107
105 57 45 24 31 5 29 16 84 124 98 27 13 52 80 21
75 99 15 43 71 115 35 100 64 10 40 19 9 100 127 114
29 44 11 60 49 40 77 6 36 47 33 49 100 113 71 47
85 86 90 28 73 126 0 10 8 40 29 17 12 28 4 41
72 15 102 122 55 51 0 92 98 33 13 70 18 84 118 103
42 80 3 116 78 3 126 86 43 27 104 55 56 108 97 0
123 71 122 50 122 122 14 92 27 28 35 46 112 25 21 27
105 25 15 56 28 13 14 72 40 118 127 96 98 96 97 93
