54 43 17 16 79 52 121 122 17 100 30 61 34 50 79 76
121 57 52 48 69 56 69 93 13 127 73 55 54 93 38 108
8 55 124 87 108 117 81 125 89 112 59 124 34 10 72 28
67 125 76 8 53 18 101 67 17 46 122 72 11 32 52 19
88 49 106 68 38 60 65 0 44 124 124 78 6 68 106 74
65 55 82 119 73 56 58 90 102 52 34 114 85 87 5 45
8 112 113 46 44 50 46 88 47 42 38 53 111 17 127 48
72 82 39 17 10 97 107 112 22 14 98 107 101 104 24 109
88 9 27 4 59 74 92 106 116 2 32 99 19 31 20 91
113 59 108 123 29 88 108 51 102 78 30 75 54 54 56 14
63 83 18 122 29 110 101 18 113 5 117 4 36 9 96 22
69 76 17 98 36 125 21 10 76 51 85 2 105 13 17 40
97 35 34 126 18 7 16 3 12 6 7 49 15 103 71 84
52 88 54 88 86 75 99 34 126 56 36 103 70 53 15 39
89 50 37 107 57 54 110 70 60 117 119 75 93 62 32 17
22 86 105 108 34 76 14 32 5 51 8 75 104 23 114 65
73 23 44 3 77 26 73 9 16 64 85 109 126 117 126 20
75 103 1 109 52 15 14 57 66 22 4 43 45 118 108 119
13 25 122 91 51 67 100 67 3 57 48 1 46 46 21 122
22 22 103 74 38 117 3 104 11 7 19 57 125 0 48 10
25 42 101 76 109 74 16 112 3 64 113 50 111 6 44 5
29 19 79 67 9 82 43 20 89 63 77 86 63 125 96 88
39 70 36 20 16 52 4 19 117 117 69 100 124 113 105 25
5 56 92 14 10 7 34 99 70 112 57 5 109 25 93 21
95 2 41 111 54 46 3 43 35 72 15 31 58 120 56 63
48 20 77 58 28 111 29 98 95 86 104 77 112 69 98 79
71 11 63 126 57 66 41 93 10 57 124 68 49 53 3 98
73 80 28 101 64 58 72 31 16 48 108 0 117 78 80 61
90 15 59 19 81 100 112 91 29 109 32 79 34 35 49 107
116 77 81 52 7 25 83 24 73 64 24 62 14 104 123 104
119 54 124 72 27 108 36 56 89 68 7 123 103 56 103 91
6 56 15 13 81 99 37 26 35 62 88 49 38 84 26 30
41 67 28 105 44 68 22 54 3 19 6 19 117 59 92 69
82 84 20 30 22 10 15 79 1 46 64 18 29 30 118 70
98 19 47 14 87 69 68 90 89 74 109 78 5 74 20 87
30 40 118 52 50 5 4 51 52 68 70 81 99 60 24 69
79 71 83 39 13 23 1 102 97 111 52 102 57 72 62 87
113 52 11 35 57 15 87 109 84 29 63 55 89 87 124 41
30 79 80 43 102 81 17 71 64 70 45 121 14 107 80 127
31 92 35 89 107 122 70 63 23 5 118 112 92 114 25 123
65 105 38 39 59 56 110 123 126 28 117 12 7 69 12 39
33 47 0 13 41 70 76 64 76 67 48 40 53 74 35 119
51 74 30 110 2 13 106 0 41 95 12 48 36 24 87 70
71 87 83 112 30 31 48 106 98 97 18 24 43 54 15 94
0 45 77 2 58 55 2 99 22 14 20 58 39 107 0 110
67 83 95 97 115 15 75 85 112 93 109 27 19 124 122 19
42 71 21 100 126 23 72 20 38 92 78 77 71 79 59 10
34 26 107 21 42 54 107 26 20 88 54 39 85 48 59 127
119 80 99 117 104 43 9 14 7 87 91 79 38 22 89 73
49 69 94 91 123 73 117 15 34 43 55 119 91 114 118 82
66 89 71 42 5 80 56 12 40 19 91 78 42 53 23 91
122 118 54 117 63 43 5 97 87 60 88 50 46 78 5 112
40 76 27 45 29 83 57 69 103 21 19 17 74 43 108 68
33 34 57 96 77 62 66 36 122 26 87 40 105 92 25 17
40 52 62 69 7 119 10 110 12 30 127 86 73 107 26 106
13 84 74 91 18 12 127 13 39 86 53 16 50 78 33 91
2 95 32 10 86 43 120 99 73 120 57 18 99 84 124 113
40 70 76 58 83 75 71 122 34 125 10 84 75 43 47 78
10 80 88 96 123 80 67 68 72 125 86 44 81 82 29 121
24 105 51 107 52 123 101 86 120 111 43 67 26 90 17 36
42 105 5 37 58 72 105 2 69 63 46 22 17 75 15 42
52 67 21 105 62 123 63 54 106 106 121 5 69 11 41 111
116 46 21 46 119 126 49 60 62 95 83 79 43 98 121 95
37 15 72 99 10 8 25 116 114 19 121 55 30 35 39 18
90 19 98 36 42 126 44 105 29 41 0 43 8 101 76 79
103 0 1 20 88 47 62 105 36 62 64 122 65 98 55 27
117 25 63 31 23 108 9 52 21 9 95 29 110 43 108 85
43 109 106 4 28 40 109 64 102 45 59 39 15 114 66 5
11 2 36 34 110 45 86 3 55 53 32 37 96 13 123 12
122 101 16 23 13 125 87 115 43 18 26 58 4 92 63 15
94 100 49 76 17 7 79 72 60 112 110 29 125 105 41 119
78 57 14 91 54 102 78 97 120 104 28 125 68 91 12 35
63 62 111 81 69 63 25 2 47 7 31 44 112 72 35 62
1 50 25 55 24 103 25 16 79 53 13 20 16 26 55 80
88 38 33 29 101 58 31 20 66 62 64 50 6 100 113 7
22 10 63 46 114 88 62 65 13 76 85 29 102 12 109 62
51 14 91 24 73 123 45 11 57 109 61 64 81 46 71 103
57 6 21 43 94 84 108 107 32 66 9 6 78 118 68 1
5 31 26 78 26 71 89 84 52 22 20 6 69 91 109 126
98 3 41 64 87 21 44 119 87 53 125 38 43 65 39 48
96 65 126 123 8 87 79 61 110 99 67 51 62 48 49 32
51 90 97 10 111 13 1 71 66 126 109 109 63 20 30 32
86 28 27 94 116 106 27 98 77 94 21 11 15 70 44 66
32 13 77 15 26 78 86 92 77 67 73 12 88 103 44 46
4 71 12 120 49 40 90 126 6 111 10 21 53 54 88 85
67 37 100 93 115 59 57 64 126 2 77 86 106 121 4 110
65 17 102 114 57 64 113 63 47 123 85 100 49 45 57 116
82 29 81 69 88 10 6 87 12 83 45 118 76 50 100 13
67 74 0 124 10 113 59 57 108 16 29 29 61 86 17 15
116 98 85 76 108 91 35 120 46 81 111 122 3 83 8 70
30 8 66 40 121 125 98 101 14 127 2 75 86 19 91 74
117 48 22 97 11 58 89 57 11 72 51 14 28 59 84 58
67 22 98 60 19 68 33 33 68 35 109 26 54 72 100 43
120 122 12 3 52 102 60 63 46 111 77 74 43 33 4 110
55 103 43 75 43 76 108 111 112 89 9 38 33 109 82 25
104 94 28 28 68 88 92 115 72 41 61 115 75 66 97 2
114 127 50 35 91 51 92 62 23 17 110 74 37 46 52 87
90 41 109 42 80 109 124 45 31 30 61 48 48 116 79 34
116 1 70 79 52 34 13 75 51 123 22 88 41 74 47 3
115 28 46 67 9 42 113 40 73 46 88 121 34 40 28 22
41 98 102 94 4 115 41 55 111 63 15 24 10 62 28 125
90 74 65 99 116 50 11 61 96 99 55 2 11 83 25 53
53 127 19 57 114 60 112 97 124 127 122 6 61 22 3 23
96 68 122 84 118 5 18 86 104 73 89 116 28 114 41 81
113 60 10 99 120 122 69 116 121 63 122 54 85 126 77 53
66 71 9 57 76 27 15 52 100 104 40 0 90 81 81 75
13 91 47 6 85 116 122 78 51 117 4 8 115 81 61 53
24 70 110 100 98 126 25 70 102 65 71 65 19 24 12 32
116 59 38 73 47 33 24 98 22 28 106 9 110 39 62 6
110 45 107 80 43 4 22 17 69 93 82 88 118 95 121 106
26 31 51 74 64 75 44 86 104 23 95 86 62 30 92 44
75 71 124 118 75 19 7 17 112 90 105 102 57 98 80 83
2 4 29 66 79 74 25 55 97 120 13 31 22 106 76 97
49 72 87 125 91 95 14 76 57 119 50 114 90 3 69 92
7 99 30 86 45 55 14 14 48 27 45 70 5 121 40 55
66 127 52 29 94 66 105 23 57 28 9 19 31 79 111 38
50 14 124 95 69 10 109 117 38 26 60 43 20 100 98 86
99 22 115 66 88 93 89 18 121 99 37 24 50 21 62 100
35 58 67 104 69 48 94 107 74 26 22 94 126 121 52 97
15 40 35 104 5 125 122 126 96 31 22 18 52 84 118 87
14 57 64 83 105 30 62 51 56 85 18 54 78 70 23 93
110 59 69 115 56 63 113 24 95 7 42 19 91 32 107 106
89 43 61 66 73 124 117 1 81 7 55 31 78 78 124 60
9 66 48 65 1 33 89 96 41 3 116 4 35 95 110 124
10 44 62 83 40 52 84 121 59 11 24 9 89 20 70 99
86 118 36 88 23 126 56 64 1 44 69 37 11 51 33 21
95 96 104 7 20 60 0 79 71 24 89 33 45 31 4 3
21 40 91 44 38 20 109 40 64 50 77 76 101 110 97 69
2 59 120 119 66 120 83 77 94 12 82 39 28 110 74 104
91 53 114 120 111 16 25 35 55 78 97 25 102 105 56 104
36 48 96 102 41 51 52 7 63 6 46 91 116 120 68 79
45 54 71 29 70 96 64 126 47 33 23 21 10 79 125 47
0 93 21 41 16 73 48 79 79 95 43 67 87 111 18 5
37 89 34 108 58 98 106 105 3 1 126 14 81 123 61 81
89 82 122 105 28 42 57 107 9 100 47 97 83 65 102 120
27 8 100 85 106 78 62 109 80 60 123 33 55 56 114 16
11 108 122 39 22 51 18 32 23 65 1 106 3 103 98 30
111 71 115 89 21 49 70 101 109 66 6 36 122 120 53 5
100 47 44 123 98 63 27 121 0 28 99 3 3 69 33 114
12 20 75 34 69 17 7 50 83 14 87 78 6 12 83 107
59 0 102 29 63 1 22 63 29 121 67 32 62 100 18 75
121 93 109 62 110 116 113 66 2 72 16 9 84 99 116 15
99 90 44 34 91 66 98 120 59 37 24 121 9 42 68 2
7 49 65 117 38 50 55 40 122 71 49 78 43 37 93 14
127 9 49 90 75 19 82 6 56 106 127 65 20 68 68 27
117 5 17 27 55 72 68 49 16 117 127 59 27 92 73 26
101 122 117 48 13 71 54 69 50 53 7 70 121 75 98 111
80 115 10 7 59 78 56 75 68 55 6 95 19 80 121 120
74 110 40 88 54 94 29 104 19 36 46 13 111 16 124 63
3 6 70 63 85 126 10 25 53 17 120 72 97 113 64 43
96 104 3 22 70 33 126 90 69 44 103 53 61 99 116 64
105 59 127 62 57 10 87 111 27 79 55 124 65 120 39 33
96 43 55 39 76 53 1 17 97 104 70 30 75 59 95 52
118 94 115 47 104 74 30 3 26 86 127 91 78 39 124 46
82 51 85 30 104 86 47 73 62 118 104 9 49 71 62 39
37 49 86 14 123 117 17 21 75 17 112 25 56 108 71 10
31 29 40 7 115 87 81 50 77 57 59 126 0 121 37 37
42 124 51 38 113 69 59 60 86 44 85 14 24 28 24 56
57 64 63 45 23 16 95 101 73 26 99 73 20 9 111 62
5 34 100 118 103 32 50 61 76 7 75 100 35 99 28 93
39 2 116 102 40 100 48 83 100 127 111 11 90 1 70 115
1 53 67 29 94 49 79 13 16 17 40 115 117 74 126 28
76 114 2 116 86 51 71 58 50 54 69 12 55 11 127 57
65 66 86 31 115 38 45 4 55 85 119 44 31 117 73 107
104 75 95 62 126 39 121 48 93 62 61 21 74 60 78 11
127 36 42 114 74 87 118 2 45 110 46 76 99 119 56 75
67 23 10 65 62 3 114 28 65 47 49 11 107 127 22 106
35 65 93 110 24 83 112 69 65 30 18 37 22 74 112 89
97 122 26 32 125 12 60 63 59 109 74 39 108 97 17 15
34 110 125 58 66 109 0 3 12 18 40 34 92 25 123 61
19 21 93 17 34 25 80 93 6 26 4 114 123 22 2 29
4 127 88 70 109 88 74 121 106 114 27 70 11 22 3 31
43 97 48 77 122 0 43 1 26 47 115 22 69 117 51 74
117 11 16 98 99 90 91 77 77 118 19 88 12 23 119 55
120 39 5 114 39 48 115 66 95 103 88 37 92 11 111 81
23 127 51 122 90 14 72 39 4 91 127 16 114 119 72 106
30 77 93 70 125 80 8 92 55 96 1 20 107 112 101 2
112 25 125 74 39 69 113 44 32 112 60 19 103 4 125 6
81 90 76 78 43 84 43 98 52 44 118 31 29 92 34 13
117 31 87 28 100 72 72 4 56 5 23 32 9 21 38 91
111 114 41 26 70 84 125 122 1 115 25 30 79 59 43 68
90 2 97 62 74 41 67 2 46 90 34 56 111 72 19 95
58 60 121 0 17 118 122 18 106 20 48 57 79 91 126 42
93 95 104 39 8 43 41 55 6 76 111 117 20 2 84 79
62 78 79 79 68 74 97 46 94 17 104 45 108 102 87 73
69 64 112 77 107 26 4 113 102 115 103 122 117 59 73 52
9 25 3 78 99 101 124 65 118 100 110 99 74 70 44 15
6 29 93 113 55 97 99 29 85 74 23 74 5 97 126 15
122 2 93 93 103 89 30 93 62 12 64 8 82 109 24 88
10 117 74 65 86 45 94 43 119 117 118 124 86 116 11 80
118 104 45 93 66 75 59 0 88 123 8 42 104 32 3 114
21 77 51 108 122 17 23 113 7 13 109 93 2 121 46 120
24 51 54 70 35 6 107 10 3 120 58 26 4 43 83 9
68 71 10 41 66 80 28 82 101 8 96 83 69 7 65 93
58 119 36 93 125 15 103 1 8 34 27 12 77 110 22 17
53 32 59 119 112 87 74 86 96 42 41 37 49 106 2 107
97 38 72 95 54 48 96 62 82 123 74 31 106 96 49 31
0 108 23 113 67 97 71 35 11 112 72 60 90 75 39 59
113 111 26 39 31 122 101 113 118 48 17 96 16 66 127 17
46 22 2 113 119 73 21 2 57 93 62 19 40 101 78 26
85 105 65 116 99 39 102 89 87 119 57 103 57 57 120 103
79 122 88 71 67 109 73 124 75 8 15 115 109 94 13 66
71 79 55 42 118 29 4 77 20 61 52 77 118 45 52 70
39 12 13 107 122 86 103 69 94 119 56 76 85 70 14 28
21 69 70 11 98 74 88 118 8 12 67 126 57 119 68 97
4 81 76 126 40 51 67 6 42 123 82 127 65 97 27 86
38 98 97 9 44 57 127 52 70 67 51 127 58 119 96 62
73 44 60 113 96 127 119 10 123 74 10 60 43 37 19 81
7 116 90 52 46 90 104 116 29 27 115 87 19 84 22 92
0 82 77 96 82 68 107 77 14 117 9 57 26 28 11 34
17 101 86 63 63 62 51 92 90 38 52 109 122 74 73 123
28 22 91 110 90 70 59 105 59 69 34 86 97 45 120 114
19 78 49 82 12 100 47 102 11 99 83 5 45 28 0 73
50 92 56 13 34 115 118 94 56 24 52 26 70 44 12 89
122 62 43 6 34 90 109 45 61 64 51 106 93 51 52 15
15 108 28 50 95 18 16 24 43 68 50 113 112 62 74 106
124 117 112 31 80 93 76 13 30 127 120 123 51 44 10 66
24 39 116 119 57 4 15 100 72 65 85 56 0 31 34 124
21 19 27 101 112 104 114 14 103 106 9 26 22 20 93 46
59 81 38 116 86 53 89 30 119 46 87 119 78 121 115 99
12 15 72 125 119 58 11 94 37 21 121 59 41 86 106 100
39 16 88 125 69 49 28 60 96 115 51 46 108 39 17 121
54 89 118 45 19 1 11 56 22 4 116 63 90 94 35 2
110 124 127 51 45 27 112 13 14 35 59 123 74 76 116 0
29 53 6 106 50 44 87 39 24 69 31 6 60 60 33 126
56 90 102 121 85 45 51 79 40 27 121 14 4 91 67 33
16 73 12 67 117 99 106 13 40 9 20 100 70 53 98 126
15 73 119 100 118 42 52 30 69 45 45 73 8 112 107 24
58 119 91 47 90 69 61 2 79 81 102 21 6 73 19 21
18 10 121 8 52 45 38 122 90 83 67 98 68 46 123 126
37 86 45 127 28 106 1 107 59 104 0 65 49 19 86 67
29 80 75 81 125 113 75 88 69 15 58 9 61 53 7 99
12 52 98 40 31 100 19 90 76 19 28 125 38 114 64 67
66 11 20 64 124 96 24 65 111 82 74 44 8 81 15 20
6 114 60 37 86 79 127 34 98 27 31 8 14 95 75 80
106 95 16 102 63 40 40 46 123 114 91 3 68 106 23 74
92 83 111 50 34 110 84 4 10 115 12 24 82 87 104 60
54 121 35 118 33 75 36 28 61 127 31 1 106 54 75 70
9 58 121 43 41 77 47 51 65 59 75 19 18 51 80 73
44 115 63 78 62 99 106 123 99 10 125 77 64 72 19 74
3 12 117 44 90 37 95 27 96 42 46 115 93 126 60 10
113 123 88 47 94 66 43 65 76 40 14 13 112 34 87 115
46 76 31 8 113 126 35 82 40 82 69 6 80 1 16 66
124 104 113 90 42 28 28 119 68 42 4 53 76 91 40 123
39 72 3 25 70 39 107 111 121 48 117 73 49 5 11 45
109 125 7 23 25 35 14 94 78 18 19 26 109 59 21 21
3 25 46 74 64 25 57 57 73 46 2 122 51 14 39 32
11 46 55 36 82 70 2 32 88 21 58 70 81 80 91 84
105 9 30 41 34 87 98 107 5 100 101 56 114 12 88 125
58 16 34 12 86 36 44 46 58 103 116 11 55 79 95 32
88 126 73 122 85 43 101 91 15 74 19 2 86 108 127 17
124 33 29 82 70 74 0 0 49 117 11 104 68 106 8 29
104 81 23 62 124 125 25 11 71 44 13 30 24 13 47 20
46 76 102 116 22 103 116 71 92 127 47 32 106 55 61 82
8 85 16 4 82 41 16 25 86 29 55 110 42 102 3 89
51 105 77 73 80 66 17 44 65 64 77 43 120 10 126 0
61 32 112 94 6 107 116 56 90 86 35 127 53 19 81 67
31 62 124 49 66 118 122 18 52 29 98 18 111 25 57 44
57 41 10 63 21 126 119 111 85 26 110 10 46 63 77 77
125 73 127 63 63 121 81 116 22 51 6 5 77 63 49 6
104 60 70 125 58 61 108 15 88 90 25 6 25 102 83 22
48 82 86 111 75 39 99 98 91 105 103 40 40 25 46 17
85 116 14 15 50 123 31 10 85 56 16 111 31 99 5 79
54 91 62 1 3 34 99 94 11 75 6 52 100 52 69 57
41 83 72 91 78 103 101 36 32 117 19 63 88 24 14 14
116 76 16 119 110 115 85 122 62 91 46 34 15 115 91 56
70 36 19 21 11 120 57 43 109 76 106 70 100 120 84 88
69 100 79 51 88 36 45 22 127 91 57 15 78 20 71 21
56 91 42 68 83 99 111 65 47 90 7 19 82 91 108 23
64 59 75 24 96 120 46 95 84 103 110 34 124 54 55 52
17 97 120 100 68 104 37 115 66 44 7 20 8 115 44 72
46 119 96 14 111 14 110 67 118 92 102 114 18 29 38 35
127 31 8 67 7 45 55 73 90 62 93 98 49 9 42 95
0 10 110 112 24 92 51 14 56 25 0 75 55 39 110 54
70 118 121 77 36 48 22 126 110 115 96 31 125 10 127 125
20 109 109 44 73 33 59 1 58 59 76 113 98 59 39 40
49 33 117 85 81 11 83 64 127 51 95 124 61 94 121 81
75 103 126 20 8 57 22 66 116 98 52 87 29 91 127 79
124 117 36 78 0 120 14 127 43 109 123 105 76 117 58 23
92 56 44 100 113 66 38 102 36 90 61 66 54 60 17 50
49 53 0 50 45 14 49 89 124 45 66 72 34 124 95 126
53 11 98 38 77 8 12 114 99 73 52 25 6 69 75 55
122 76 105 40 90 27 1 86 72 67 30 106 63 126 104 116
9 74 27 87 82 39 73 53 113 125 78 119 66 26 46 60
102 24 100 64 51 101 23 123 40 53 101 104 51 77 92 61
23 119 20 105 31 93 31 16 90 109 7 28 7 53 88 109
77 61 46 0 34 69 123 75 122 96 51 46 45 15 107 68
7 127 46 38 92 77 54 54 58 61 82 66 114 42 47 64
116 30 0 0 11 83 61 127 81 38 118 37 38 93 9 18
38 88 66 58 113 35 68 37 1 82 59 125 9 11 34 125
41 34 125 53 117 58 52 70 96 42 108 7 7 117 25 45
78 92 103 63 127 43 101 0 125 32 126 6 43 32 3 84
66 0 9 55 58 61 126 27 103 106 34 110 95 59 28 45
23 3 109 23 47 82 23 44 114 21 51 29 53 54 113 119
55 123 47 113 56 45 12 32 23 46 14 118 106 42 36 1
46 17 24 93 99 48 9 85 69 60 114 123 115 99 114 42
94 33 27 23 78 40 55 101 86 69 92 64 112 0 66 30
17 90 123 116 10 4 73 80 65 59 75 52 30 61 94 125
95 121 20 45 33 75 19 120 16 111 56 0 111 122 30 0
85 25 116 95 30 61 47 95 120 122 19 22 56 113 19 23
106 39 68 12 114 87 4 3 70 60 3 53 55 34 53 12
59 41 107 89 102 27 56 94 21 75 117 77 60 8 100 39
48 41 51 34 0 55 37 71 115 41 124 42 75 50 54 6
91 34 96 66 61 24 32 82 100 21 32 32 30 4 71 78
45 122 112 46 49 22 117 37 63 113 79 10 35 6 16 127
40 112 65 101 9 97 55 109 119 87 13 21 92 85 99 9
79 83 55 1 105 44 38 40 30 117 50 65 123 67 64 35
51 1 8 60 99 64 41 90 23 55 111 115 12 82 125 91
37 52 92 15 97 2 55 127 120 106 64 115 45 1 23 96
2 31 29 101 95 70 63 119 125 46 106 9 0 103 101 38
28 65 53 125 68 108 124 60 86 60 47 3 61 70 100 64
102 1 37 69 71 101 60 69 19 39 78 20 14 51 58 42
117 111 39 57 91 35 117 50 96 36 53 29 107 25 93 81
26 3 22 98 104 83 39 123 122 117 15 8 41 73 51 30
56 90 87 20 126 76 70 94 112 123 123 91 21 89 44 47
92 67 17 68 22 56 63 16 46 79 24 87 24 75 117 81
38 76 101 36 24 43 2 8 38 125 100 59 86 16 107 50
83 124 118 105 53 54 121 99 5 18 58 29 93 47 110 3
123 83 39 19 126 41 27 37 39 127 96 125 16 75 48 99
72 38 77 125 92 70 96 97 88 26 127 54 73 109 57 68
