48 82 49 15 43 75 32 7 57 111 101 68 33 14 115 75
11 71 3 36 38 13 43 49 20 7 125 26 117 88 114 37
42 36 53 85 111 85 93 40 69 66 108 102 81 95 49 92
38 52 1 76 66 44 126 86 51 123 112 40 83 99 77 126
7 2 83 118 88 48 30 29 115 10 3 68 105 53 32 15
105 33 92 43 77 90 2 0 85 114 40 40 85 118 38 92
120 122 82 80 42 112 109 29 122 113 97 99 38 2 115 15
35 79 59 113 41 61 113 126 47 26 38 5 16 77 97 8
71 52 89 113 36 70 15 31 55 112 2 93 114 117 109 22
68 40 7 109 101 120 107 20 18 18 25 34 95 123 43 38
47 4 23 83 74 38 114 2 23 117 95 9 106 76 31 47
116 38 28 89 31 8 110 49 26 7 84 121 2 127 31 49
3 54 5 77 93 119 79 116 108 47 125 87 123 29 6 112
67 34 73 98 42 55 20 68 63 104 61 65 103 92 115 106
19 120 55 112 111 7 100 92 54 97 51 49 126 57 33 66
91 107 36 6 34 56 74 97 32 8 35 7 100 22 113 119
14 41 103 125 48 75 89 102 45 12 23 43 69 57 109 33
36 18 39 70 74 113 40 107 121 75 114 94 97 100 85 111
13 61 108 61 8 70 35 53 82 58 97 24 115 78 57 23
96 96 94 43 81 6 22 75 81 8 41 50 108 126 33 121
59 13 54 68 83 89 121 38 20 90 62 7 41 119 31 9
87 125 52 40 3 74 115 84 83 28 6 63 27 39 57 86
52 111 26 8 73 20 46 93 110 108 100 23 99 3 33 58
0 85 98 3 32 86 87 115 114 93 50 13 4 107 100 57
91 126 65 36 18 111 1 1 91 101 24 62 105 57 120 105
15 90 109 47 48 68 34 35 34 84 48 38 64 20 95 27
19 32 63 37 15 64 38 106 37 63 40 14 120 32 120 7
123 101 54 43 41 88 78 75 45 127 114 109 19 81 8 38
114 71 76 1 7 114 108 44 49 20 59 42 53 51 49 48
24 104 91 65 64 42 13 109 41 127 90 60 80 98 99 66
41 47 68 48 33 48 93 83 68 24 125 121 75 46 41 99
22 5 36 87 47 49 68 88 48 31 20 1 1 119 67 43
31 66 117 122 120 39 50 49 15 99 101 105 88 90 113 116
20 120 108 110 28 73 53 93 116 44 29 62 33 71 60 65
9 49 59 1 89 109 51 104 80 24 82 40 114 67 28 6
59 9 116 87 82 42 52 70 86 81 5 119 24 65 56 34
115 115 35 76 96 86 52 48 110 6 88 97 73 117 103 4
126 92 92 80 6 16 23 92 98 28 83 122 93 12 28 80
127 64 28 96 22 81 16 5 87 105 102 33 94 77 37 92
41 1 44 47 18 67 11 116 95 95 110 61 107 11 13 106
75 42 74 97 123 91 102 82 68 76 115 34 26 25 126 67
26 42 115 44 110 126 32 77 93 15 10 72 26 24 51 101
66 125 70 61 88 45 15 28 121 3 62 19 28 60 87 54
103 74 99 85 72 3 34 38 18 45 110 44 69 33 17 7
31 88 68 119 5 83 20 126 86 82 18 114 15 105 41 118
51 12 75 123 15 109 33 34 26 16 78 95 49 96 102 80
56 42 72 61 126 92 59 84 46 77 71 61 54 112 51 105
124 126 101 11 108 6 45 6 22 124 102 72 92 76 24 20
119 96 81 117 60 12 73 107 90 16 40 16 0 92 122 124
90 95 8 70 101 53 77 124 49 51 68 13 127 92 33 118
61 114 107 121 127 53 100 89 69 13 105 70 105 99 66 67
66 74 10 40 0 87 36 49 10 104 63 9 68 96 0 1
83 107 123 82 32 95 43 102 108 20 44 85 120 110 25 58
57 35 98 57 122 6 106 4 110 41 13 51 10 13 52 93
121 47 47 25 15 90 127 123 110 43 81 102 26 106 33 83
13 3 12 7 10 118 11 120 32 24 43 42 38 96 7 31
15 54 56 30 16 56 26 126 99 107 101 125 85 6 80 98
9 92 105 19 83 116 12 115 12 55 29 50 23 36 81 39
90 10 69 106 66 95 104 37 74 77 35 31 83 115 1 93
80 106 112 35 94 124 22 107 52 51 29 75 87 111 114 49
121 56 27 59 23 3 96 98 81 3 1 36 119 3 1 71
109 114 106 76 110 0 55 34 51 84 110 10 67 96 59 60
24 86 119 48 89 88 18 42 91 19 79 82 22 80 25 4
66 3 80 49 3 7 83 54 91 65 64 31 34 123 91 58
47 12 40 64 70 76 9 77 49 34 59 54 55 53 127 122
33 22 31 118 119 102 59 7 76 23 74 49 10 69 22 57
82 62 121 24 10 2 101 60 36 33 114 91 86 113 86 119
8 117 110 127 91 41 6 40 65 80 89 75 22 111 5 104
45 126 0 56 1 102 116 37 7 102 1 93 87 87 85 95
76 67 94 40 108 101 80 45 53 41 121 75 25 126 51 70
124 52 126 125 26 114 35 33 88 36 126 48 123 83 15 71
22 110 111 3 83 63 48 8 105 41 84 2 39 7 72 36
59 71 33 85 57 68 118 18 104 117 66 99 72 81 43 95
63 26 98 18 90 18 27 67 60 111 69 99 118 13 7 50
84 41 7 14 109 126 32 86 115 98 57 59 51 100 26 115
127 124 5 89 15 32 28 75 15 97 46 6 110 54 56 67
95 63 81 76 61 113 34 48 83 92 108 6 64 6 121 63
3 127 24 18 31 52 93 47 21 11 53 4 65 109 71 32
44 24 109 106 9 15 26 92 107 6 98 44 13 92 107 16
91 4 34 122 56 127 41 78 10 94 82 76 75 25 108 120
49 89 98 58 105 124 22 84 3 120 0 16 84 108 32 47
112 66 42 40 65 83 118 75 50 72 23 125 97 4 117 18
93 87 76 70 84 98 27 87 91 27 103 47 7 7 95 119
73 9 32 10 92 22 85 14 95 109 12 64 113 1 83 78
89 31 21 45 2 48 4 93 75 107 12 83 114 107 74 59
116 106 69 81 1 26 95 96 7 107 32 120 109 115 71 70
19 92 115 21 12 119 114 87 98 126 42 84 106 117 15 94
95 84 47 96 110 15 64 118 122 97 110 103 84 53 45 103
17 32 124 29 23 110 117 121 109 31 77 87 20 92 53 116
48 101 84 31 116 21 21 110 118 3 86 74 57 3 50 74
36 46 104 59 29 93 53 10 124 2 97 17 95 22 5 15
123 89 46 111 110 67 94 100 71 52 47 0 55 97 74 91
15 50 23 44 15 76 54 12 78 23 29 45 46 34 61 41
123 107 25 106 47 119 78 118 43 125 118 98 94 64 62 110
115 85 26 2 33 81 14 111 104 43 29 22 77 90 64 73
69 89 51 116 80 1 106 123 127 96 93 93 33 27 75 20
75 32 80 61 85 60 13 78 70 37 111 61 113 124 71 1
98 37 32 66 114 14 93 0 62 96 72 55 4 123 42 79
28 122 13 113 54 26 63 124 63 46 57 49 42 0 50 12
38 83 79 24 97 44 24 31 12 96 86 16 92 0 96 120
122 109 105 48 7 40 45 70 86 102 119 1 103 42 13 13
125 92 37 94 9 61 125 21 29 83 38 121 83 6 113 77
115 90 125 122 2 42 64 89 17 56 90 120 98 103 5 95
68 42 61 77 103 58 98 4 13 8 126 96 14 111 45 1
74 42 123 76 85 60 37 102 116 127 94 86 103 99 53 43
13 114 120 116 44 90 120 57 99 118 25 113 102 70 115 48
112 110 124 69 42 34 43 30 33 9 116 8 108 41 51 121
27 43 109 71 6 102 0 105 92 25 90 66 95 77 114 80
60 111 21 102 17 65 5 50 74 121 59 55 35 110 48 62
26 30 6 32 4 6 9 96 32 99 35 127 49 21 79 109
4 101 83 21 38 88 72 112 82 3 39 117 113 88 51 11
118 57 43 122 64 52 90 96 24 125 95 73 19 47 54 23
20 9 45 58 98 117 42 52 120 82 41 105 42 92 117 32
22 32 26 86 85 116 54 109 114 21 54 5 68 108 28 88
117 73 18 87 62 61 11 54 15 52 32 57 17 21 89 39
53 115 125 10 103 51 119 89 72 45 94 13 25 123 101 15
68 120 102 3 53 114 57 68 38 89 125 55 110 86 94 36
73 91 46 48 14 38 10 87 83 104 100 109 99 73 124 40
65 98 43 118 84 100 58 123 62 55 50 44 13 17 80 86
108 127 7 123 37 17 82 120 121 54 101 93 127 97 5 65
68 48 55 24 20 114 19 82 41 70 127 55 87 79 13 67
78 20 62 115 37 16 108 31 70 81 124 70 51 1 7 119
49 62 15 69 48 35 24 90 105 23 17 64 102 30 3 53
51 66 40 88 82 20 119 25 102 115 95 25 116 102 16 37
36 31 107 85 66 3 47 43 26 64 107 0 94 111 53 17
49 94 106 3 114 97 28 88 85 123 113 73 97 1 111 6
33 90 91 99 93 10 15 119 74 122 119 40 105 45 58 26
11 36 30 125 5 58 86 90 54 71 36 23 73 19 29 106
72 80 110 2 44 124 22 61 3 105 101 126 114 88 2 94
100 10 115 4 101 78 54 107 126 122 71 36 113 72 123 57
24 106 60 68 102 82 2 105 60 103 103 46 63 105 12 36
116 0 40 89 78 94 69 76 89 12 113 74 84 108 3 108
86 63 49 61 18 51 38 78 26 14 124 90 119 9 126 107
9 38 69 87 5 10 36 94 22 21 40 106 1 43 86 88
107 7 21 125 58 59 75 85 73 71 47 65 80 45 44 89
83 113 49 88 123 85 54 17 106 94 123 107 10 82 67 117
89 88 114 20 20 61 105 93 4 24 30 85 69 75 46 24
60 95 113 56 52 39 73 30 6 69 10 16 23 77 5 112
38 119 4 58 52 109 23 56 5 54 13 74 1 60 99 61
27 84 117 80 123 63 110 1 4 120 17 27 70 22 11 108
13 16 38 65 125 61 122 3 115 7 77 116 67 48 50 95
4 39 47 0 102 29 1 106 22 19 5 92 41 17 72 55
33 110 120 30 43 114 33 31 122 111 19 61 31 69 28 36
109 75 36 83 105 37 62 127 56 67 91 98 84 35 25 117
17 17 20 60 4 53 91 126 36 111 59 68 52 88 104 33
35 12 117 12 49 51 11 106 118 102 76 75 9 101 64 26
118 84 87 122 10 50 120 46 33 52 114 86 12 90 119 47
102 108 60 24 31 71 2 22 46 78 97 55 51 33 82 41
118 41 36 0 91 28 46 125 80 33 83 92 123 74 12 98
55 72 122 86 15 124 108 61 74 77 117 125 111 71 38 101
112 74 101 75 103 19 72 55 52 27 20 48 102 32 18 29
104 12 115 119 8 96 53 82 45 42 79 28 113 117 1 97
64 102 44 39 122 117 94 46 16 114 94 118 18 112 19 122
124 7 114 4 103 39 86 20 81 37 49 66 27 50 35 91
25 79 2 19 68 96 65 85 83 32 75 101 16 95 96 13
102 82 17 77 121 104 97 74 13 18 12 40 69 47 3 94
126 5 113 67 102 50 24 57 82 99 30 99 66 126 112 40
80 1 117 73 105 87 19 119 105 31 31 46 78 35 12 77
40 125 16 14 48 40 71 2 11 102 101 78 100 85 118 53
87 108 126 64 67 18 55 44 49 87 91 0 122 103 77 34
37 26 35 93 24 73 60 15 105 32 103 27 124 62 110 81
20 92 87 67 119 71 6 4 73 108 2 82 74 56 29 111
82 64 76 107 9 8 122 114 41 97 14 37 31 124 119 51
88 78 118 79 21 124 83 95 104 85 49 51 14 78 34 96
15 111 75 24 119 69 11 32 38 25 70 70 21 61 121 109
11 112 60 32 108 16 127 85 101 49 8 115 127 42 84 14
25 31 39 17 101 50 49 11 75 119 81 96 52 75 77 63
59 9 96 39 25 95 124 127 16 4 114 16 47 70 30 72
102 69 89 75 119 11 86 66 2 40 34 55 115 111 118 46
121 86 85 18 54 82 17 70 86 4 86 5 74 117 78 48
58 39 123 50 50 82 116 53 122 23 108 109 6 98 27 127
57 112 18 111 66 35 53 25 39 12 30 114 1 108 34 59
20 30 109 70 112 98 123 106 121 103 87 127 74 114 127 3
98 17 114 37 52 39 62 92 51 92 78 52 73 112 112 93
14 93 35 126 63 31 104 56 6 63 56 80 49 55 83 20
72 69 57 124 109 119 88 32 83 38 85 28 23 69 121 37
34 29 36 98 60 12 26 66 76 82 19 125 9 102 17 81
44 74 78 25 65 38 57 21 77 14 49 100 83 43 9 118
72 45 88 4 58 114 70 6 69 89 3 78 64 21 32 108
95 110 5 33 20 62 54 97 77 103 69 32 18 79 22 90
124 110 94 54 97 37 60 38 126 64 116 62 85 20 42 52
2 47 85 23 110 11 120 59 115 62 91 5 13 114 96 9
96 62 64 65 99 124 103 98 60 92 32 17 112 75 70 115
122 27 10 104 39 2 35 26 64 127 31 77 113 127 87 81
62 23 19 33 19 122 3 80 86 36 97 71 111 39 58 105
67 68 82 106 70 117 4 7 116 35 84 101 35 43 55 97
66 74 2 86 68 6 38 27 42 7 98 25 47 28 2 114
96 84 92 38 74 96 45 62 3 2 36 38 45 91 7 112
37 10 70 105 16 108 4 58 115 102 83 34 2 85 20 98
42 112 9 116 80 54 50 84 56 86 122 102 49 2 86 86
12 28 64 28 8 68 86 123 43 41 30 45 126 50 16 40
35 25 28 115 79 79 71 8 37 66 110 87 68 68 45 80
105 48 62 84 57 123 81 87 50 7 112 96 21 92 7 36
94 75 52 61 58 105 82 116 8 6 48 25 74 63 31 51
111 94 7 41 89 89 0 12 96 112 108 117 76 115 25 42
62 77 103 121 55 57 109 63 63 30 88 9 93 119 61 77
85 68 118 47 29 118 59 125 102 39 114 50 26 12 92 88
89 67 81 16 124 63 79 59 93 39 69 58 31 2 7 116
70 125 35 100 115 94 97 89 5 84 11 31 96 103 120 57
42 73 74 38 8 25 98 101 65 39 32 96 41 39 84 111
37 120 83 24 86 53 114 92 9 125 123 105 101 115 34 15
61 108 54 69 6 24 43 71 63 75 39 104 114 123 87 23
115 43 48 74 96 34 38 105 31 33 82 4 21 116 20 82
97 74 23 103 98 66 46 33 13 85 9 0 80 96 23 68
11 71 14 107 105 52 84 9 85 38 13 106 27 33 60 124
107 84 99 77 22 17 110 36 102 119 36 54 88 59 122 99
3 8 79 108 60 35 117 18 74 3 124 101 36 57 97 16
13 68 93 35 85 76 71 59 67 107 113 27 39 108 127 42
116 78 22 49 113 12 67 59 15 63 32 51 120 1 67 5
69 33 41 26 109 112 85 48 92 71 76 3 51 75 45 39
25 67 88 10 79 27 70 94 91 102 18 83 104 85 89 45
118 2 72 99 114 29 20 78 100 96 81 23 43 126 63 68
66 23 78 17 51 20 112 14 123 2 97 99 87 58 16 78
60 88 49 47 118 69 125 90 37 79 114 80 77 49 20 15
72 99 33 123 119 17 9 114 19 107 85 106 37 102 56 98
62 106 17 52 47 14 15 85 93 1 37 43 50 58 58 122
29 91 118 20 108 127 7 127 106 92 106 16 66 34 114 1
12 3 53 60 17 68 17 111 69 54 26 119 112 84 114 13
48 104 34 28 103 41 28 82 5 6 98 72 40 84 73 53
87 126 113 104 67 2 87 8 56 113 0 41 70 114 54 118
90 88 18 65 1 46 19 7 52 117 79 93 73 24 18 32
22 3 9 89 5 96 98 61 82 98 102 24 84 29 14 46
117 32 111 119 79 3 126 3 120 77 96 66 101 114 98 123
117 107 85 122 76 55 56 30 25 30 54 109 59 68 27 49
126 80 120 49 81 47 64 112 122 12 75 89 123 4 34 63
1 123 23 84 111 97 29 81 83 62 47 91 93 67 63 91
19 55 13 100 102 77 84 97 89 31 58 84 36 93 19 37
88 43 121 71 12 22 24 95 85 72 58 50 11 121 14 31
49 27 3 23 104 88 120 65 119 51 22 27 16 41 64 104
84 58 47 96 80 71 63 37 15 121 88 27 115 102 58 36
1 61 59 105 21 52 42 13 103 64 40 119 106 105 95 62
35 14 31 115 85 94 25 101 88 113 0 75 87 58 111 88
119 42 65 13 94 107 26 69 44 66 60 22 43 27 84 78
41 115 66 127 82 91 100 42 76 100 117 35 30 100 123 21
14 60 34 109 39 60 50 83 127 111 105 42 10 62 121 52
49 59 51 3 22 23 45 98 123 34 5 25 6 0 46 21
60 81 2 99 13 52 55 12 35 32 55 46 94 48 98 16
107 21 19 1 44 65 99 39 99 104 64 106 104 110 127 36
63 1 7 77 53 62 89 89 95 16 7 61 64 105 77 43
126 97 44 42 34 15 81 5 119 17 111 95 127 110 3 63
111 11 12 37 73 101 126 40 118 5 102 54 110 51 98 108
20 14 22 54 30 103 60 21 120 43 117 119 26 120 54 9
3 66 46 77 40 44 117 30 49 91 84 31 15 54 11 35
69 33 90 99 8 22 120 0 65 109 120 91 102 46 101 105
113 19 54 25 64 44 55 113 7 11 17 22 66 28 58 7
62 20 106 70 42 98 71 107 80 63 71 54 109 44 31 94
63 86 119 127 2 46 113 9 58 2 32 124 30 90 3 92
110 109 35 24 79 106 3 31 41 74 85 22 118 117 117 54
75 108 53 77 27 38 86 85 40 118 81 71 80 84 35 62
65 70 86 16 48 90 48 89 36 5 112 27 122 101 81 69
81 6 18 108 45 105 65 85 95 18 28 48 102 64 110 39
6 69 56 55 31 104 16 67 109 0 94 104 101 47 45 55
54 64 35 99 41 101 56 8 119 85 56 94 21 39 5 27
108 61 82 11 37 99 78 19 99 45 123 73 92 40 0 18
104 35 117 17 8 46 26 0 3 82 94 24 121 99 51 101
33 6 112 70 105 63 89 76 108 84 21 72 125 21 91 101
22 80 62 92 8 78 102 93 104 75 118 79 40 43 50 34
32 118 78 5 113 94 53 122 3 69 1 25 18 115 71 40
67 5 4 75 83 107 40 60 54 31 11 94 74 61 0 106
51 78 111 36 44 36 30 47 106 32 72 124 19 16 36 86
21 41 34 105 20 74 37 74 105 48 40 51 109 40 29 33
118 13 69 34 49 100 81 27 4 26 23 23 42 60 109 63
101 15 40 121 90 77 67 67 125 107 119 107 19 20 12 9
33 81 43 83 53 124 110 57 22 6 80 64 66 62 0 39
77 40 32 39 118 99 107 115 78 98 94 97 118 106 106 24
60 21 107 113 17 89 43 40 95 123 104 33 57 104 72 7
17 104 46 7 75 25 122 25 123 89 122 114 67 100 10 127
121 117 113 11 78 28 51 46 23 27 79 81 4 24 88 21
0 6 28 76 32 22 101 27 111 96 13 51 68 23 50 62
12 35 73 91 63 124 9 87 23 88 40 27 112 0 48 113
6 76 61 38 99 34 66 82 2 79 5 71 103 56 5 115
91 78 78 27 74 87 114 97 48 26 125 32 26 45 17 32
122 78 71 93 113 9 47 115 88 53 58 63 109 63 51 72
13 1 99 87 89 85 57 9 111 54 41 9 99 59 42 93
9 113 58 122 122 106 110 82 31 40 18 12 104 69 84 117
70 56 77 31 13 6 40 125 60 82 6 31 13 48 125 22
33 55 17 27 33 127 110 64 39 0 76 15 69 33 5 11
89 82 43 102 88 83 99 20 37 106 51 50 26 48 73 60
104 90 87 9 89 69 74 0 69 22 16 10 55 21 22 16
103 65 119 63 20 90 83 58 68 6 108 95 55 53 27 31
15 114 40 104 56 114 105 125 9 121 8 64 14 30 81 117
95 72 52 115 34 7 45 103 13 26 70 68 79 97 99 95
83 12 71 11 126 48 9 7 41 17 72 55 47 25 44 14
97 96 1 3 103 47 106 117 73 48 57 24 17 29 119 101
41 63 112 39 111 121 47 25 10 119 80 57 16 125 71 113
93 73 116 69 120 95 58 65 15 115 89 33 16 81 6 57
16 118 97 127 112 16 24 122 7 105 52 23 102 123 8 67
68 124 8 60 91 66 125 107 54 87 12 70 40 18 0 56
33 70 62 120 8 125 28 88 114 101 18 37 72 116 14 43
106 73 65 1 26 113 118 118 71 23 27 0 1 25 14 34
95 77 27 103 74 55 63 60 28 81 98 100 70 112 15 48
57 80 49 83 65 39 73 8 62 101 8 63 126 23 98 93
100 125 68 46 52 3 106 80 85 76 52 27 60 67 75 117
19 124 72 84 36 18 92 98 119 101 34 117 124 4 82 96
1 22 14 53 25 120 5 110 69 57 9 1 124 84 119 15
81 63 99 117 81 63 87 72 36 121 61 32 125 15 0 126
37 14 51 63 7 56 45 76 113 55 77 109 11 68 124 92
4 95 81 85 31 41 30 67 34 91 100 32 107 100 30 16
115 82 79 122 10 125 70 124 52 19 105 63 88 102 28 92
69 109 49 100 22 79 40 57 43 12 89 22 112 119 38 99
73 118 93 84 115 35 80 39 55 57 102 15 31 2 107 101
112 28 73 6 108 113 63 23 125 24 45 110 16 83 81 89
73 47 45 60 82 125 99 9 55 74 24 86 76 3 59 60
32 5 67 12 118 2 35 116 27 80 98 43 35 51 4 109
98 50 41 53 47 13 62 102 87 87 61 35 90 120 96 122
125 35 6 116 37 41 104 64 121 74 107 29 125 112 10 96
34 51 21 81 64 83 56 23 42 117 59 5 109 27 127 107
62 6 95 99 47 71 36 41 17 15 70 14 127 80 110 33
3 3 115 68 87 43 91 1 32 22 6 13 49 6 120 111
12 87 83 59 30 119 100 47 6 42 62 6 122 44 39 126
48 26 66 7 69 29 8 101 52 15 115 101 21 107 85 33
67 40 92 97 31 65 17 37 107 79 43 102 123 83 100 43
109 38 50 51 67 59 24 119 74 11 93 95 119 50 0 58
90 92 27 121 29 44 30 9 123 74 111 119 29 83 34 10
121 85 61 60 16 86 52 90 97 17 57 88 67 57 18 29
21 46 22 51 90 52 60 86 126 43 77 27 126 111 38 119
68 99 51 84 57 103 46 27 120 103 115 59 32 6 88 54
52 110 105 14 35 37 100 33 80 49 61 78 33 99 69 101
70 120 58 0 96 104 27 88 80 14 20 112 20 108 38 72
91 15 87 126 52 59 31 4 109 92 82 14 63 23 115 6
