41 10 10 100 127 125 111 66 44 72 15 73 31 22 85 96
66 15 44 10 9 21 43 63 22 109 4 105 90 79 105 4
89 115 104 89 112 87 27 28 32 42 101 63 64 59 32 2
74 76 12 83 97 55 18 119 36 22 97 126 102 74 2 63
61 107 24 45 66 51 74 98 93 47 34 29 106 66 31 52
14 43 7 112 98 26 103 6 48 72 5 22 18 7 86 79
114 110 125 53 34 71 23 127 118 57 29 97 123 60 21 10
104 29 122 74 55 97 81 103 42 86 126 60 93 84 12 80
66 9 5 100 80 28 100 70 86 1 39 81 61 61 91 37
90 85 112 17 55 65 120 97 23 118 29 116 74 41 68 13
50 73 113 2 102 85 73 60 86 112 13 20 45 105 57 7
62 41 24 117 106 17 86 1 7 116 118 82 29 58 95 80
4 80 82 106 38 27 38 124 12 51 16 57 28 74 65 91
115 89 80 94 106 39 95 114 27 85 68 56 16 35 8 20
115 91 126 25 118 36 22 2 87 38 60 116 112 125 79 100
86 31 66 65 70 33 51 97 119 119 26 7 26 34 27 13
125 25 39 116 61 61 118 20 99 50 8 84 47 87 56 6
119 122 71 61 27 122 31 18 113 57 25 11 91 52 24 89
77 63 77 10 124 67 31 96 118 39 52 37 127 108 43 118
102 114 51 1 108 82 20 93 11 45 104 103 98 1 64 47
64 13 58 61 80 89 29 70 0 81 108 127 61 23 117 35
10 41 36 118 123 56 84 7 102 60 110 72 61 46 119 126
59 49 59 11 10 88 82 11 41 62 10 102 85 0 9 95
41 45 86 36 102 42 43 76 102 25 20 36 71 11 34 2
61 93 14 71 53 96 82 94 30 93 68 115 93 77 83 6
122 41 42 96 83 86 44 57 111 64 93 55 76 127 57 9
92 71 80 17 39 35 111 69 0 51 57 93 0 12 99 123
53 13 91 8 99 8 65 83 72 31 10 20 30 67 29 123
11 110 12 50 17 124 120 17 47 49 110 48 61 81 43 114
94 6 122 66 14 59 21 87 90 31 107 121 98 9 116 109
119 0 32 8 124 24 25 44 73 7 92 6 88 7 120 54
13 114 120 28 45 13 115 8 44 94 1 15 103 117 124 94
23 41 53 107 85 57 70 108 50 8 111 36 69 54 111 83
18 79 22 61 91 12 11 34 46 2 11 76 44 8 28 67
50 81 46 7 10 117 115 60 125 99 96 66 25 80 22 43
31 44 104 123 57 115 29 103 118 41 51 34 49 79 101 99
32 20 107 42 9 94 103 6 65 71 73 91 23 95 6 55
11 111 50 68 98 79 43 88 120 94 122 42 45 96 13 77
116 120 120 125 87 95 3 24 38 76 115 62 43 122 117 55
105 39 123 75 118 39 36 111 5 30 25 51 126 38 0 114
31 120 111 118 87 115 14 126 63 2 60 107 124 49 34 101
88 29 48 78 68 84 61 74 115 86 125 113 125 125 100 28
118 83 18 77 70 32 75 6 34 7 113 30 56 19 3 16
48 52 95 117 8 28 63 123 115 60 109 112 57 81 12 47
36 30 125 107 62 72 113 97 80 98 127 8 117 3 25 37
55 120 26 63 20 89 59 7 21 40 119 79 121 3 126 29
33 123 8 96 68 121 65 20 91 64 28 80 67 53 118 122
45 16 58 66 106 117 73 127 29 65 78 22 68 77 51 102
72 60 70 12 53 7 32 17 71 61 97 11 114 87 5 32
104 63 98 82 52 43 81 81 108 32 103 49 109 27 23 53
87 93 66 12 100 98 29 43 31 127 54 18 86 60 50 62
123 20 16 48 63 98 1 44 2 105 93 111 4 116 36 91
81 102 103 53 73 5 96 104 4 23 122 90 83 44 25 78
64 41 126 0 11 0 44 13 105 9 124 109 125 33 72 78
7 47 3 80 52 99 57 56 122 51 19 77 96 44 28 32
85 26 32 97 26 76 110 3 85 107 112 82 12 56 32 19
104 35 100 28 7 29 85 1 80 104 79 48 20 107 81 105
5 113 74 32 62 57 35 19 36 20 102 48 76 6 67 52
42 39 81 49 68 38 50 21 14 1 69 34 108 22 11 114
8 86 18 70 15 53 89 51 73 63 99 22 70 38 74 112
78 27 33 18 65 83 39 79 85 109 113 65 3 125 51 11
83 69 81 98 123 43 21 68 106 120 90 48 30 37 32 108
64 65 127 2 21 38 81 106 19 67 43 23 64 95 34 19
36 116 117 31 31 10 100 9 2 62 58 32 99 90 13 36
121 23 13 31 100 43 46 31 80 64 15 50 43 26 18 15
85 1 81 57 41 60 102 57 76 9 79 59 85 108 67 78
3 80 109 104 123 27 7 75 92 22 125 7 48 15 22 5
16 103 62 58 35 37 115 111 46 66 42 3 46 109 81 50
61 63 26 56 90 33 3 54 55 0 61 103 16 84 109 32
59 43 90 95 80 77 78 126 15 121 1 62 102 83 112 36
18 10 92 108 43 96 35 98 96 96 73 112 52 54 17 112
98 107 79 50 57 29 49 72 22 50 6 125 5 118 33 23
0 125 4 43 93 39 13 62 7 87 46 60 13 63 44 111
43 123 34 100 24 83 44 47 5 51 44 11 41 77 34 42
74 38 85 40 77 99 102 85 58 20 17 71 84 61 55 127
56 89 99 80 44 15 127 49 66 43 60 108 120 95 22 67
5 107 107 83 78 81 40 8 101 57 80 57 118 7 56 46
96 27 126 12 43 126 61 109 41 122 89 34 89 111 101 94
91 80 49 41 33 89 50 6 18 2 64 8 9 120 54 105
20 53 117 63 51 50 44 92 44 6 126 5 117 99 100 80
51 21 122 84 111 44 91 1 46 27 10 55 19 64 32 39
117 21 102 40 71 19 5 116 25 3 121 14 103 93 95 26
115 89 111 98 5 74 99 51 101 109 106 120 46 10 32 35
31 6 76 102 25 81 90 50 84 84 65 59 49 32 86 36
121 69 6 126 15 106 49 116 87 27 108 5 37 12 41 68
19 117 42 44 70 5 95 26 89 32 86 10 64 44 47 57
113 53 55 0 31 104 116 119 3 96 124 40 109 37 108 0
26 22 44 96 27 11 123 116 43 81 127 107 125 46 36 110
99 91 110 3 67 98 122 70 66 118 110 47 28 90 47 54
113 92 23 12 103 18 1 19 99 0 126 96 46 35 78 17
126 60 20 66 30 14 8 96 5 119 16 33 81 63 87 66
27 110 79 3 0 80 22 99 80 20 67 126 55 17 15 54
77 36 120 107 50 0 76 55 119 92 88 73 27 48 11 55
30 90 58 31 42 80 2 122 100 70 120 28 87 8 82 37
44 74 16 94 74 92 22 66 56 110 11 84 30 22 11 61
113 69 92 27 21 94 22 121 36 14 21 124 22 103 33 66
12 53 79 110 3 31 30 102 43 115 73 40 85 59 21 71
68 74 80 38 86 76 23 38 59 43 72 29 32 78 82 44
4 33 26 7 64 57 110 107 44 55 20 1 114 41 72 55
115 25 93 73 101 116 111 32 31 55 61 63 6 16 107 10
49 6 17 114 63 127 93 107 54 113 108 41 26 52 96 13
77 61 86 51 49 70 83 80 125 17 15 3 33 122 13 82
0 31 68 63 30 34 42 85 19 22 126 46 75 94 59 24
27 18 75 76 88 31 28 85 48 43 89 81 37 102 35 38
5 104 101 36 10 16 121 29 38 119 75 113 85 7 10 112
25 85 60 113 116 88 70 36 3 31 117 40 6 25 78 11
1 52 47 11 68 40 40 106 31 116 92 116 123 102 100 20
59 32 5 48 120 75 84 123 107 74 36 113 99 114 124 100
38 44 111 106 84 23 85 116 11 49 104 6 23 77 26 82
109 31 2 102 107 87 97 86 33 5 71 4 120 67 104 30
111 87 9 68 110 94 56 122 15 32 0 38 109 27 120 91
58 123 65 37 82 34 123 115 40 66 119 32 6 95 62 117
54 71 57 36 37 113 30 52 18 31 90 127 58 83 90 116
78 27 26 32 62 21 19 102 88 10 6 94 105 68 83 31
12 13 67 49 126 98 102 16 1 64 16 59 19 106 47 97
6 73 1 68 95 20 42 55 30 48 21 7 116 104 38 0
117 106 50 116 76 24 4 77 88 20 8 108 127 55 77 5
1 79 73 96 99 115 23 2 35 44 9 23 20 48 24 10
26 74 126 102 98 2 51 58 23 59 38 22 114 116 27 115
67 100 83 38 87 106 40 122 22 50 17 43 98 41 53 124
115 51 98 85 53 21 16 76 80 54 98 66 42 125 54 109
97 9 20 56 116 60 50 10 110 68 53 80 109 106 76 97
29 46 54 83 67 70 31 19 125 2 86 39 127 12 21 97
21 41 25 9 101 76 20 84 16 73 36 125 52 113 94 81
31 21 36 99 91 68 118 88 70 76 0 69 88 21 38 110
62 64 119 35 12 11 119 28 85 28 25 9 13 120 90 44
13 127 15 104 67 6 65 9 82 65 78 43 86 117 25 20
53 16 55 65 28 47 93 113 75 118 122 88 110 84 4 123
77 86 27 26 42 115 120 64 28 28 94 15 20 90 21 93
99 93 67 2 17 117 38 82 4 24 117 62 34 15 58 111
101 85 9 15 73 1 79 101 29 46 116 50 8 9 15 107
103 82 109 120 72 19 74 76 44 63 11 78 78 69 61 52
26 70 67 99 72 19 72 101 65 61 23 73 70 38 52 45
121 33 37 65 53 112 13 97 47 24 47 126 93 108 50 120
50 117 91 122 8 36 96 73 97 119 18 39 30 70 85 23
104 122 88 29 106 101 126 26 126 45 24 91 25 74 83 75
63 47 70 72 83 38 17 52 29 36 91 59 106 48 82 82
43 42 111 21 16 109 47 14 26 71 105 51 17 61 127 81
108 69 25 63 107 42 115 8 78 78 68 57 127 22 11 42
65 123 63 81 104 111 95 3 54 72 54 72 5 53 25 113
122 50 48 101 92 35 110 43 114 50 100 113 72 111 27 9
106 90 90 83 73 57 86 0 2 12 72 7 66 97 121 60
19 41 34 111 77 16 26 63 66 126 48 10 110 75 20 88
37 110 43 111 40 1 111 42 14 55 49 80 24 42 12 43
84 46 26 33 62 53 96 0 51 16 11 33 91 31 122 0
13 37 111 53 39 94 95 53 21 17 5 45 59 17 88 15
64 115 48 126 40 16 127 91 32 10 125 123 41 119 124 54
28 107 108 67 74 75 120 95 92 125 13 24 15 101 39 79
88 88 77 0 104 76 92 9 86 89 4 127 80 0 54 108
108 34 48 54 109 40 21 74 38 34 98 53 8 9 4 96
97 81 97 74 30 61 83 116 22 87 116 102 88 42 82 68
76 2 122 57 43 15 3 81 50 101 6 58 111 10 26 80
91 123 26 121 56 109 110 78 69 98 52 29 12 7 97 88
9 91 17 52 106 21 5 28 122 11 86 105 21 113 58 113
108 84 106 37 66 88 115 7 58 40 36 70 47 5 30 56
96 48 109 74 69 114 103 63 126 61 41 19 46 99 4 27
55 111 64 121 71 51 0 2 91 36 72 10 41 103 67 9
23 48 84 92 34 59 27 32 120 68 52 39 39 56 66 95
39 2 88 111 53 89 113 17 125 57 27 39 32 94 48 55
14 4 19 49 63 47 81 56 115 5 95 27 62 33 122 101
53 10 64 110 89 54 72 126 7 3 86 0 98 92 120 62
70 110 42 53 81 56 64 100 0 35 54 109 96 35 110 21
45 46 4 7 100 76 5 107 79 91 108 49 55 100 112 125
83 26 50 36 82 114 8 83 21 62 64 118 98 46 11 15
93 15 22 65 91 27 45 43 118 25 92 45 125 76 43 80
103 93 116 57 80 124 12 101 59 76 91 29 123 103 44 88
118 67 25 82 94 70 125 85 95 89 2 93 38 45 45 13
11 34 70 91 30 83 64 89 31 28 118 26 3 35 114 121
102 12 75 68 82 72 25 50 34 28 15 72 73 60 85 84
94 27 47 125 110 112 86 14 12 77 40 15 112 27 8 86
39 84 26 121 28 52 43 62 80 58 6 25 119 91 110 85
119 29 82 101 13 41 115 25 118 28 40 102 55 49 60 94
5 86 87 33 10 3 96 90 61 102 116 52 66 98 10 57
127 92 30 13 5 18 38 123 46 79 97 101 0 29 67 5
116 26 38 126 29 6 89 91 109 77 15 47 47 25 104 46
118 6 59 123 24 98 119 70 49 88 43 49 118 110 54 106
9 92 104 38 99 65 1 80 14 17 127 61 42 103 108 32
109 39 28 6 9 19 76 58 107 120 107 97 102 33 75 111
126 52 22 97 117 23 49 4 40 48 65 83 23 45 115 4
85 15 10 94 34 87 25 14 79 4 111 53 38 59 37 36
111 59 5 100 82 54 104 123 102 42 78 125 87 65 1 44
81 12 11 115 99 36 1 50 40 113 103 78 44 12 114 27
71 119 127 26 45 104 21 19 18 99 16 105 36 18 22 117
30 33 105 1 69 106 51 109 91 26 60 7 39 46 34 110
38 34 8 83 10 29 103 28 0 119 5 37 9 27 26 39
60 3 40 1 110 91 111 73 118 43 81 29 89 115 11 127
21 20 83 31 49 58 59 50 49 65 87 59 92 113 98 25
117 11 26 99 102 9 44 92 52 125 121 14 113 5 13 6
25 96 38 74 26 97 124 76 34 83 7 127 69 105 24 58
116 50 29 91 60 73 55 112 71 49 126 56 54 12 62 79
108 100 25 7 70 22 83 104 105 90 103 46 67 127 104 56
50 5 19 110 79 74 94 22 123 93 78 49 105 12 0 85
29 117 60 73 26 14 78 86 5 29 103 80 0 16 42 2
18 29 92 117 55 120 24 76 47 29 60 8 26 24 86 55
14 18 0 40 33 78 127 38 107 102 119 108 119 33 110 9
62 74 126 118 66 22 66 113 51 126 122 77 23 80 4 37
99 4 77 4 83 76 42 62 51 33 42 42 67 24 51 1
99 49 119 37 71 57 23 122 56 17 71 79 97 75 116 68
79 65 72 34 14 115 97 65 20 11 107 87 36 30 89 7
79 80 44 22 10 67 16 66 84 87 17 54 34 5 122 113
70 67 20 84 54 117 21 74 0 0 34 36 30 123 43 109
75 88 3 85 27 19 23 112 106 40 38 12 45 32 126 116
99 18 72 25 7 94 100 7 94 6 44 125 1 87 106 76
47 110 34 75 1 57 59 108 98 97 120 15 1 118 3 101
8 76 126 15 42 98 23 8 104 67 5 105 26 112 54 74
94 88 21 95 17 80 75 115 49 68 3 50 58 6 23 67
82 22 82 124 120 105 5 97 44 10 74 71 122 0 17 88
88 38 56 106 118 3 93 39 71 96 89 2 103 113 69 57
7 23 54 127 1 59 96 45 69 43 116 64 43 5 24 4
43 80 110 33 84 75 72 27 44 34 29 19 19 98 76 26
122 2 25 123 61 122 40 3 37 29 67 80 34 91 84 78
44 66 111 0 14 56 27 58 90 57 77 109 27 25 7 21
28 32 16 89 26 57 92 63 86 31 16 120 123 100 70 39
39 54 39 53 110 66 111 72 123 60 53 23 85 60 44 113
92 61 75 119 118 39 54 76 71 70 68 66 43 11 105 82
65 16 7 47 82 118 119 78 50 44 101 7 104 17 121 68
78 68 59 68 107 114 16 50 56 85 116 99 96 93 53 33
109 60 80 64 50 71 14 100 115 115 108 91 4 101 31 83
41 91 23 20 77 40 71 5 125 59 105 93 25 30 126 6
91 78 70 13 21 84 114 8 71 94 99 76 67 2 31 108
93 54 0 42 94 71 48 91 3 25 56 28 55 54 34 18
4 105 32 25 61 18 33 5 112 4 81 51 7 112 31 100
38 31 15 5 103 63 96 106 88 25 6 15 79 40 34 84
17 66 109 79 84 15 84 68 19 37 119 26 21 22 127 59
57 92 58 98 106 42 120 50 125 86 60 77 56 82 94 22
25 108 112 53 4 119 33 93 57 125 44 82 91 43 26 20
8 84 119 114 127 111 36 124 69 97 73 125 51 40 20 77
20 4 2 24 124 35 117 53 32 34 8 123 77 34 16 85
118 7 72 117 118 108 114 59 77 59 57 1 99 77 78 119
81 80 16 77 116 5 3 20 39 11 16 117 45 32 74 35
39 18 25 29 127 11 88 76 70 17 77 42 94 27 33 48
108 49 125 96 55 0 116 94 11 4 83 56 36 30 92 75
48 117 104 47 0 65 124 70 82 73 112 49 101 18 97 81
67 94 49 122 95 37 89 106 42 44 35 78 74 127 26 123
116 2 42 116 67 38 58 22 112 43 71 85 61 40 38 0
6 87 123 101 124 84 80 38 0 115 117 75 114 15 70 102
17 112 90 85 23 20 107 7 63 50 92 124 90 2 125 96
89 120 70 85 76 22 124 76 9 113 23 123 0 93 97 17
78 59 102 101 79 81 108 15 3 72 11 93 74 8 62 35
0 4 120 76 26 116 25 35 101 48 30 101 14 127 119 92
58 93 65 9 47 45 24 50 117 36 16 63 44 78 98 45
82 90 121 108 79 18 15 52 67 45 26 81 44 17 45 102
110 110 111 29 27 8 80 16 44 96 79 88 46 49 5 0
11 127 108 90 17 123 15 84 40 41 37 84 58 82 58 40
64 41 70 91 49 22 107 93 118 58 54 36 107 59 36 119
58 16 81 76 11 96 32 51 9 70 7 67 24 65 108 89
106 50 52 28 72 32 121 62 90 47 98 70 107 6 61 37
22 14 113 33 111 18 84 120 88 91 60 112 28 40 73 6
90 126 34 34 30 28 96 120 75 66 62 54 72 123 92 94
10 77 127 121 95 83 113 55 46 45 40 74 85 113 80 47
111 115 81 13 15 49 6 90 115 68 17 59 64 109 25 74
58 24 67 26 107 52 81 25 98 121 99 55 107 52 103 90
39 56 104 54 106 110 16 93 50 33 25 114 14 50 60 73
75 127 99 54 52 52 80 22 46 51 77 25 103 52 115 14
109 91 68 87 73 85 52 124 118 77 110 5 0 43 78 75
42 49 1 94 101 81 116 19 5 66 44 108 118 32 123 99
77 91 5 98 92 118 50 111 84 123 55 74 2 23 38 72
104 52 96 48 108 89 63 31 39 50 83 44 75 72 75 24
36 80 123 0 70 45 111 26 41 38 100 43 61 11 115 38
63 83 86 43 45 21 74 84 71 29 0 18 102 76 43 10
28 38 10 99 83 122 125 124 32 98 39 94 109 26 4 44
110 90 88 27 111 34 111 55 64 112 73 38 60 116 48 88
26 58 59 110 52 57 106 85 27 18 51 8 44 55 52 26
17 12 53 0 47 37 55 111 21 1 21 81 117 69 41 16
127 101 126 52 30 104 9 57 122 60 65 39 115 117 65 4
2 119 4 49 28 60 32 49 61 53 2 50 122 43 66 121
16 64 45 46 41 54 103 35 114 40 74 101 30 12 105 32
3 110 81 31 42 113 80 103 38 82 25 32 125 92 25 14
28 71 60 69 125 36 105 112 76 51 85 106 63 63 10 66
45 91 97 87 76 49 62 114 3 87 18 1 51 44 15 80
115 75 21 112 111 126 96 60 50 54 38 113 117 49 52 34
12 21 121 89 71 55 75 74 14 94 75 66 10 90 18 125
38 39 109 21 38 78 81 88 4 120 73 121 41 125 27 53
19 20 14 90 75 90 36 89 56 112 27 66 74 45 63 112
85 44 6 123 122 87 83 126 79 28 119 120 26 18 46 45
38 60 7 113 22 43 75 78 27 102 16 102 20 79 86 105
124 92 100 118 52 55 117 3 83 108 124 109 127 42 26 37
102 33 23 125 77 98 75 104 72 92 78 92 43 37 69 39
1 41 30 53 96 19 57 52 127 53 33 126 95 60 36 69
93 59 66 42 29 14 19 101 106 97 66 21 6 7 61 8
49 91 61 17 110 118 69 109 43 103 108 10 35 16 80 0
75 18 43 104 32 62 77 10 31 15 32 38 23 93 46 72
56 107 89 38 98 31 19 13 6 127 24 41 15 104 41 90
122 84 66 27 18 16 37 50 31 69 88 54 34 6 126 90
113 88 0 83 119 20 97 125 19 121 38 35 97 79 125 91
36 64 118 54 80 28 104 111 97 64 38 4 70 36 94 56
124 95 11 115 115 108 112 6 101 22 41 70 102 39 34 10
103 24 64 55 52 41 38 22 105 76 26 48 113 120 104 109
46 104 36 127 114 46 8 105 36 78 120 96 61 80 78 3
20 90 10 87 124 40 34 44 4 94 56 73 53 109 50 99
86 86 98 72 4 106 49 40 56 41 8 117 122 86 121 14
49 3 101 45 43 7 89 47 101 18 120 26 127 42 125 85
1 95 29 5 73 78 46 1 120 54 119 114 13 112 0 62
115 101 107 30 108 69 78 81 87 70 108 86 113 105 44 114
73 73 119 18 24 37 20 16 92 11 2 105 123 2 39 110
103 18 12 83 87 90 36 46 33 16 5 18 122 49 4 67
122 123 85 18 33 105 34 125 116 36 102 111 38 13 93 13
31 106 96 119 68 5 37 101 21 42 119 15 91 123 82 86
119 40 104 24 17 11 21 6 47 123 117 86 8 83 99 39
61 68 30 1 73 68 103 94 110 94 110 74 90 64 32 81
104 8 105 122 19 126 0 67 121 117 25 1 72 124 40 5
64 71 7 9 11 110 104 121 76 86 67 38 22 99 119 127
108 96 121 127 94 121 66 87 110 91 88 55 88 1 60 24
72 67 34 83 49 10 76 126 96 16 36 118 115 28 117 95
124 110 95 91 103 33 50 86 125 11 13 85 12 73 109 84
13 15 39 62 25 115 60 121 3 97 112 119 125 101 86 121
84 53 84 59 87 7 17 84 18 30 41 30 104 22 114 117
38 25 51 63 12 112 57 16 81 41 7 78 14 93 71 98
19 28 30 106 35 47 62 53 78 103 83 54 125 69 43 35
94 94 99 106 78 28 122 31 69 1 109 83 95 53 54 114
81 84 92 116 3 26 41 81 1 124 7 126 65 50 34 31
17 5 9 95 33 4 127 102 5 108 57 100 33 111 86 114
67 50 102 71 76 15 24 77 11 32 76 76 82 110 107 99
115 117 67 20 121 66 122 126 46 51 99 80 35 57 66 102
108 41 45 56 56 70 6 68 102 82 16 56 64 124 28 51
113 95 71 106 33 65 104 79 116 75 31 23 5 98 126 113
11 43 41 67 113 47 7 87 1 24 16 65 20 44 116 5
11 59 111 44 124 87 123 113 35 27 8 40 125 6 25 8
50 66 75 35 114 83 123 115 107 11 53 127 55 41 4 66
101 115 110 97 74 105 82 109 4 91 21 1 97 46 9 19
