96 56 119 100 30 111 98 49 17 66 64 47 57 94 62 9
90 19 82 27 73 19 50 43 106 53 124 75 41 123 20 9
51 11 109 82 122 80 3 11 18 67 59 76 33 121 85 123
12 39 22 85 59 73 0 37 126 124 112 39 119 4 48 42
16 29 124 10 109 0 22 0 67 81 76 101 74 33 96 86
73 119 43 4 64 43 41 62 39 26 101 30 30 21 72 46
50 69 57 32 69 79 32 8 32 108 109 106 13 78 64 86
69 107 90 5 22 4 67 61 30 40 91 60 61 35 107 111
104 36 15 45 115 47 54 19 27 35 125 41 113 61 127 54
40 90 59 62 94 126 123 124 38 86 56 99 121 35 83 98
71 98 15 58 18 69 77 45 105 74 86 90 7 86 17 47
48 76 109 14 75 104 10 113 62 66 85 56 102 40 26 45
10 41 104 28 111 53 74 88 0 32 50 7 118 67 55 38
16 36 52 91 13 62 76 75 1 33 3 103 73 29 20 84
71 124 112 54 50 58 14 50 91 64 57 81 4 112 120 20
21 44 111 34 107 59 109 108 93 113 83 38 14 103 122 85
100 107 11 22 37 25 72 0 90 1 82 94 114 74 114 7
118 97 41 97 28 22 77 121 7 32 32 22 8 26 107 108
5 119 2 43 16 74 43 106 75 125 72 61 71 58 68 62
27 109 31 56 4 109 49 11 13 81 33 21 108 13 1 113
4 3 28 20 77 72 127 25 69 71 86 13 2 27 75 29
8 106 85 12 87 7 24 101 88 57 122 68 70 124 54 74
127 82 95 77 26 94 102 96 37 60 109 39 87 56 69 96
34 26 108 122 33 4 95 122 62 89 62 4 85 116 79 85
71 46 34 97 12 8 65 49 68 46 89 28 102 30 124 9
56 104 3 90 109 98 84 43 59 18 47 17 7 126 102 78
44 8 47 56 16 113 106 84 31 67 112 6 97 108 15 25
85 18 115 66 116 71 109 47 90 28 64 97 27 38 47 71
46 94 0 62 79 106 19 111 45 3 117 14 112 4 39 69
22 27 7 10 98 116 57 60 16 122 29 43 32 76 115 79
43 115 13 122 93 32 105 10 36 94 24 20 98 63 89 120
90 96 2 61 84 60 121 100 54 23 16 86 99 3 37 14
84 55 51 31 25 63 74 0 126 125 117 1 90 114 12 73
54 99 37 48 117 53 115 54 89 74 64 48 122 13 5 78
68 56 109 93 119 55 93 117 53 82 119 15 68 3 88 122
103 126 42 92 51 29 18 12 103 82 61 97 95 66 48 35
122 29 0 113 85 93 103 10 47 94 25 115 97 114 109 72
112 23 36 35 52 55 48 27 9 109 125 105 47 45 12 41
74 13 26 31 106 1 41 26 95 67 13 65 53 123 9 37
18 46 72 71 101 120 98 110 101 95 87 20 12 100 61 87
113 88 118 91 89 32 117 57 99 3 122 24 126 3 61 16
49 5 87 22 126 58 5 99 25 92 120 38 64 53 125 49
13 115 13 103 19 2 32 118 5 26 14 3 29 75 20 79
81 107 101 79 37 106 50 63 71 42 101 7 96 98 57 109
85 70 84 105 72 116 95 78 14 110 81 44 57 101 123 10
81 96 89 118 75 12 53 18 54 26 25 22 124 82 4 82
24 88 59 97 77 26 47 91 8 0 7 66 102 2 76 55
99 38 45 46 50 99 64 104 125 89 127 122 44 3 76 68
91 7 37 40 33 84 4 42 85 11 108 59 14 56 114 113
94 31 31 16 2 95 121 0 56 120 122 100 123 70 41 86
77 78 127 110 35 3 24 120 14 4 51 28 61 37 13 27
68 44 44 71 11 37 71 68 29 65 40 24 7 81 110 84
32 109 66 67 112 91 59 127 95 110 27 28 19 41 56 87
85 100 30 97 9 101 37 38 38 77 62 45 31 44 1 63
26 68 2 10 31 61 9 126 43 37 27 62 78 83 21 35
55 52 4 64 25 41 102 64 119 36 109 22 80 111 85 106
51 87 117 82 20 126 80 63 35 107 125 113 62 18 21 117
70 25 53 96 67 27 32 58 63 13 80 16 124 37 122 47
124 111 1 16 110 82 79 17 61 76 3 124 94 24 113 37
49 39 5 116 66 37 46 2 50 126 18 47 35 12 94 31
124 96 47 106 50 126 123 111 74 126 107 41 22 93 78 72
4 83 60 70 120 107 72 42 105 90 89 13 103 56 44 99
24 92 77 74 90 72 57 37 71 37 78 93 2 28 37 6
111 98 76 103 77 21 17 54 111 107 67 86 35 112 57 59
59 6 117 49 102 44 2 124 89 73 102 73 2 71 68 122
118 111 37 78 86 45 61 98 78 70 73 65 26 95 86 85
101 76 7 75 120 9 71 81 82 46 27 84 117 95 79 108
78 116 58 36 33 119 6 111 61 79 49 87 46 7 45 19
83 52 94 75 61 38 29 15 84 56 100 73 23 51 53 102
39 112 10 72 103 17 56 37 96 105 124 15 112 41 34 68
93 1 15 26 39 44 42 123 100 14 68 124 65 122 98 104
106 108 48 81 125 104 118 94 81 115 109 66 28 15 6 122
16 21 20 55 66 62 50 38 76 119 34 13 113 4 117 91
113 38 44 110 14 35 76 96 22 57 34 50 73 40 44 89
61 65 17 127 127 67 38 76 58 72 89 43 77 79 6 62
117 51 44 3 86 121 99 108 50 5 30 123 45 75 85 107
12 102 106 11 41 16 87 100 89 49 15 38 0 22 100 117
73 16 120 31 9 92 11 60 97 41 55 15 116 12 122 0
114 100 12 28 117 99 0 78 20 15 116 20 37 88 9 110
104 2 13 114 94 24 46 63 66 101 78 54 114 72 55 100
45 67 0 34 38 0 112 59 16 100 79 53 60 89 36 36
91 49 22 57 74 68 120 12 42 71 66 28 15 121 0 60
60 1 94 99 1 78 30 17 50 109 71 110 70 107 19 33
28 41 90 102 110 83 114 24 26 53 52 41 46 52 102 107
53 68 78 55 19 108 72 69 89 15 52 32 122 71 65 23
112 28 125 94 111 112 118 9 37 42 50 83 95 24 62 20
93 12 75 112 120 20 53 82 35 105 114 30 48 51 53 33
79 50 127 62 34 118 71 71 32 122 27 127 18 89 20 111
102 95 95 94 115 21 48 23 126 34 53 47 86 106 80 37
28 79 100 63 69 43 6 102 37 33 101 56 123 121 39 97
89 7 63 76 28 112 99 26 18 24 73 104 2 25 14 31
105 114 94 46 29 100 20 67 6 122 123 1 115 34 98 76
41 33 25 69 17 124 96 36 21 41 12 23 67 26 54 44
12 20 90 42 121 111 109 127 105 104 0 92 10 98 41 52
3 66 121 21 62 89 57 83 3 69 107 70 96 33 114 108
54 76 22 47 59 3 46 36 107 46 1 118 16 42 42 19
102 8 43 55 66 4 9 109 111 31 77 118 80 104 115 58
87 105 53 72 46 79 8 59 58 108 63 23 21 72 114 123
80 29 50 19 33 59 0 16 91 77 6 43 53 122 102 13
99 27 85 17 106 93 76 36 74 11 60 95 83 46 90 36
75 12 55 108 71 55 124 34 4 2 78 57 124 52 70 95
79 28 112 57 121 60 94 67 72 26 34 27 72 124 63 19
8 118 127 80 45 123 114 49 125 64 107 122 116 49 89 67
77 74 125 71 6 91 10 78 117 45 106 61 41 41 80 50
32 79 2 77 74 116 127 71 53 106 65 41 27 27 109 105
101 106 48 107 69 58 58 58 103 36 119 17 77 71 67 109
22 69 59 96 57 58 39 110 36 105 24 63 4 5 40 105
111 88 84 52 19 14 110 122 50 101 11 0 44 78 109 66
19 40 34 77 98 73 59 6 50 83 70 54 88 110 31 71
71 116 123 90 2 105 84 53 78 96 53 122 46 34 60 66
75 94 15 45 40 74 52 90 30 122 17 118 104 48 62 47
36 57 9 39 35 94 92 113 62 17 108 108 51 40 46 126
7 61 44 47 8 96 9 38 90 26 28 66 75 90 114 111
20 123 22 55 89 114 40 23 3 20 4 55 61 50 53 68
112 97 115 120 65 124 30 27 23 58 94 98 21 80 81 41
75 104 96 37 90 8 60 94 29 64 21 90 115 74 30 99
44 17 91 109 13 121 9 36 51 103 6 72 55 88 113 2
64 81 39 26 90 100 120 119 36 13 81 23 88 111 122 4
0 85 113 13 78 122 50 2 97 56 74 24 16 60 27 80
13 66 107 103 38 99 94 75 113 47 98 73 30 93 77 30
50 62 44 1 57 94 3 26 22 77 51 39 9 78 119 23
16 98 126 55 70 93 2 55 12 100 0 43 65 77 73 116
11 117 117 68 83 120 95 106 69 18 17 79 96 8 102 112
107 100 39 49 65 41 104 78 14 104 121 79 53 66 67 64
56 56 5 11 48 100 117 118 118 6 69 86 15 43 70 122
15 110 43 81 23 19 31 37 123 24 117 48 90 56 112 18
113 117 30 33 89 19 23 79 26 92 37 41 7 108 35 23
90 78 104 113 97 7 23 92 31 12 12 121 68 124 12 53
42 104 118 59 96 101 20 127 32 31 37 41 24 69 99 17
114 66 110 123 111 16 59 123 96 72 104 119 56 72 51 98
48 42 29 17 15 49 16 48 80 53 89 105 122 60 122 109
126 105 104 109 121 36 105 89 108 81 81 36 25 4 6 74
46 35 91 62 84 107 110 37 33 71 14 27 3 8 8 1
113 113 110 107 21 87 68 1 41 21 37 66 26 43 12 72
78 103 6 34 83 116 71 116 59 85 15 62 94 24 63 79
9 46 58 30 5 127 31 46 20 68 113 46 111 125 119 61
101 125 95 56 114 39 44 45 124 59 108 90 83 43 42 92
89 100 122 95 99 25 13 120 93 126 38 76 124 29 9 97
27 105 25 13 16 69 58 12 0 38 103 84 82 17 48 43
117 43 10 89 68 24 81 34 22 119 110 18 21 120 115 48
97 12 61 113 81 119 125 82 30 100 38 112 117 86 27 107
1 38 68 70 62 21 104 84 12 86 103 33 78 90 81 47
103 14 32 56 6 30 10 36 2 48 20 120 7 47 99 8
85 39 78 19 60 54 104 72 13 79 106 91 41 59 11 16
74 43 73 80 73 83 116 76 4 8 68 11 55 39 19 13
78 98 32 10 24 8 82 37 87 60 1 1 120 12 17 66
55 90 18 1 46 6 77 50 14 17 61 69 56 80 82 6
50 115 16 75 123 98 112 83 31 113 84 23 125 101 89 53
64 107 54 110 113 3 32 127 20 93 68 76 45 23 82 96
10 98 43 5 68 27 88 99 13 44 122 10 18 83 63 82
62 117 64 47 120 96 46 12 61 115 88 106 10 42 74 20
12 117 25 81 17 114 52 30 30 47 40 48 2 104 2 65
93 66 112 86 34 31 98 95 18 59 74 28 101 20 48 114
10 73 67 27 59 119 57 90 38 97 10 41 73 13 106 39
79 90 125 114 121 95 81 11 26 27 39 0 48 87 114 58
33 53 85 92 44 14 54 83 111 65 124 57 78 102 96 29
64 93 15 58 60 97 69 87 124 109 87 44 68 73 102 101
126 59 66 42 73 120 125 57 57 121 114 7 95 82 37 32
47 52 90 107 21 31 66 18 12 25 62 81 98 37 54 96
96 120 11 42 113 8 99 42 2 85 50 97 39 87 1 86
14 89 82 61 60 78 124 57 114 24 0 76 125 93 94 72
8 91 81 91 33 96 49 118 66 13 7 48 14 35 63 28
124 17 89 56 95 85 113 81 110 113 29 107 79 124 51 87
87 4 50 120 101 99 110 39 112 117 87 126 25 22 26 21
40 116 78 7 73 63 89 55 49 118 35 0 114 86 87 73
91 9 65 64 109 48 103 93 37 63 92 62 85 118 84 125
106 34 5 52 97 94 107 18 84 14 18 71 101 105 16 64
115 82 0 96 2 103 61 39 38 25 102 124 16 58 121 122
92 126 46 61 92 26 80 49 40 98 120 13 76 8 77 63
90 77 31 92 53 92 4 91 118 106 87 6 36 81 0 0
79 47 61 44 73 13 93 113 112 85 127 60 93 76 123 56
26 26 20 79 118 24 42 108 2 2 114 38 83 115 38 34
34 100 78 107 113 43 92 97 0 91 29 94 40 24 22 66
50 42 17 41 67 59 21 69 61 8 108 16 123 18 51 29
118 1 8 104 45 100 73 45 64 103 11 104 127 33 42 50
76 59 91 15 118 112 84 52 120 64 68 115 83 119 16 73
121 24 49 38 125 123 83 61 98 95 37 97 0 79 19 76
10 110 91 0 95 48 52 87 112 121 75 67 112 91 13 105
116 62 15 113 57 99 46 27 66 83 125 66 34 16 15 44
127 106 44 94 26 97 53 11 90 0 78 74 92 91 52 80
26 67 65 83 38 111 111 104 66 108 43 100 124 58 16 123
36 60 89 63 29 15 74 119 15 24 66 107 116 118 59 14
57 124 97 96 107 80 72 45 60 115 17 57 45 33 52 82
94 14 17 123 29 91 115 44 115 53 24 103 43 83 117 100
80 87 68 59 39 13 105 100 0 122 29 46 28 81 0 122
95 17 117 124 108 104 41 95 29 65 71 72 20 60 45 100
19 113 32 59 126 9 31 127 3 60 45 31 13 45 25 109
62 15 105 42 119 18 9 21 83 80 93 104 13 10 76 32
124 108 91 122 117 122 121 121 54 38 24 68 83 50 49 17
65 26 59 56 45 69 77 0 21 43 104 34 53 53 67 49
33 30 44 23 25 37 16 79 76 40 19 31 90 68 49 27
95 108 84 12 49 33 12 71 76 117 105 2 42 44 51 75
69 85 8 46 107 110 26 81 93 84 48 0 9 30 65 86
99 110 65 54 72 42 62 57 111 28 84 5 126 58 51 67
15 59 113 122 41 11 75 6 95 123 6 104 25 71 62 124
53 127 50 126 42 113 55 25 13 11 30 11 69 82 78 84
13 63 79 55 74 26 61 41 22 68 17 47 11 79 44 65
79 94 63 121 79 118 18 92 1 49 103 70 3 53 26 16
116 105 71 62 4 5 103 26 73 120 73 84 72 117 21 23
84 84 16 35 74 34 0 75 83 103 17 86 29 44 103 17
21 46 80 25 51 55 51 124 48 125 81 120 114 102 15 70
59 31 106 5 65 106 81 21 81 98 107 110 14 82 0 36
1 80 61 52 7 113 49 55 110 2 47 96 104 62 39 35
93 17 41 31 123 122 52 76 92 31 59 107 114 59 15 115
11 76 39 18 61 88 74 43 90 121 12 67 56 51 102 21
68 15 52 63 9 104 11 102 8 70 81 122 1 96 109 12
44 20 31 106 109 105 21 71 98 33 10 26 84 113 48 24
0 100 87 10 77 99 112 85 41 65 79 43 33 60 55 77
80 86 55 61 63 77 5 34 110 15 60 67 0 108 91 1
81 51 11 30 22 123 115 63 60 66 106 93 126 34 42 78
120 98 12 56 47 17 90 29 32 22 96 33 3 60 34 84
111 45 114 5 40 101 68 100 39 47 65 37 81 107 115 73
77 127 1 124 16 91 26 49 114 122 82 117 54 116 73 37
33 59 42 73 32 111 45 71 30 110 108 111 89 95 56 39
95 58 35 111 21 61 32 7 56 114 124 110 102 69 20 7
0 62 80 32 45 125 103 75 107 83 58 69 51 115 108 18
45 15 1 66 77 34 74 5 20 70 115 123 12 7 2 12
70 83 45 115 80 20 63 60 104 121 1 27 108 109 45 25
124 46 92 73 80 38 78 101 108 66 96 120 73 98 5 15
53 50 3 6 70 66 66 46 59 67 73 40 48 118 65 44
37 29 118 117 67 68 90 48 6 58 40 80 29 45 95 82
95 98 88 38 36 26 84 96 93 30 8 13 20 73 58 57
103 48 47 42 116 9 90 123 68 3 75 97 48 42 51 16
13 12 54 49 38 10 17 4 40 25 17 61 99 75 118 74
50 102 64 23 112 21 78 61 98 8 70 6 17 76 120 11
108 67 18 70 28 127 2 109 18 5 36 40 95 49 91 17
23 27 40 7 48 119 69 18 127 11 25 17 87 17 28 67
84 46 10 113 45 12 94 64 18 2 104 113 51 67 3 75
94 43 82 14 34 23 32 34 34 57 51 122 75 79 61 31
125 71 16 42 84 110 106 102 113 82 87 36 21 90 111 115
6 66 1 40 89 34 74 124 91 125 118 38 76 51 70 73
123 86 116 79 69 94 53 54 49 12 90 70 103 74 58 109
12 59 21 101 93 96 97 57 93 87 95 42 11 37 115 6
124 103 85 65 70 10 119 119 22 81 61 125 27 119 106 39
51 0 13 16 96 110 73 61 70 41 103 81 78 91 87 74
66 44 11 8 54 2 127 76 84 61 74 111 52 52 23 103
52 36 120 20 18 65 82 88 106 57 41 57 20 0 3 87
44 15 95 98 17 95 47 101 28 121 85 80 45 108 56 98
16 48 118 34 113 72 123 92 2 36 21 22 37 24 109 81
39 77 52 57 44 99 30 72 92 115 24 9 95 80 107 111
0 98 18 114 42 13 78 44 49 99 67 86 123 48 40 35
125 92 92 41 63 122 113 27 110 10 36 77 90 16 61 91
114 79 77 28 92 27 73 13 126 12 100 121 60 12 28 58
104 120 99 39 115 85 66 97 95 102 46 57 118 107 20 104
58 97 5 22 124 78 36 122 90 8 116 22 20 16 80 124
9 52 35 124 9 101 93 104 75 11 33 66 119 54 42 49
23 47 72 20 125 108 14 87 116 2 110 8 19 62 4 28
114 39 24 123 12 117 99 87 0 5 25 119 59 68 41 82
115 113 102 113 93 117 72 81 119 54 89 10 117 93 38 103
4 62 99 16 51 70 103 52 75 1 43 6 69 84 89 56
69 63 41 34 52 114 115 44 40 76 54 29 41 93 5 45
27 104 61 79 46 37 3 122 38 46 0 107 3 89 35 72
25 77 107 77 63 94 121 103 43 48 5 84 13 10 2 40
114 63 119 32 100 122 26 10 41 27 117 44 116 25 116 13
102 95 91 37 62 84 12 105 4 17 61 17 27 63 58 13
127 49 46 99 44 72 110 85 99 99 1 88 124 117 101 98
72 116 26 47 123 41 44 63 18 48 20 21 124 66 36 113
26 21 109 58 18 99 33 16 11 71 81 43 103 82 79 47
70 105 94 65 18 10 0 37 59 20 58 55 86 94 41 112
116 22 43 6 121 76 22 4 20 103 47 123 58 127 42 0
104 8 66 123 19 66 32 78 87 90 5 45 56 46 30 44
69 73 50 62 21 73 67 41 48 114 36 106 113 78 107 90
87 45 85 106 111 117 56 70 79 61 116 7 108 18 52 49
91 102 111 112 47 50 26 96 37 62 74 22 13 53 112 100
98 69 78 82 58 6 24 9 67 12 17 47 30 69 96 121
43 80 106 91 2 4 59 39 66 5 62 79 59 46 51 29
116 1 111 46 7 8 56 75 20 73 122 51 14 91 44 57
43 22 20 45 26 79 85 93 85 19 44 16 65 96 45 53
97 29 100 105 37 28 52 57 101 46 108 115 9 25 44 52
47 65 98 74 16 55 39 101 74 83 117 11 51 35 65 21
64 37 126 101 65 50 30 38 96 11 25 106 36 69 30 83
6 0 29 23 55 68 124 1 24 114 13 75 21 78 96 85
115 94 58 52 16 88 90 113 99 115 91 7 56 121 91 63
122 120 86 49 61 82 51 85 68 64 32 89 14 1 46 1
95 104 53 112 65 15 97 36 2 60 44 58 53 7 121 47
127 79 97 60 34 20 17 102 84 50 64 98 51 110 99 18
87 24 2 24 39 99 60 41 31 104 99 85 111 93 4 111
44 101 43 78 121 61 53 77 111 117 47 34 99 18 52 58
42 55 82 81 26 15 122 58 119 94 15 103 59 19 86 103
121 1 54 114 62 107 64 45 96 111 79 67 2 4 126 44
59 80 126 85 95 120 15 87 86 30 62 17 50 20 121 43
21 47 29 84 26 93 1 122 77 81 61 79 85 59 123 16
12 121 101 107 114 117 66 72 19 0 90 69 20 83 112 42
2 14 126 28 107 127 22 56 80 83 7 37 15 3 53 27
124 27 6 110 16 73 55 35 73 17 105 94 100 89 8 102
103 6 2 83 5 24 11 86 107 19 123 122 22 49 21 18
76 28 1 92 101 56 127 46 73 104 12 45 66 20 19 41
26 21 124 32 45 8 118 24 27 113 19 49 34 40 67 110
74 68 124 9 87 127 30 5 72 35 13 48 79 58 100 97
53 39 94 66 33 36 42 30 35 41 42 114 67 1 104 13
69 101 22 29 100 52 34 44 88 47 92 39 105 64 8 31
103 102 97 9 10 12 39 45 53 81 31 120 82 8 5 23
109 27 52 81 80 86 125 40 5 90 79 111 26 87 14 2
61 111 11 71 123 50 116 49 3 20 41 85 28 47 108 9
74 33 90 26 119 87 66 125 49 17 108 76 104 122 78 37
105 89 108 101 11 97 22 14 117 63 99 17 110 79 26 57
112 116 83 104 75 22 101 125 39 81 73 16 75 23 53 52
112 34 25 123 3 47 9 120 111 108 9 93 59 35 22 44
23 106 20 98 0 121 95 39 74 40 55 21 63 109 73 47
15 99 42 18 18 51 10 1 31 19 95 91 54 117 7 77
95 27 47 95 20 15 7 94 55 62 115 119 43 60 38 58
31 81 76 50 4 86 51 36 105 18 127 31 8 6 108 103
33 28 71 53 43 78 19 98 12 6 89 56 66 0 114 98
81 63 20 85 21 71 121 127 90 120 30 98 126 11 73 31
39 16 84 82 94 103 52 107 109 14 35 48 14 21 18 95
84 38 52 106 109 46 105 71 38 7 41 37 18 115 68 57
3 25 11 98 0 64 77 110 78 112 30 92 5 48 59 90
86 111 68 67 29 45 11 68 52 52 105 71 39 45 0 43
70 12 13 71 76 90 53 26 74 83 118 79 3 49 41 89
32 109 28 62 26 39 2 79 92 107 22 3 24 22 46 95
34 59 38 110 21 91 8 95 46 126 47 49 47 88 10 80
70 38 14 96 78 16 47 42 123 69 45 19 92 92 114 126
23 24 109 45 115 117 12 33 116 59 82 35 20 92 115 90
3 1 58 81 17 106 123 12 47 40 32 11 4 18 10 28
43 119 73 30 108 85 64 96 17 18 4 37 111 119 127 114
121 57 67 10 35 62 23 83 102 55 94 107 73 104 7 116
95 80 19 76 37 83 44 54 101 48 91 84 40 90 70 33
20 9 43 55 71 66 10 46 121 105 25 67 81 32 55 49
112 74 125 21 29 41 76 3 90 39 87 2 2 30 35 22
39 78 77 111 17 88 29 10 65 54 77 18 86 5 67 70
