43 12 39 54 68 95 53 21 124 108 113 39 3 100 33 50
109 117 63 123 62 49 49 44 16 49 28 116 37 12 108 81
24 20 7 92 115 60 114 111 40 99 22 43 71 56 93 52
45 28 48 107 78 97 23 94 18 51 82 56 63 63 9 88
83 16 52 70 77 38 54 117 9 76 33 80 4 126 5 49
27 53 28 105 22 51 71 40 103 25 96 38 88 105 126 43
122 51 114 71 89 40 60 99 116 93 51 121 92 56 42 119
109 71 96 3 122 39 44 97 64 12 8 25 118 6 68 112
57 54 55 19 94 115 118 83 81 41 76 45 98 118 36 79
61 4 83 56 43 127 25 107 11 33 4 1 40 73 113 97
127 40 116 94 28 106 49 109 20 125 26 118 115 62 69 49
66 24 105 109 23 2 88 35 36 93 36 76 38 22 45 37
62 34 3 90 12 52 71 32 49 97 22 37 31 92 86 97
116 63 78 12 65 39 47 101 4 83 49 42 105 95 79 40
1 83 2 13 7 74 46 57 43 68 94 75 32 52 44 21
115 123 33 52 34 80 26 38 35 75 80 13 42 31 53 43
114 55 57 122 1 103 51 45 43 17 120 76 69 36 97 56
31 2 108 65 82 6 103 117 82 55 2 124 87 55 40 73
111 97 67 112 72 118 29 115 7 21 63 76 58 32 4 89
34 113 27 116 119 2 106 73 58 108 70 17 36 110 90 19
79 30 3 23 20 33 10 28 54 74 104 112 106 109 74 13
94 101 1 85 103 107 31 33 88 101 50 124 83 13 15 34
43 18 57 63 51 67 91 106 13 68 90 120 49 36 5 15
9 6 100 113 114 3 18 74 104 69 70 59 82 85 93 125
103 22 60 27 90 24 5 103 92 95 95 13 4 100 28 13
107 0 126 93 4 17 39 108 86 109 40 40 66 5 37 41
28 97 68 118 121 73 93 85 41 61 98 45 33 126 58 12
127 57 105 3 74 16 111 32 125 23 72 63 29 109 105 57
78 45 47 72 119 12 29 32 73 0 77 107 126 7 119 125
64 97 0 10 113 112 42 111 7 114 46 36 95 23 93 46
69 12 118 60 25 19 92 98 19 41 77 18 48 69 15 113
38 16 123 23 0 38 6 7 24 53 44 120 76 9 38 17
107 7 75 101 59 71 72 44 55 122 107 104 30 93 65 0
44 6 30 95 113 67 9 100 16 18 74 47 67 60 69 46
67 16 20 126 87 92 43 15 86 22 119 117 116 56 117 32
62 19 127 48 86 9 20 102 27 95 22 94 27 91 13 94
108 33 92 67 125 7 82 84 30 73 73 18 1 62 50 64
81 50 112 40 59 4 14 86 99 36 53 126 0 66 92 108
99 57 47 96 64 2 52 94 75 125 112 77 59 35 13 13
85 125 53 16 1 67 102 101 104 27 99 104 93 64 84 64
121 3 33 57 5 85 24 81 83 8 30 14 43 43 27 0
40 80 16 41 20 119 14 124 18 114 100 112 50 56 48 43
59 81 100 65 39 124 18 122 5 48 8 48 91 36 49 3
116 65 44 8 56 59 4 75 45 104 59 95 32 107 10 92
61 110 29 100 107 47 94 112 95 102 32 58 10 81 61 127
19 105 7 75 36 12 22 81 116 81 48 21 61 58 113 122
41 14 94 20 61 60 4 28 34 36 86 45 118 19 44 9
124 51 84 33 63 107 114 52 60 35 73 121 93 58 115 6
72 81 26 5 13 30 33 48 67 119 93 57 10 9 66 6
60 22 39 124 1 26 48 62 61 121 55 26 51 43 33 123
124 59 0 10 90 33 58 29 24 23 86 34 32 24 40 92
46 80 88 48 106 8 110 39 1 37 65 52 80 98 47 77
30 47 87 120 80 17 21 104 40 107 10 72 3 51 36 49
3 125 97 109 5 79 20 7 117 85 59 69 56 107 18 86
26 105 78 107 122 99 83 34 78 94 106 81 17 15 2 20
12 100 1 17 51 21 24 40 106 84 110 34 63 0 120 89
106 70 68 100 41 24 7 119 118 113 72 7 0 75 27 12
47 28 30 98 49 54 11 27 10 121 62 73 121 54 35 99
125 103 72 38 127 79 30 117 64 102 124 65 49 23 77 96
51 107 67 100 34 78 0 44 71 62 118 64 116 25 36 113
0 108 24 0 59 54 117 123 28 114 60 78 9 10 46 61
117 113 33 23 63 33 68 6 95 58 71 84 83 107 69 83
87 93 83 18 19 73 13 48 59 74 126 68 84 44 1 73
30 35 97 93 68 37 100 36 95 43 120 50 22 61 5 109
100 35 92 41 21 7 21 107 108 40 30 63 72 48 54 50
26 59 60 36 46 63 102 32 42 99 6 35 1 98 79 101
6 44 15 27 51 36 6 31 76 36 94 20 84 20 71 111
79 3 19 125 66 121 29 108 92 36 16 93 6 95 67 12
11 82 39 62 118 45 93 66 81 59 87 38 80 30 21 31
33 40 29 99 33 58 80 126 94 96 91 101 63 30 113 75
112 25 9 102 70 103 41 24 34 0 62 114 30 83 18 63
123 47 34 28 105 114 26 72 82 118 45 18 20 30 93 5
55 102 107 126 77 20 22 112 20 84 98 50 39 116 113 34
35 20 62 13 6 89 85 89 79 2 107 99 32 72 104 88
46 84 86 124 104 108 108 125 64 78 47 103 67 33 9 102
53 71 115 59 32 72 20 111 74 127 83 107 71 59 67 118
15 25 114 120 5 94 117 69 44 36 44 111 69 53 86 122
124 73 54 29 18 74 12 92 74 95 71 17 27 10 7 42
35 121 34 40 87 23 109 4 60 25 115 1 78 73 124 75
19 50 104 37 124 116 1 70 84 73 88 111 83 95 25 119
89 60 31 48 83 13 52 15 38 40 17 117 113 13 64 4
63 40 41 59 28 43 2 112 116 90 95 71 57 121 62 18
53 94 67 8 107 119 24 17 31 41 6 17 54 70 21 117
110 63 48 11 106 50 123 94 12 91 37 70 84 100 88 9
66 27 17 45 19 41 62 50 82 69 67 8 11 89 125 122
24 46 5 2 96 0 96 109 91 5 51 47 105 11 56 43
39 74 88 58 115 23 108 70 92 48 78 103 9 76 97 33
122 102 35 90 103 3 71 66 8 122 114 114 6 42 29 45
116 118 103 104 13 83 46 105 3 124 80 12 72 50 45 66
24 80 29 127 83 100 66 92 95 52 78 101 94 107 18 83
97 121 59 110 76 105 87 80 101 40 92 46 90 10 112 114
90 13 114 46 114 52 10 81 104 88 54 70 67 72 25 37
65 84 19 13 61 107 93 35 19 58 81 109 68 65 95 30
79 81 76 65 5 86 18 109 46 72 52 114 16 77 23 81
34 42 94 95 21 60 2 40 118 83 21 58 21 117 88 100
70 37 37 76 123 55 57 42 127 109 28 15 59 51 96 93
107 13 48 71 65 109 97 80 55 104 68 115 83 39 40 104
22 82 43 109 56 106 78 33 8 25 10 39 86 71 102 65
84 22 9 21 3 106 101 58 82 42 45 37 81 86 13 104
40 57 85 96 35 35 1 44 61 11 83 19 82 57 85 38
79 94 60 82 72 33 12 26 75 57 63 29 15 76 5 56
5 90 24 41 125 26 85 58 37 40 78 120 97 35 30 48
1 90 2 73 124 14 99 71 71 34 100 87 110 105 15 116
67 39 29 65 65 114 123 103 26 73 95 123 108 125 43 109
88 45 54 84 59 25 27 2 59 0 89 42 105 104 30 45
16 59 110 81 45 105 56 71 51 23 66 31 21 109 13 109
26 67 65 85 93 92 87 24 92 49 66 70 25 96 115 41
27 97 123 72 74 51 15 125 75 81 29 96 62 42 77 88
109 14 45 74 106 5 99 71 54 37 13 79 6 0 121 33
97 116 106 43 39 121 41 114 75 70 82 9 112 31 98 93
45 15 40 24 20 11 95 74 48 108 26 54 108 19 88 77
7 66 120 46 59 33 33 6 103 115 16 87 19 114 53 64
1 93 88 22 104 55 96 24 35 122 79 15 13 39 92 20
105 85 67 36 118 100 43 94 87 59 53 106 45 106 43 46
71 3 68 47 59 37 72 94 31 23 110 45 62 74 65 39
31 4 75 22 104 118 116 64 49 41 42 94 20 85 13 91
89 81 11 20 118 83 114 22 106 96 67 40 43 4 79 74
9 26 96 113 17 84 49 66 126 92 33 18 49 46 109 10
127 120 30 118 75 17 12 53 113 79 93 28 83 44 103 92
71 71 78 88 28 127 26 26 91 59 44 13 105 25 23 105
18 54 95 93 71 107 19 56 58 112 85 13 29 60 106 100
3 56 60 31 55 86 57 19 18 101 32 123 127 55 100 17
109 67 110 52 46 1 109 104 114 66 118 15 126 96 115 1
24 47 33 79 5 90 98 23 64 2 19 63 58 119 80 39
59 62 92 105 64 73 82 50 11 72 65 9 40 52 10 64
99 43 15 104 6 114 0 70 116 19 5 46 10 85 86 69
19 50 47 83 123 1 5 6 73 70 15 113 122 25 49 93
69 64 70 75 50 70 17 39 89 22 85 99 107 43 41 126
83 15 24 91 53 16 90 18 72 91 48 126 64 105 89 106
101 92 35 34 106 95 37 12 26 46 10 111 120 52 49 76
67 74 39 120 90 1 10 35 92 58 33 28 35 122 7 8
87 42 43 65 9 80 77 35 126 87 19 118 11 68 66 79
14 105 71 105 107 82 12 71 12 45 100 48 40 107 56 127
21 99 64 31 51 13 66 49 101 85 40 112 26 106 63 40
84 7 17 63 89 29 6 101 75 106 21 115 85 78 114 107
49 50 10 101 63 76 22 36 34 62 21 60 41 84 100 125
91 118 60 52 19 66 26 94 45 47 81 2 125 67 109 47
117 119 20 53 68 42 89 102 105 110 34 18 67 6 15 30
124 75 83 16 13 109 110 58 28 64 61 26 3 42 73 121
34 93 46 102 7 7 76 112 118 110 2 57 116 17 87 113
92 42 1 106 23 111 36 52 47 97 78 51 12 23 44 46
116 90 20 123 97 96 108 87 78 110 16 66 0 104 51 92
18 52 70 42 36 107 94 83 76 44 6 88 67 50 6 55
12 26 50 110 122 30 69 72 13 86 11 13 62 62 105 80
115 48 122 23 27 88 106 103 4 113 64 71 35 70 126 48
97 49 30 91 79 99 36 92 57 47 105 119 109 83 72 96
3 66 119 30 27 98 5 31 83 69 103 118 12 101 38 109
22 68 72 102 40 108 66 97 27 44 89 9 127 33 105 2
99 97 32 126 67 37 30 22 107 5 12 119 106 51 100 1
119 44 103 31 25 41 1 52 85 90 61 84 123 39 86 94
8 118 93 75 28 123 97 7 0 109 126 106 32 98 107 24
14 82 55 39 124 56 92 81 18 25 38 13 64 124 108 72
115 73 19 15 68 116 22 68 98 20 46 2 118 26 26 4
108 82 44 104 10 8 58 29 33 96 42 98 92 22 42 79
95 62 94 35 50 116 103 20 8 22 23 126 48 49 3 28
3 47 5 14 55 63 43 88 31 85 58 123 108 101 75 75
35 41 111 85 30 86 106 38 108 1 37 28 50 40 57 54
87 62 68 14 125 111 102 28 68 33 23 48 6 98 124 41
12 107 126 42 65 104 80 46 105 117 74 28 29 3 82 116
65 22 2 62 5 105 90 73 10 114 122 16 84 118 57 96
56 114 46 26 57 10 30 17 105 124 48 107 123 22 23 8
13 109 21 100 110 99 84 9 45 54 107 117 92 21 79 20
7 125 46 65 7 76 82 113 73 2 92 68 24 116 76 37
97 97 9 79 68 93 88 113 19 67 102 111 89 53 3 96
50 50 33 57 126 115 42 71 118 7 11 14 123 87 52 92
56 61 43 124 27 3 109 46 70 83 30 31 8 33 0 58
83 33 116 82 21 30 25 11 37 37 25 32 124 77 124 53
11 39 49 38 42 31 84 113 114 114 16 123 20 16 53 103
50 41 57 71 72 83 82 109 120 107 14 116 57 10 41 68
50 91 106 92 122 62 77 108 49 94 103 69 110 29 44 32
70 102 103 14 57 57 124 49 37 10 37 94 20 79 34 70
42 12 35 36 74 112 16 123 78 120 64 61 21 109 93 91
83 69 106 12 126 102 61 35 112 98 1 4 49 35 75 91
47 110 127 122 94 16 117 45 8 54 106 29 35 71 120 118
12 98 2 11 72 63 46 56 33 48 61 83 83 8 46 3
118 46 125 84 62 114 1 70 40 107 99 75 51 91 65 63
62 67 74 6 2 121 63 36 41 124 119 124 4 37 127 122
83 124 78 17 111 80 87 23 59 58 99 110 22 36 46 84
104 120 90 106 113 25 14 26 21 5 23 25 43 22 19 126
19 98 16 2 50 103 25 109 34 124 92 56 33 10 12 9
2 102 115 116 0 2 14 21 7 37 47 50 60 66 49 79
36 65 81 86 40 106 68 74 103 32 2 8 42 14 17 44
117 4 32 117 6 47 10 14 84 57 64 16 124 113 95 32
50 48 119 91 27 59 37 2 91 40 10 5 54 27 49 43
31 82 32 38 1 43 52 85 100 116 102 96 102 69 1 24
118 120 115 17 51 25 19 14 65 29 19 119 56 68 35 87
22 67 125 23 110 49 109 83 38 83 51 12 24 52 36 14
44 24 31 95 49 50 109 114 79 0 105 7 69 12 95 91
80 92 115 62 14 96 17 52 51 69 64 75 121 100 90 38
124 121 5 45 44 115 31 123 115 9 3 56 21 98 20 101
62 7 36 76 103 53 0 26 122 64 101 116 37 63 26 33
57 31 79 101 18 110 96 6 119 99 62 13 69 82 114 4
115 56 22 106 2 24 104 19 89 83 120 6 58 97 81 116
7 92 44 103 35 52 94 68 36 31 13 70 80 103 56 68
31 79 46 33 103 22 52 64 105 44 70 36 13 23 24 21
116 69 124 23 121 90 92 30 121 105 100 74 81 29 14 112
108 60 18 83 82 70 20 60 115 90 96 0 114 120 21 102
61 17 125 55 108 89 85 101 67 57 47 20 86 61 4 66
121 22 22 76 93 42 8 80 4 104 80 118 96 102 92 30
119 90 85 99 51 42 73 118 99 120 10 58 54 15 124 47
37 18 123 2 60 3 82 65 107 35 55 76 9 20 106 0
110 63 100 33 105 45 24 76 37 34 6 91 49 3 11 87
21 6 89 82 10 44 19 117 79 74 65 88 94 43 88 76
106 60 110 83 105 6 32 15 40 38 106 90 41 117 49 63
124 10 17 6 54 36 123 5 110 61 93 77 104 54 25 83
114 7 38 92 13 70 107 54 109 85 16 22 75 65 85 71
75 102 77 2 10 72 7 121 5 101 70 110 27 95 65 13
103 103 105 116 46 84 42 27 42 58 49 117 123 7 60 71
109 9 73 120 81 80 113 87 53 55 69 80 22 6 94 125
109 71 114 27 28 28 54 70 87 104 59 82 111 119 25 92
0 98 84 81 51 69 40 104 124 109 57 19 115 23 16 97
94 2 124 122 31 51 64 118 27 123 72 10 114 98 102 114
68 59 68 119 0 108 96 125 90 25 16 77 48 32 46 14
35 43 9 66 94 73 56 121 69 0 3 55 98 105 42 39
36 110 30 37 90 126 34 52 23 50 2 71 82 48 86 117
91 95 55 57 40 111 50 109 112 53 37 82 31 79 121 67
61 24 104 23 22 10 76 46 60 78 117 15 126 75 4 90
42 60 19 83 43 70 64 27 123 101 110 26 52 103 94 113
127 70 9 22 81 85 68 13 35 57 28 33 5 33 123 47
93 15 2 8 85 67 36 80 40 18 107 93 121 73 78 121
15 87 15 96 44 83 110 79 12 10 113 17 43 108 65 8
123 67 17 80 6 53 33 47 71 12 12 64 85 90 57 100
50 72 69 94 27 51 46 40 61 31 57 105 11 122 113 7
62 2 87 68 55 120 115 126 4 127 63 89 90 120 62 12
110 20 55 107 24 89 44 29 58 100 52 127 96 97 56 99
38 85 121 123 51 15 11 108 84 125 61 34 75 67 69 57
87 124 37 111 86 81 12 16 53 64 15 22 34 71 121 72
29 115 67 80 2 78 61 86 75 122 120 22 61 62 80 20
58 117 3 16 70 16 33 124 80 48 18 114 120 11 59 21
126 126 101 0 77 34 86 24 28 79 47 89 13 127 109 71
116 113 88 58 1 121 54 81 41 72 68 33 84 127 54 82
125 28 83 74 62 41 99 91 120 18 52 5 17 34 77 5
19 37 63 20 30 118 101 71 62 41 105 18 40 31 101 38
59 56 112 122 97 83 85 90 101 9 95 118 43 44 123 62
81 59 82 111 49 56 55 111 97 32 2 10 63 103 48 123
31 32 117 0 116 74 90 89 83 58 80 127 102 75 61 56
6 16 39 55 72 94 39 41 126 41 51 62 16 99 57 47
4 46 47 120 120 10 81 75 68 33 74 42 109 8 98 115
24 10 43 96 104 82 9 103 123 61 37 11 32 94 58 36
12 105 28 4 115 110 79 55 15 26 98 124 34 68 112 58
78 27 26 55 109 35 30 104 96 67 115 1 33 45 37 45
22 66 49 10 48 0 65 63 26 35 60 60 104 44 118 54
71 16 109 52 52 11 28 20 78 15 21 111 60 59 28 82
125 77 92 45 78 30 108 104 65 40 37 41 84 27 96 27
44 77 79 96 89 107 116 39 122 10 23 54 69 51 9 66
1 101 111 79 3 91 55 69 4 92 110 88 120 78 116 36
28 67 4 117 47 120 28 41 2 51 96 71 103 105 9 104
78 120 55 82 84 110 23 88 75 5 48 67 84 36 103 112
104 107 101 23 99 1 64 102 53 32 45 28 9 55 4 88
47 59 42 3 41 65 91 116 70 12 55 26 48 30 10 24
9 111 47 109 113 112 83 38 16 0 66 26 55 70 114 103
1 28 106 42 93 70 31 35 82 86 62 2 117 72 27 126
56 74 107 41 58 62 79 75 63 17 101 118 87 87 93 88
115 72 2 80 14 33 115 96 120 49 98 109 122 125 107 50
72 87 91 2 21 42 77 84 59 50 75 18 9 40 106 124
112 108 76 126 14 64 94 6 113 65 115 107 62 94 29 6
118 37 121 13 23 117 64 34 110 32 4 43 26 40 41 84
107 41 92 105 29 22 22 126 92 24 103 43 28 86 16 18
123 9 32 19 127 96 53 109 0 57 24 26 97 65 110 77
107 74 54 8 97 77 6 61 101 109 104 1 67 120 19 63
1 51 82 0 19 7 109 19 65 6 46 34 71 28 111 50
103 38 59 72 115 65 5 88 47 109 89 114 101 108 49 102
32 3 103 51 11 84 71 76 90 117 110 34 17 94 84 120
4 15 64 119 81 69 79 0 50 40 114 23 20 36 126 52
39 101 104 50 57 47 126 20 36 109 54 53 75 10 46 79
26 110 70 107 52 21 107 102 61 93 126 81 1 124 6 41
97 110 91 26 29 90 46 65 71 100 118 18 111 36 97 9
19 39 116 71 60 95 45 121 60 43 74 62 39 80 103 8
62 66 35 91 28 81 28 99 54 19 117 37 55 86 46 74
125 34 17 57 1 63 50 61 106 125 123 18 77 98 26 12
37 61 103 65 15 4 37 69 23 26 106 78 113 24 25 110
58 42 40 59 105 90 120 84 87 116 102 37 86 0 49 123
62 24 61 77 28 98 18 51 124 124 2 109 20 27 92 78
69 4 9 47 94 1 3 54 117 105 91 76 105 12 71 39
36 4 116 65 102 6 116 99 2 118 80 22 17 44 100 87
48 109 6 15 111 9 69 100 114 32 48 91 44 120 3 80
124 119 17 99 126 6 70 0 124 22 23 14 67 123 101 115
105 107 2 88 116 71 60 102 103 109 65 19 101 68 100 97
60 117 68 58 123 10 58 120 33 81 6 100 77 107 87 54
86 90 14 74 33 74 48 9 55 113 28 28 54 0 126 114
118 66 44 113 77 102 105 110 56 111 82 5 90 41 59 48
3 73 122 37 19 42 46 75 28 74 103 82 75 101 68 65
40 112 50 117 86 28 99 14 11 53 19 102 94 78 22 98
23 17 7 43 59 53 118 87 127 93 41 74 67 109 11 107
93 62 96 52 90 67 66 101 120 86 75 86 36 98 56 60
115 63 103 46 116 93 6 116 58 47 62 125 29 74 104 122
8 72 46 98 11 113 71 3 71 19 90 107 117 18 39 104
82 14 22 70 107 28 58 38 76 121 35 105 67 12 99 75
5 21 17 3 93 100 40 60 123 29 84 12 107 123 6 64
42 110 20 70 3 30 20 67 126 103 47 51 116 89 17 121
110 34 124 75 7 36 8 2 66 92 14 45 87 21 109 2
3 1 72 6 31 93 74 29 68 121 80 56 82 97 50 65
4 46 12 11 83 20 13 21 113 27 66 72 48 47 74 52
48 19 58 79 112 4 109 52 126 61 109 80 31 31 17 35
77 30 46 32 50 59 53 35 86 119 108 7 38 54 59 86
73 117 38 57 122 19 110 120 80 91 72 111 122 90 18 71
120 64 104 42 123 29 78 82 21 58 89 59 112 20 18 58
9 56 115 3 75 97 123 27 60 68 11 54 30 29 126 22
94 102 64 89 3 14 43 24 72 4 84 57 24 102 115 34
30 102 37 105 72 33 4 4 101 15 59 3 45 57 25 11
31 89 100 34 104 16 59 48 20 15 105 45 117 92 79 19
67 116 124 11 21 0 15 122 16 74 125 61 3 22 72 34
112 44 69 88 60 0 8 81 15 114 126 4 78 77 23 17
65 19 28 87 19 44 81 35 118 79 96 122 101 40 28 85
85 97 45 17 97 54 98 112 40 96 116 118 45 11 8 111
30 36 70 50 80 23 85 71 102 54 65 76 94 93 33 51
63 79 69 32 5 39 17 45 8 5 35 53 17 43 36 47
80 106 97 32 2 55 103 104 109 40 52 75 6 86 127 69
37 68 101 42 107 118 87 115 124 122 41 13 38 77 60 118
56 30 22 58 85 126 34 66 38 87 13 44 45 12 113 82
80 87 124 60 77 83 47 73 77 88 86 115 38 19 105 94
49 0 24 6 126 58 72 36 17 85 81 62 98 66 16 50
25 12 110 103 95 30 48 45 118 7 32 28 26 10 122 75
10 18 81 8 77 25 44 94 110 125 29 80 64 45 3 89
58 113 64 25 15 113 70 6 120 103 34 18 113 29 93 123
47 46 3 124 71 47 91 53 45 120 6 109 37 9 70 95
122 7 121 10 120 63 16 112 38 50 2 23 79 95 18 127
13 21 123 84 69 86 9 114 78 15 95 116 24 37 83 19
44 76 29 36 12 45 20 50 95 22 74 47 117 92 46 2
114 41 86 55 0 96 41 78 111 8 66 8 45 22 27 90
