53 114 108 125 127 66 33 121 34 71 124 123 45 93 112 49
69 80 108 102 79 33 53 50 38 96 69 24 122 51 68 47
37 48 44 36 115 78 29 21 21 25 16 66 118 0 116 59
80 96 33 32 1 86 82 40 54 23 64 49 74 4 96 111
53 13 20 40 91 49 61 112 75 77 50 65 77 38 125 30
6 30 62 8 117 16 48 43 40 112 92 114 116 61 98 41
74 118 81 37 39 14 21 114 91 71 52 41 110 49 71 116
79 5 124 68 21 44 112 61 28 76 48 17 9 18 58 83
8 12 120 47 26 13 34 118 85 86 31 67 7 102 55 86
107 52 27 0 96 11 62 125 87 110 14 97 0 72 52 8
84 45 55 111 58 89 101 15 47 4 82 54 106 10 13 85
62 40 85 30 51 19 27 10 1 41 107 1 114 32 9 70
77 65 53 7 26 26 23 74 30 105 0 8 115 13 93 49
53 51 80 104 70 107 115 72 21 94 73 7 126 83 77 75
20 3 83 46 29 106 120 60 83 121 68 71 6 34 120 60
85 72 36 27 52 23 99 73 118 45 80 116 0 29 64 20
32 19 66 62 125 59 122 80 52 62 23 58 96 16 118 53
88 27 81 12 50 52 85 40 97 37 29 97 67 93 117 99
112 56 33 109 115 27 61 39 90 85 97 58 101 88 112 61
115 65 74 37 117 31 78 87 69 107 56 8 72 46 107 56
102 13 37 89 40 98 0 2 55 97 61 28 57 45 90 44
110 36 82 99 67 32 58 8 11 115 16 83 33 124 11 7
9 48 96 49 18 96 52 74 65 113 102 123 30 64 39 12
100 121 111 40 25 42 48 36 29 65 119 62 61 2 69 70
50 37 119 69 5 43 15 70 28 117 65 58 54 105 70 26
98 54 66 124 96 115 32 125 52 24 59 113 26 0 55 77
37 46 18 42 90 33 112 118 22 50 49 76 27 119 103 125
45 41 121 13 28 26 10 80 50 69 65 76 69 120 25 106
39 43 20 1 76 5 119 99 55 40 47 82 32 22 79 77
64 73 91 92 99 101 45 21 43 110 97 112 103 123 91 14
38 111 15 115 116 6 86 43 47 5 125 79 28 77 28 92
22 119 56 121 93 101 14 8 84 111 120 59 106 83 73 17
121 90 16 69 95 26 35 12 43 7 42 93 1 77 109 41
126 68 11 50 78 1 43 83 69 121 58 125 10 127 81 3
89 98 72 57 124 108 69 40 115 112 5 116 61 114 30 59
54 41 109 4 42 24 88 112 17 18 109 27 17 63 31 107
33 103 36 29 83 105 69 70 89 74 59 22 61 89 81 115
2 63 120 44 87 80 28 105 98 10 4 116 73 35 95 106
11 3 7 94 108 77 37 70 23 96 92 84 57 46 72 59
109 64 103 68 16 4 45 114 14 50 102 87 85 69 65 96
72 72 63 53 21 100 123 45 68 87 1 125 5 73 56 114
9 31 55 25 35 100 12 49 22 114 8 108 56 73 76 0
18 11 53 39 111 48 84 51 8 86 48 13 31 104 0 41
8 55 66 43 27 78 93 50 65 101 30 121 47 106 121 65
118 47 104 101 95 61 25 103 19 73 117 50 50 117 91 58
44 30 101 71 108 66 121 45 40 23 38 87 2 32 24 120
79 0 93 46 61 118 22 80 64 11 3 114 0 94 44 44
124 17 115 105 84 109 22 124 4 61 83 6 93 107 126 44
107 92 90 41 82 112 121 18 123 124 4 123 91 48 39 87
66 27 64 22 8 87 18 12 20 101 19 113 80 17 29 59
109 119 100 64 104 94 82 99 90 87 95 53 7 6 13 73
33 77 95 41 36 113 54 56 86 73 41 38 90 70 98 72
62 70 8 38 36 90 9 127 49 104 52 57 111 65 2 16
15 98 58 51 83 112 108 42 57 21 80 19 92 50 91 26
121 99 64 29 62 73 28 111 50 81 40 33 18 43 49 33
13 107 85 96 91 65 10 20 86 91 40 50 13 3 76 6
103 12 36 37 86 64 20 8 17 61 41 36 104 90 69 117
70 26 85 33 91 96 54 50 59 94 100 72 97 49 79 72
61 115 109 19 51 2 27 69 63 68 105 39 31 46 28 101
73 113 6 36 81 60 86 12 26 59 85 124 108 36 68 41
23 50 61 74 52 88 15 115 29 120 26 60 39 54 33 112
39 39 20 121 100 107 5 126 38 90 122 18 126 63 59 21
113 120 96 37 81 111 24 110 104 50 42 15 104 75 127 15
114 19 8 86 126 14 85 36 104 79 54 103 14 114 124 127
12 106 12 88 32 58 87 14 99 66 123 119 61 68 14 117
80 126 118 33 122 57 49 99 101 29 51 83 51 81 26 63
60 38 23 92 96 110 106 68 48 101 59 110 42 73 99 122
72 89 27 66 18 76 37 120 105 88 75 29 42 102 92 102
12 116 66 109 98 44 49 19 18 108 1 60 53 100 54 125
61 81 63 79 30 100 71 7 61 19 36 103 121 1 77 5
117 15 114 87 59 35 106 77 15 107 9 69 79 63 66 12
17 2 92 47 102 35 54 35 54 91 10 47 92 87 53 81
102 39 40 34 75 19 111 90 126 121 31 78 56 98 90 73
100 54 120 74 90 47 110 16 10 120 64 102 80 117 55 54
28 95 88 103 114 72 66 113 65 97 63 121 67 25 67 39
80 59 114 42 106 96 58 116 88 122 90 40 111 17 95 12
113 55 115 99 127 53 84 64 23 19 58 90 45 125 2 125
56 116 39 35 84 97 23 44 92 114 85 75 3 52 87 116
107 75 88 107 0 44 43 23 64 101 114 109 98 116 106 27
104 17 62 60 114 85 104 78 71 61 26 75 113 113 63 93
60 23 72 61 68 115 84 4 89 70 113 59 58 91 86 34
108 20 94 94 106 71 45 49 4 71 124 118 56 60 83 117
83 27 50 23 14 6 27 103 77 12 35 7 103 121 42 83
14 8 50 120 79 95 41 84 38 38 74 94 98 29 83 53
56 5 77 70 12 104 46 89 117 81 96 92 74 10 48 88
19 98 80 98 65 122 54 103 32 0 69 2 29 25 55 85
30 4 28 42 109 74 3 98 27 100 62 101 110 110 62 1
80 14 100 17 8 26 120 40 27 62 42 56 87 98 14 117
102 42 32 83 116 35 53 15 7 116 116 118 98 50 119 51
65 91 68 73 118 61 114 17 123 28 73 82 126 87 71 101
1 103 56 117 11 110 4 18 98 121 8 68 43 0 119 108
91 60 54 81 121 40 98 116 68 44 70 67 3 13 40 5
117 96 122 0 78 127 18 48 120 27 117 35 27 108 16 118
40 70 72 33 110 42 21 50 86 91 117 90 105 29 95 94
126 89 94 76 88 112 125 80 11 114 116 38 94 4 29 7
74 101 40 56 15 62 106 102 25 96 64 2 125 31 96 123
85 60 57 81 89 6 48 3 5 64 103 67 114 10 83 13
16 25 24 39 44 33 44 14 85 125 6 59 32 22 18 118
83 75 71 44 82 120 47 87 56 22 27 43 32 110 56 48
7 81 87 52 114 3 66 71 0 72 2 33 95 20 23 50
95 94 94 49 86 13 9 15 36 36 58 68 18 114 117 25
67 76 77 53 80 15 124 80 88 126 113 55 18 8 105 114
103 71 35 61 84 44 76 120 80 6 61 98 121 50 124 60
126 73 114 78 89 110 31 49 109 16 104 127 25 81 113 0
24 21 61 108 65 10 101 18 16 34 116 9 84 112 70 82
58 56 33 19 38 64 68 19 80 44 19 105 125 4 105 21
25 39 1 91 49 102 109 65 8 97 75 92 82 17 47 12
73 80 31 111 16 99 3 96 15 22 74 12 26 51 33 52
90 34 15 11 9 124 77 17 93 24 110 47 41 29 59 114
109 90 97 125 61 100 93 76 122 39 88 21 91 121 73 53
28 88 65 37 84 14 54 49 38 36 97 79 65 28 65 46
119 34 43 52 7 9 1 1 48 89 22 11 83 95 65 111
55 2 20 11 16 74 61 54 111 30 5 48 58 70 95 49
104 10 102 111 19 103 113 68 64 7 79 19 103 16 2 30
18 22 42 34 97 103 88 80 5 93 0 63 35 95 113 12
106 87 123 125 62 108 65 126 116 17 18 91 33 20 121 52
43 35 86 12 10 47 92 15 12 92 79 48 60 64 60 38
23 55 35 85 36 101 83 24 118 101 115 23 122 108 75 37
16 34 49 26 81 13 42 93 105 121 13 37 57 73 75 80
1 111 37 37 84 120 61 74 94 48 97 88 28 45 125 44
79 46 71 32 59 113 125 36 106 11 74 35 84 21 115 85
4 24 122 88 16 55 34 110 103 4 70 4 49 67 48 0
113 119 32 44 104 29 81 82 40 27 117 125 48 104 82 53
0 77 13 17 4 48 127 108 52 70 112 101 9 32 101 123
24 5 39 0 34 120 83 75 19 72 72 68 49 26 121 49
103 6 66 108 54 66 88 106 8 72 79 17 104 52 12 0
57 52 1 92 44 84 39 64 28 111 4 77 9 125 127 113
3 65 93 58 3 53 36 11 125 116 29 101 40 41 102 98
30 34 109 72 19 31 88 114 77 91 123 11 11 20 72 12
95 90 65 110 30 25 96 19 127 25 19 83 0 86 124 30
121 105 103 12 8 63 126 85 26 121 96 37 13 41 49 108
3 114 91 33 12 59 53 11 84 72 94 85 30 90 115 23
67 90 35 76 26 33 33 52 26 2 90 40 43 11 20 46
126 111 79 10 43 4 21 127 76 115 84 107 77 72 2 16
34 38 92 60 71 126 113 98 0 75 10 43 86 30 89 84
14 40 94 57 45 115 56 121 102 13 100 51 85 103 68 119
13 32 52 84 30 37 54 30 112 64 73 70 95 34 27 109
75 121 38 120 109 94 113 83 107 86 7 64 61 75 56 74
107 108 30 10 17 85 40 1 21 114 71 116 20 98 97 95
92 7 87 73 102 73 28 81 31 35 18 92 110 74 38 90
54 68 100 71 25 12 72 47 126 15 35 19 114 5 114 78
12 74 23 114 19 51 68 50 87 86 14 69 32 52 31 86
120 3 29 18 16 101 65 14 116 100 33 102 105 20 52 118
94 75 104 113 127 44 35 86 2 49 27 34 101 59 120 93
62 21 111 78 122 48 93 111 21 126 85 126 18 10 116 112
85 93 97 84 9 4 42 12 53 70 46 26 1 39 120 63
60 103 14 55 24 107 38 45 105 123 43 124 5 32 108 91
125 78 47 6 82 90 18 8 32 65 34 33 104 26 96 36
2 110 91 26 89 1 71 67 125 114 63 2 18 43 93 15
121 13 22 76 103 40 84 7 105 118 40 81 17 8 118 19
119 81 45 80 83 116 19 80 102 82 82 121 126 48 8 119
61 30 67 36 71 23 43 48 14 83 2 31 91 120 50 82
73 95 35 28 83 54 108 57 9 63 50 7 111 59 126 44
89 66 80 32 89 123 81 103 78 83 6 41 75 56 124 20
23 31 49 106 85 29 36 94 92 86 101 75 17 100 119 107
38 71 11 127 66 92 103 16 47 109 58 122 38 54 15 61
85 64 40 42 93 76 9 58 34 110 5 52 82 125 31 120
68 42 120 7 7 95 23 54 76 81 49 114 7 64 48 92
0 88 7 93 36 16 23 70 126 29 122 81 26 25 73 94
68 65 101 75 32 125 1 109 78 50 95 86 114 15 50 114
80 3 102 7 27 93 85 22 31 112 74 17 89 69 98 37
55 37 114 103 83 55 118 21 99 81 88 15 20 72 33 100
75 7 107 103 100 65 125 3 49 71 20 10 12 119 47 67
28 33 42 111 88 32 4 59 113 92 74 6 36 107 106 112
115 86 87 87 23 84 91 72 27 111 82 39 102 2 106 2
35 20 113 124 52 117 55 37 81 2 43 118 109 22 102 96
108 61 56 3 17 19 75 44 2 29 83 105 31 61 107 67
81 93 63 5 82 118 42 36 120 86 26 102 108 0 70 88
61 126 91 78 17 38 122 20 67 77 125 99 10 104 38 91
69 101 96 24 91 10 60 84 96 86 58 76 86 0 36 19
127 127 97 16 37 91 36 105 40 33 76 50 10 114 13 79
87 109 103 50 119 35 6 88 121 64 36 79 65 73 98 64
72 67 80 110 30 117 87 70 22 35 120 32 21 5 112 108
114 87 30 106 123 37 66 116 101 102 68 38 47 38 102 120
106 55 102 8 44 61 79 66 96 71 99 117 77 83 97 63
42 127 41 37 36 107 26 10 82 94 48 1 4 23 121 110
78 95 119 122 28 70 60 124 13 31 113 90 114 82 26 29
82 67 66 118 47 92 0 1 58 49 2 63 72 124 45 22
91 36 16 120 106 76 116 120 108 102 82 94 56 108 123 10
48 62 1 95 26 1 96 85 50 98 20 122 94 65 16 58
102 32 50 80 109 38 72 89 12 27 55 69 7 51 79 55
113 80 22 11 82 118 96 4 89 116 127 55 54 15 113 28
48 35 108 29 74 53 118 86 80 45 27 87 96 107 15 81
59 37 93 13 28 61 18 117 50 17 44 104 32 30 4 80
65 112 109 11 37 99 98 117 17 125 77 113 104 92 67 36
1 32 49 29 93 67 18 15 84 63 119 117 93 123 69 30
108 51 42 17 22 12 7 39 9 84 25 114 48 92 22 49
124 71 79 89 11 97 105 95 32 96 84 125 92 26 28 72
77 70 89 99 82 96 11 91 52 36 77 100 0 99 22 124
43 101 85 54 70 62 21 103 31 106 100 123 4 0 67 81
70 28 52 24 125 63 116 49 99 65 22 99 37 44 95 80
17 53 6 87 115 27 62 18 5 35 13 9 35 80 90 106
44 106 43 16 3 2 79 91 109 45 68 25 105 123 61 119
90 23 96 75 55 112 98 4 10 91 103 94 102 9 84 18
116 127 34 119 1 113 82 110 31 22 7 8 18 68 127 108
91 95 55 19 79 25 23 89 116 126 55 90 7 11 108 123
10 15 114 12 0 69 122 31 91 2 39 109 70 38 89 34
5 16 53 85 42 76 46 30 74 102 121 81 113 101 77 124
116 63 8 117 4 2 20 96 4 60 77 75 98 39 109 104
55 34 61 97 110 107 0 56 81 121 9 67 94 86 63 83
22 71 72 26 73 92 122 78 24 72 25 123 111 6 99 38
40 32 8 22 11 8 78 93 1 87 32 95 46 95 50 68
38 122 94 111 87 89 61 111 33 86 106 16 92 77 54 4
109 62 26 121 70 104 86 71 64 118 39 110 85 89 50 123
84 16 106 43 105 40 26 10 126 5 26 91 82 81 95 64
15 122 57 86 98 15 29 34 5 68 16 90 30 66 85 114
83 63 29 60 103 55 71 102 60 97 65 15 50 32 79 66
26 8 24 125 23 53 31 28 122 48 118 24 114 75 10 69
10 39 2 114 94 73 88 27 42 25 42 93 57 121 31 84
1 55 81 24 108 112 52 102 32 42 126 19 117 8 88 127
47 90 113 14 35 73 41 78 98 83 43 28 76 74 112 77
1 65 101 109 49 25 84 82 67 82 101 56 91 61 55 10
24 41 24 59 114 65 9 85 20 52 113 96 126 97 45 127
34 18 109 83 43 65 37 110 19 10 38 110 72 94 121 96
7 17 27 121 83 37 78 103 89 63 72 88 32 117 87 66
8 68 22 51 5 59 34 25 70 72 7 14 38 0 110 45
18 9 39 101 46 117 76 8 53 20 96 85 10 55 24 18
124 46 69 1 105 103 26 47 48 34 61 86 34 43 4 52
53 43 25 99 32 102 107 85 122 75 43 4 3 67 22 127
113 92 0 90 67 27 10 115 61 71 74 95 115 78 20 40
121 45 11 25 19 119 111 14 66 26 18 69 93 41 68 78
5 69 40 72 96 50 60 29 122 6 124 109 84 16 21 77
62 32 102 81 23 85 95 90 111 114 31 76 27 100 26 32
41 67 104 9 117 36 38 111 42 34 92 126 51 113 75 113
64 92 55 84 15 25 28 116 14 127 30 64 14 62 114 101
118 85 37 102 74 123 77 105 44 24 101 93 0 118 52 64
83 107 20 98 4 48 86 19 47 116 83 61 50 69 34 41
26 72 15 100 67 92 78 111 116 51 77 116 42 1 52 125
108 73 95 113 121 54 4 41 42 87 102 93 29 9 6 55
81 21 28 20 113 106 3 101 29 80 89 71 81 13 68 62
86 36 47 80 90 51 121 4 10 95 97 39 104 103 95 57
124 123 77 109 101 81 82 2 33 43 74 115 57 14 49 15
50 96 95 12 19 88 17 29 56 114 69 32 90 36 90 86
31 39 68 4 120 22 6 26 66 80 13 123 95 62 10 17
30 106 30 49 66 47 78 122 33 19 27 123 55 117 82 86
28 22 90 21 44 97 47 110 49 60 105 16 122 116 34 24
94 64 73 32 111 23 27 16 43 54 12 98 43 94 57 71
116 19 92 32 116 11 15 38 71 120 54 65 108 88 89 74
24 34 107 7 58 6 24 101 60 36 71 103 2 0 46 118
20 11 22 8 22 37 46 94 30 101 31 10 61 121 85 86
27 64 93 85 70 117 58 2 25 2 105 27 2 23 17 22
34 40 31 57 77 77 23 107 50 54 118 112 47 75 70 75
11 35 32 81 25 91 83 50 93 60 78 95 83 95 118 118
7 21 47 85 98 70 64 21 124 54 5 44 1 75 119 12
110 23 93 7 114 48 58 79 108 8 47 64 103 37 54 111
58 101 68 28 43 4 49 39 59 54 83 60 1 74 73 112
98 38 119 84 87 49 36 67 57 83 3 33 120 57 16 50
30 84 78 73 88 0 113 19 54 68 80 56 15 25 40 113
63 31 69 22 81 105 90 10 60 93 43 52 23 59 102 53
15 53 127 104 53 112 123 107 52 75 35 67 100 75 52 36
107 122 58 60 99 20 70 32 114 114 84 9 45 59 62 61
112 61 37 37 45 32 16 98 108 52 37 80 127 90 116 106
84 47 38 55 67 109 87 53 95 44 62 12 103 125 73 87
58 110 124 104 15 12 74 123 64 111 75 64 73 64 42 29
111 81 85 50 62 44 104 29 88 38 41 63 35 115 22 94
97 18 70 112 31 16 107 95 127 55 31 73 119 74 102 102
43 77 110 49 113 114 103 51 98 33 25 50 90 13 17 12
102 61 80 5 82 53 21 44 113 75 10 52 4 33 38 48
110 20 97 96 6 72 19 104 105 44 26 68 57 44 80 32
105 32 37 59 85 58 103 70 6 114 123 10 19 33 58 1
53 27 97 59 100 116 35 77 33 62 17 90 106 97 122 83
1 32 15 87 90 118 29 96 104 24 107 123 57 37 125 110
65 94 41 37 83 77 114 116 11 4 78 117 101 73 72 103
105 87 62 67 78 91 36 54 116 15 50 45 52 47 28 117
13 69 26 96 18 13 84 29 17 35 18 118 108 91 93 85
50 27 24 0 119 60 55 107 75 105 24 0 24 52 117 37
122 16 6 12 29 90 42 46 125 60 36 105 23 2 62 74
29 87 74 20 19 1 127 95 106 24 95 2 76 84 40 70
100 46 83 1 8 125 47 6 57 84 111 81 86 46 27 115
5 101 8 24 103 7 119 81 31 86 84 108 43 124 50 15
42 5 17 50 2 64 56 60 20 40 13 106 86 40 94 91
13 102 115 116 109 107 70 13 65 26 121 108 22 43 124 64
49 13 114 51 77 43 111 98 83 124 76 41 36 42 4 50
16 119 38 126 98 108 11 36 6 4 16 28 47 12 92 96
25 79 20 103 122 3 73 77 0 21 118 36 64 122 86 80
113 125 78 84 105 89 120 112 93 8 12 13 21 105 109 46
56 1 21 50 5 94 127 5 116 117 41 52 111 0 4 96
125 83 52 102 44 44 86 10 53 99 23 74 76 4 120 4
6 14 54 11 108 53 16 96 42 57 20 25 57 25 121 54
108 46 29 24 90 115 34 15 86 57 89 34 62 82 38 68
96 92 79 76 17 95 45 59 24 65 84 82 90 78 8 70
124 37 95 86 25 1 102 111 59 63 18 121 17 56 61 113
21 12 62 38 107 107 98 3 44 54 85 7 4 94 77 0
3 44 87 28 46 61 12 105 124 30 98 14 86 31 127 107
43 61 18 22 40 116 25 85 42 111 92 47 77 41 47 80
86 6 109 4 67 121 109 64 23 79 78 109 110 77 89 25
11 107 47 51 95 72 8 9 55 100 56 4 14 104 85 100
110 66 104 50 59 85 114 82 36 64 63 18 13 24 43 24
98 6 96 93 106 27 43 109 41 98 47 83 77 86 35 92
69 24 125 40 89 55 17 62 30 72 44 103 43 92 118 13
98 86 107 77 114 22 58 27 120 106 110 69 64 18 33 6
42 31 46 3 86 63 65 116 7 109 91 50 73 81 64 44
39 43 121 25 65 51 53 58 29 35 127 94 53 33 100 95
64 18 99 22 81 36 10 88 18 101 11 91 54 75 7 93
118 0 119 55 52 44 113 81 79 113 47 5 18 19 100 82
37 71 104 118 108 114 79 126 87 90 89 13 37 97 106 27
97 97 82 21 13 68 103 93 53 22 98 71 42 70 25 79
14 1 70 122 115 21 120 74 111 81 87 20 50 65 47 20
35 1 41 48 69 16 13 122 39 111 65 81 54 90 32 68
91 102 62 78 123 54 24 106 7 111 126 58 49 45 78 84
47 119 4 116 8 18 111 47 1 48 0 55 11 32 123 102
7 57 53 2 111 77 109 119 61 107 49 110 25 127 66 72
118 70 60 126 88 43 45 90 92 45 17 103 78 13 77 85
70 2 87 54 80 68 45 13 48 94 123 73 93 61 17 83
3 77 82 92 121 127 54 85 45 71 60 123 84 9 80 27
12 39 81 92 108 126 105 28 92 100 101 57 33 118 12 36
67 94 0 60 94 54 17 11 126 77 6 82 87 86 109 99
125 62 63 105 60 40 5 24 12 106 81 45 96 94 81 36
60 82 96 26 8 114 37 6 63 43 89 22 1 70 121 127
5 56 104 65 96 110 90 108 88 43 25 57 9 107 93 70
61 61 96 69 47 6 76 111 49 37 5 51 107 127 50 112
55 26 50 24 8 12 4 97 55 30 26 65 9 119 7 70
52 103 11 100 109 87 83 31 124 88 82 104 87 4 88 15
30 10 39 39 22 43 8 78 73 34 15 82 25 22 24 77
125 36 49 107 123 4 10 120 93 92 96 52 96 56 67 126
67 106 37 89 22 45 39 95 79 54 50 104 76 74 54 74
110 103 53 106 108 63 98 73 27 66 125 123 122 65 121 61
43 31 23 65 76 62 33 28 117 83 4 65 29 58 11 12
34 64 118 14 127 88 87 26 26 84 21 20 21 15 82 65
46 105 2 122 39 35 22 28 118 27 94 20 85 105 32 119
