38 7 91 72 55 56 27 124 80 24 117 27 70 31 126 93
36 35 52 83 84 120 43 5 23 63 6 25 55 73 68 93
81 31 37 8 88 64 4 40 88 122 68 31 25 66 124 61
101 48 16 58 40 59 63 64 122 69 89 49 14 29 15 95
60 52 104 20 117 108 61 77 102 1 108 127 67 104 60 41
24 76 99 65 7 34 1 2 103 90 51 117 119 66 85 51
119 61 72 108 41 5 57 16 6 38 15 73 14 76 114 39
24 85 104 32 119 105 34 94 67 85 84 58 24 41 109 15
102 53 123 15 58 52 31 64 90 47 10 105 123 124 16 19
82 120 51 73 97 85 40 36 43 124 94 67 37 75 82 11
1 77 26 59 1 58 124 92 105 6 69 100 2 85 119 84
77 43 30 46 0 70 82 43 66 48 110 103 123 64 114 124
13 12 56 15 70 52 107 47 58 48 19 60 5 11 17 82
54 47 0 54 117 82 98 55 2 80 30 125 17 16 122 30
28 50 45 99 102 24 18 32 72 38 92 77 49 109 31 103
28 31 29 17 113 127 72 115 80 102 113 97 118 107 127 19
29 45 118 3 69 8 35 14 46 127 91 95 109 123 70 9
26 100 27 12 99 99 127 51 74 112 20 64 91 20 83 120
65 73 123 6 82 30 20 0 30 112 96 11 107 38 20 5
10 47 17 110 19 17 33 93 1 54 29 93 74 113 85 11
58 81 17 12 111 38 13 13 22 109 24 1 19 45 6 30
92 24 12 111 41 45 76 42 99 106 7 45 91 93 56 21
46 74 34 29 112 47 43 6 28 67 7 47 112 13 77 77
37 89 60 78 7 9 121 106 115 0 24 78 93 80 99 11
26 5 41 10 52 84 16 80 23 23 0 8 37 77 85 74
39 17 25 46 26 18 24 13 18 48 91 112 1 63 123 27
68 36 38 121 120 54 73 16 78 73 24 115 23 109 61 62
126 86 108 25 104 4 38 123 53 2 107 54 65 102 81 5
11 119 126 3 46 72 19 124 17 43 111 40 24 44 102 23
3 82 48 107 87 86 102 12 88 81 66 25 56 19 31 67
11 29 70 57 101 90 53 119 5 36 31 30 80 6 53 83
88 101 63 47 59 37 59 20 119 125 45 47 17 76 114 28
81 83 106 43 43 124 85 6 16 36 89 38 117 114 42 55
118 122 104 121 1 60 48 93 125 112 124 31 108 87 90 61
42 68 104 85 65 62 92 81 98 53 119 87 39 34 15 29
28 119 23 30 51 71 123 49 55 119 80 35 78 42 97 121
111 73 78 48 7 42 1 106 95 120 65 7 26 80 36 55
72 59 85 123 2 80 44 58 71 125 93 21 39 62 14 22
8 93 70 15 7 71 121 103 64 59 110 90 11 18 17 83
78 102 79 80 54 123 10 125 120 104 19 32 38 33 54 46
126 125 62 6 68 55 109 4 114 91 95 126 109 112 81 59
87 32 12 13 28 22 11 20 126 30 52 37 63 107 83 62
104 17 68 44 73 49 49 59 12 16 57 121 0 11 53 87
43 65 101 71 87 112 92 86 14 16 123 77 123 78 11 99
96 79 16 41 0 65 100 12 81 30 6 81 41 59 41 84
124 14 28 83 126 120 41 12 8 36 89 4 115 101 103 83
52 119 124 53 56 96 65 9 126 71 91 39 2 4 124 126
18 24 82 16 16 123 28 24 32 117 28 19 90 4 102 15
123 98 68 52 66 5 61 65 77 24 104 79 28 100 78 46
124 32 62 12 27 90 37 59 80 65 78 42 69 52 57 65
22 125 117 89 3 50 26 80 75 2 31 103 103 109 22 99
13 84 112 41 47 21 100 127 86 51 41 28 103 99 93 126
96 82 87 99 4 113 51 79 115 83 55 90 64 77 62 78
33 46 119 80 67 91 79 25 14 121 53 118 92 18 116 60
100 75 32 105 60 83 56 47 38 111 10 103 60 72 53 94
118 44 46 57 7 126 82 22 119 8 12 83 26 0 15 127
75 47 104 7 3 32 54 41 16 64 16 76 8 69 42 126
113 89 55 121 87 10 15 78 18 27 33 44 27 48 43 102
96 19 109 99 52 35 12 68 100 29 16 108 98 59 107 84
20 34 77 107 44 92 57 62 119 90 107 18 10 22 120 106
42 101 77 94 8 90 34 108 119 50 89 89 109 68 45 1
102 122 108 19 86 37 81 77 127 60 95 10 83 87 116 125
60 66 91 69 28 125 49 19 47 10 108 29 78 26 30 53
20 11 72 107 48 25 56 48 86 24 58 41 111 46 38 44
112 102 22 17 55 37 1 31 80 30 54 30 120 118 103 61
79 26 50 31 27 28 26 26 125 119 120 30 19 67 50 3
41 72 21 96 109 22 0 62 52 54 92 44 44 67 105 123
93 27 26 120 56 52 19 53 43 11 83 62 78 5 66 120
77 87 88 59 109 88 121 33 14 85 77 58 24 54 53 117
82 79 109 10 3 0 63 47 11 18 109 90 23 47 82 100
6 42 31 115 3 24 20 17 109 97 76 5 24 1 122 106
81 104 116 84 104 51 3 116 69 113 78 92 32 32 64 39
74 96 26 77 120 47 95 102 16 43 107 40 44 102 18 125
78 6 82 54 57 85 42 126 70 120 90 103 24 27 14 99
123 40 48 115 87 15 89 104 58 69 16 103 43 35 100 121
41 54 47 99 12 90 97 82 82 60 57 107 87 71 78 82
112 126 69 71 14 31 47 72 100 64 47 15 99 20 8 12
74 55 111 86 17 81 41 100 13 98 79 100 42 29 54 26
27 123 97 41 26 17 114 126 81 33 13 52 53 21 64 0
77 48 86 94 1 127 66 14 98 17 114 12 46 40 38 74
35 7 115 62 24 101 60 105 7 74 29 60 95 94 60 44
14 19 11 15 18 77 29 116 95 15 0 13 55 38 87 90
46 75 24 70 48 85 48 55 31 77 116 126 43 48 43 57
67 54 72 86 3 101 74 98 116 75 112 43 113 71 6 31
18 30 102 67 115 22 122 18 99 110 17 15 31 60 72 98
114 17 56 117 118 3 88 107 78 72 22 63 15 28 95 34
59 69 101 46 91 95 65 62 78 82 77 109 14 22 79 0
39 8 117 29 11 77 8 89 21 31 24 37 59 119 71 118
60 44 37 23 11 102 86 89 56 35 70 70 57 22 70 96
30 59 126 41 9 6 2 30 37 26 67 97 18 10 87 78
54 124 102 66 98 60 27 26 95 98 96 25 120 38 121 22
98 119 63 107 126 65 9 35 91 77 4 109 87 92 60 14
88 34 80 59 94 107 85 61 77 54 86 69 92 80 91 62
71 26 41 69 91 51 105 55 0 109 36 87 73 96 101 34
2 53 93 96 33 50 30 110 104 116 52 69 68 15 3 12
42 45 81 5 96 58 60 96 40 97 55 113 65 29 19 68
109 120 77 74 2 92 65 76 87 56 117 64 101 47 91 112
83 121 110 88 51 68 51 105 11 87 1 84 106 30 62 87
23 12 33 25 104 98 102 63 26 91 0 0 10 91 112 93
84 94 53 7 34 104 113 46 63 114 2 41 16 65 0 39
77 33 65 53 3 39 117 30 2 117 30 12 80 14 105 36
109 30 43 15 7 28 61 70 14 64 112 31 1 112 70 78
18 7 3 21 46 120 51 48 109 81 60 61 96 37 97 77
68 13 92 75 41 26 17 56 90 1 87 91 114 29 41 4
37 44 25 83 37 77 4 18 30 64 80 126 102 49 75 42
62 40 117 104 66 6 32 28 8 119 119 122 20 32 126 57
76 23 13 113 100 17 4 3 81 84 1 55 5 77 97 68
117 86 44 55 93 76 83 101 67 74 95 87 106 93 17 54
116 30 40 89 47 44 92 0 0 93 56 5 42 25 73 31
112 117 86 77 65 41 50 4 115 17 92 93 110 109 20 98
11 60 59 58 104 23 58 104 117 114 109 31 12 55 63 124
44 21 73 110 63 123 114 50 12 78 16 122 59 36 92 70
96 24 0 72 47 59 48 36 45 29 68 57 84 3 53 1
24 126 111 87 121 97 10 5 48 26 127 107 62 92 50 30
116 50 102 35 109 22 72 27 51 12 84 8 15 10 9 39
8 120 127 2 89 9 7 9 35 7 117 97 99 39 127 87
89 101 122 71 123 66 98 46 78 54 54 93 64 63 5 73
55 4 75 17 13 82 26 48 89 15 17 60 54 16 19 16
117 14 87 112 80 57 30 31 111 85 124 48 20 1 121 76
5 68 93 18 22 119 66 112 7 83 44 61 99 64 77 88
78 36 72 30 93 103 61 77 60 58 125 80 59 118 28 65
58 121 83 80 113 22 64 120 105 109 53 77 45 3 37 123
39 110 25 5 85 87 82 17 17 79 97 76 69 126 13 127
119 97 79 104 119 16 96 96 125 22 45 42 25 83 37 64
65 62 69 22 21 23 39 38 102 8 115 43 6 0 42 126
97 122 102 88 10 71 57 7 93 102 49 118 57 86 54 122
20 124 16 42 19 55 80 122 64 67 37 70 68 80 68 37
74 43 126 84 114 55 91 79 29 12 69 87 98 123 81 118
101 93 49 21 5 120 23 16 94 125 94 67 82 85 120 41
65 118 106 4 8 33 48 58 120 11 58 114 115 7 21 88
100 70 109 105 62 4 121 29 1 88 96 84 45 88 125 110
78 103 114 87 9 34 17 1 46 75 116 33 82 9 121 54
79 102 31 13 106 24 42 108 112 10 64 29 98 61 11 49
37 125 8 46 32 25 47 78 100 35 111 54 44 104 108 123
78 11 9 56 35 51 36 20 62 100 49 32 34 61 81 71
58 89 117 90 114 36 40 86 72 23 12 116 127 120 112 77
3 121 6 39 44 42 59 106 15 108 11 49 41 92 120 100
54 109 62 40 17 103 127 89 126 11 78 126 4 62 75 7
55 81 46 99 124 105 78 11 86 89 60 127 53 52 99 107
33 34 20 50 9 19 12 7 30 90 5 34 24 81 42 79
34 88 50 30 66 0 41 24 89 101 23 15 25 123 122 58
29 14 109 38 33 121 45 64 83 51 98 107 4 12 58 38
101 108 69 39 109 110 63 70 84 86 85 109 81 80 40 110
94 21 20 0 14 66 64 97 117 34 76 121 47 6 31 20
114 100 59 95 83 122 38 39 80 123 20 34 75 60 16 42
81 37 42 95 103 106 64 92 12 12 85 59 18 116 79 5
89 10 100 44 4 10 83 85 6 103 119 81 36 7 123 117
44 37 85 19 15 21 111 28 34 68 87 52 57 39 57 18
49 30 62 54 40 17 11 46 120 2 0 28 9 123 18 54
33 103 73 48 124 57 76 30 125 36 83 54 75 12 72 124
42 6 50 83 23 61 1 16 63 1 44 73 125 62 127 30
37 72 78 34 1 27 64 127 63 19 53 10 32 126 6 74
4 57 29 28 118 31 44 54 32 88 127 29 23 126 59 60
70 10 94 72 37 31 71 100 50 124 110 82 122 116 29 127
45 58 27 36 89 71 90 122 31 89 23 54 87 83 115 29
93 81 101 2 112 44 102 35 41 84 117 35 72 18 34 118
77 61 26 38 4 116 32 36 77 56 90 36 11 77 65 104
31 39 106 15 83 80 50 124 36 40 32 108 58 66 98 7
0 124 46 4 112 78 40 61 6 3 97 17 80 35 121 111
74 99 127 29 51 49 26 87 89 58 68 20 124 38 27 124
96 109 108 104 50 66 99 93 107 1 10 105 52 26 18 87
51 46 74 3 125 18 11 35 84 121 122 24 61 39 104 29
21 84 5 71 22 104 36 1 106 46 106 30 73 124 117 124
43 63 127 40 81 10 75 37 3 69 61 64 109 37 93 2
121 98 73 15 75 109 16 53 27 123 83 100 119 72 97 34
7 96 75 89 107 22 126 110 92 60 47 73 97 12 75 91
111 20 106 58 1 123 111 28 118 66 1 109 10 98 16 17
66 91 106 45 113 105 28 77 37 75 22 6 87 97 97 70
117 76 0 118 71 111 19 61 49 20 42 59 118 58 77 56
21 55 102 7 32 2 84 69 77 107 76 36 76 45 107 66
121 107 56 64 91 75 125 12 95 40 72 85 98 21 14 120
76 116 127 109 118 83 50 67 62 126 103 11 44 82 77 37
62 5 102 25 81 99 37 48 11 109 6 110 2 20 102 79
8 101 60 126 56 110 65 119 109 40 2 25 123 79 62 57
84 36 82 37 8 119 86 19 101 92 1 103 112 103 54 120
76 114 118 5 97 55 124 78 95 126 103 90 77 37 19 33
74 101 71 82 93 29 101 66 121 103 41 105 78 96 97 27
82 87 32 51 14 28 1 109 26 104 72 103 14 91 8 88
65 79 42 30 108 15 96 101 118 9 78 69 105 47 96 60
6 0 111 20 28 113 2 54 89 74 29 103 37 37 63 102
117 105 4 97 121 100 71 111 110 21 52 87 69 20 19 75
20 3 96 48 116 98 102 77 44 3 53 81 41 116 56 30
94 60 127 87 33 70 70 15 92 123 102 33 15 122 108 36
125 76 84 113 46 59 62 90 62 115 44 103 104 100 5 70
32 5 29 65 75 99 80 39 94 55 72 110 49 53 18 46
1 102 31 48 33 93 10 96 81 54 71 57 26 77 127 59
82 28 124 29 127 77 69 94 4 13 76 53 66 94 99 68
68 2 116 102 95 126 70 48 53 13 105 79 90 104 10 44
4 7 74 4 84 15 98 88 28 46 13 95 12 112 35 80
114 23 54 81 21 124 2 74 10 107 26 100 84 36 17 88
43 91 92 127 106 62 87 6 108 100 101 120 84 8 73 70
31 127 24 53 124 26 127 6 5 25 106 89 62 123 50 105
100 10 40 51 13 38 55 6 115 23 72 88 10 42 83 127
22 40 122 98 95 50 0 120 80 54 101 12 122 0 61 94
11 101 18 24 11 73 30 126 96 102 86 106 17 41 106 39
82 100 9 49 22 9 42 102 63 15 114 57 16 47 23 27
20 41 51 31 114 82 29 83 56 115 61 73 29 39 112 111
11 121 32 33 2 74 8 65 90 122 122 106 42 18 5 62
59 56 94 46 10 123 1 67 111 62 12 12 102 125 123 113
118 27 19 121 102 27 58 64 21 53 42 63 71 47 126 2
103 92 48 114 87 49 53 70 112 65 82 86 62 77 71 53
105 90 46 79 117 104 15 11 29 57 74 100 104 72 103 79
36 23 65 124 73 118 66 57 56 21 15 118 98 86 43 75
49 89 26 38 66 41 49 95 98 124 68 74 68 43 26 105
66 91 101 11 82 39 68 10 60 83 0 31 42 44 106 91
5 5 1 71 46 51 39 17 47 107 91 115 22 117 92 88
81 65 100 35 105 40 45 37 124 45 68 38 89 47 1 95
52 2 38 98 53 77 115 100 56 79 88 78 68 52 39 21
118 11 56 95 51 101 4 47 19 73 85 108 120 86 75 44
89 114 14 14 63 2 115 120 81 75 70 21 127 109 43 117
120 99 84 44 73 89 91 92 34 49 72 26 7 20 70 96
6 84 111 69 86 98 61 39 45 4 61 44 113 104 34 106
75 118 22 20 79 113 112 113 34 57 11 42 77 81 10 83
38 121 24 124 91 86 36 8 90 97 53 75 73 87 53 20
77 75 41 29 61 25 14 95 82 26 9 31 107 20 114 17
13 11 14 105 97 50 113 59 19 38 6 92 125 60 112 75
7 25 104 68 51 118 36 5 16 45 37 124 65 23 13 79
34 27 56 3 77 41 62 96 80 69 60 77 1 45 24 8
70 0 77 121 119 113 127 7 30 36 3 96 59 17 47 94
44 103 97 122 16 32 90 96 101 23 46 102 68 70 110 10
71 59 4 62 44 3 69 75 39 73 43 98 90 90 64 6
65 34 0 81 66 91 50 39 114 96 13 54 38 123 64 109
55 68 43 99 71 113 46 110 58 89 81 20 51 17 26 116
51 27 70 117 118 120 28 104 88 41 30 126 37 94 108 92
57 80 119 65 126 17 65 1 99 31 25 93 3 77 66 36
83 51 106 60 114 68 8 94 24 30 38 21 51 1 123 108
82 114 46 80 3 111 82 102 15 107 67 18 56 6 54 11
57 32 71 43 100 80 9 125 110 47 18 33 49 13 14 3
127 60 83 2 43 37 105 58 17 44 76 73 50 2 85 107
35 28 22 7 108 31 4 90 79 23 124 0 36 10 3 36
70 86 38 113 124 15 44 13 60 120 86 110 123 43 90 30
72 112 37 52 16 42 15 95 65 11 95 101 21 98 9 91
56 48 76 52 63 120 65 123 113 24 106 108 67 68 10 11
52 47 64 68 89 79 35 26 90 2 0 111 100 9 74 29
57 22 81 121 15 19 116 0 43 94 108 110 34 118 122 87
37 58 27 127 9 63 25 99 65 25 82 38 35 28 67 92
50 20 85 65 39 74 65 82 40 45 65 75 35 59 34 73
117 61 72 126 124 97 97 62 123 51 100 30 79 39 122 1
59 80 67 99 26 4 53 66 50 118 13 85 49 47 30 38
109 102 36 105 72 5 39 67 56 11 97 7 50 91 9 110
43 76 81 69 80 6 8 2 125 21 88 46 69 118 85 50
93 121 27 37 127 67 104 55 78 73 63 1 36 72 111 80
20 64 21 100 70 29 103 67 51 63 114 120 53 71 42 18
64 69 55 63 8 31 119 87 104 54 88 13 126 71 93 18
7 114 118 77 16 93 17 67 28 3 59 82 74 101 100 10
42 28 74 51 59 65 10 36 119 98 49 117 41 14 7 48
0 125 125 16 91 14 83 119 17 14 73 91 115 46 102 30
74 48 81 5 113 91 41 104 61 90 93 102 104 100 22 105
97 19 121 60 34 77 52 51 91 125 15 79 43 117 109 117
37 62 123 22 25 36 126 86 127 91 60 103 63 82 80 32
101 74 93 7 23 17 59 114 14 74 65 58 63 46 47 100
108 42 122 5 79 120 91 78 83 23 53 18 105 6 50 79
80 15 86 103 32 17 89 47 91 27 105 26 73 24 126 54
67 120 59 18 112 23 96 67 46 21 85 24 27 8 103 107
23 61 82 56 79 44 103 42 71 80 69 16 104 67 70 43
60 2 61 44 25 29 112 71 51 69 95 78 77 70 58 101
8 97 55 120 113 80 115 120 57 39 15 31 34 23 98 103
19 107 35 111 45 33 90 99 120 102 42 32 120 42 88 0
11 15 121 124 95 108 116 24 19 3 55 53 26 26 28 45
5 64 28 50 97 118 22 89 92 64 121 84 106 81 85 117
96 78 113 64 58 101 88 77 104 16 2 2 42 31 47 47
95 76 97 64 66 119 25 31 55 18 115 33 99 72 22 67
22 7 3 80 108 92 29 84 108 32 86 22 63 6 69 30
82 38 94 20 30 119 51 85 9 39 119 108 111 13 47 6
21 51 86 1 15 116 86 123 20 44 17 83 50 86 113 4
124 79 25 26 70 76 112 79 115 103 59 99 116 106 105 9
29 63 11 44 51 97 39 71 13 56 26 64 14 11 68 11
90 93 37 32 42 21 111 29 124 42 0 113 21 105 122 50
41 5 95 92 102 6 36 116 63 62 52 77 74 120 88 36
86 126 69 0 19 52 29 16 95 30 1 116 7 123 38 48
1 5 13 103 12 49 91 75 111 15 24 57 8 113 94 94
111 35 94 2 87 123 18 54 25 19 42 33 15 81 81 16
86 94 119 98 15 83 45 127 98 70 56 106 55 22 72 38
57 38 40 17 34 59 71 59 78 114 92 93 67 46 109 25
12 101 124 28 56 41 27 26 111 83 5 38 106 77 76 35
116 117 52 22 48 124 81 126 110 46 92 49 92 73 74 104
46 70 4 102 112 31 1 95 115 6 6 93 83 82 0 71
71 53 93 119 49 47 118 31 93 82 80 57 27 26 33 74
97 38 48 81 69 49 48 56 55 54 21 11 9 22 82 80
75 48 72 124 95 62 27 60 16 107 117 43 5 22 117 102
60 38 55 2 87 104 58 15 30 80 26 39 102 108 120 49
28 64 45 123 126 72 55 14 51 44 57 56 67 47 31 127
85 86 1 44 62 60 59 93 12 85 4 114 66 124 35 94
60 80 90 58 24 17 72 75 62 2 3 1 49 34 0 6
121 2 50 55 62 110 20 74 67 25 60 5 21 95 100 82
47 62 12 71 79 85 18 13 87 21 14 8 56 15 14 49
17 64 104 79 46 125 25 114 22 85 119 43 52 91 125 99
25 10 42 105 95 60 118 54 81 5 62 9 20 76 58 37
16 45 6 112 22 33 72 102 47 92 86 68 73 125 12 36
12 99 34 65 31 65 69 12 30 24 26 93 47 13 99 63
59 105 47 81 10 120 55 58 84 13 126 29 10 10 65 23
110 99 88 13 37 29 25 67 53 51 32 101 64 4 36 123
109 84 76 120 76 3 50 32 17 48 62 27 58 127 50 40
99 10 53 8 40 78 75 93 1 107 66 66 111 103 61 93
59 10 85 7 13 7 39 30 55 101 58 113 101 108 26 72
119 79 80 31 30 27 124 31 6 63 97 118 38 31 83 97
41 40 104 54 47 15 85 102 117 15 87 90 123 113 34 114
65 114 17 95 13 14 126 19 77 96 9 115 127 92 84 40
4 60 94 51 75 51 25 64 66 113 26 62 98 60 48 35
46 66 2 59 80 1 79 29 97 88 16 96 53 100 8 57
32 102 109 107 26 6 44 92 119 70 26 90 3 75 125 49
13 0 109 93 1 60 122 98 20 10 66 73 110 74 3 14
48 112 121 74 118 37 39 110 108 65 72 111 12 69 32 25
69 13 118 70 73 112 40 94 122 106 39 104 52 42 118 101
26 112 47 17 21 86 127 1 24 71 112 36 12 17 62 82
30 52 24 104 37 65 70 31 43 109 8 96 24 126 69 50
110 116 67 4 75 66 5 99 9 118 7 22 7 69 104 37
122 0 13 31 65 83 62 109 65 70 77 89 69 18 11 51
6 79 55 81 17 61 52 27 51 60 49 58 1 25 95 123
25 109 26 91 64 89 72 1 31 21 90 100 39 102 24 45
53 79 127 70 12 51 97 63 111 18 121 113 43 89 108 69
70 7 32 6 96 104 8 127 125 98 100 36 72 124 81 125
75 80 68 88 4 37 23 115 56 17 100 99 106 81 40 48
88 72 54 56 48 62 55 45 33 27 81 105 23 35 103 99
115 43 59 119 80 82 107 8 99 79 108 77 32 20 125 120
93 52 48 13 114 104 59 19 3 12 125 27 47 100 126 35
15 57 26 95 11 5 104 111 85 84 60 117 104 58 110 69
110 30 83 96 6 14 116 10 26 113 37 74 85 35 109 100
92 7 67 103 13 43 86 98 127 19 87 104 77 69 45 59
100 0 27 106 14 15 116 41 0 25 115 85 60 96 57 24
