6 60 62 31 7 21 28 25 87 90 16 78 17 77 46 11
64 78 86 99 0 5 16 107 110 76 87 70 48 94 107 54
26 41 86 33 63 114 59 22 76 75 100 93 24 18 104 88
97 63 60 97 68 76 76 50 24 36 120 72 2 100 127 28
13 85 62 76 71 121 99 19 68 71 112 93 90 88 53 59
23 113 28 91 61 105 14 85 13 6 30 15 106 29 43 120
114 105 68 57 98 39 76 39 111 60 4 73 20 57 4 44
43 32 7 104 9 21 62 22 28 92 37 6 121 81 126 107
58 67 36 29 106 112 68 89 44 72 34 64 1 38 108 44
71 116 21 80 9 83 103 37 47 12 44 40 93 42 19 24
109 55 53 88 39 121 49 83 65 84 19 66 122 0 111 65
116 4 18 125 87 121 35 6 5 79 46 99 121 65 123 103
120 48 63 31 41 112 114 106 68 5 44 63 5 27 0 121
31 18 119 118 11 26 124 17 105 42 116 98 107 111 73 99
31 8 2 72 121 116 50 61 122 94 124 127 122 125 121 25
15 112 16 27 10 12 44 115 55 32 85 34 15 31 6 46
39 8 118 32 125 40 94 119 6 90 118 0 87 111 26 103
95 42 2 105 54 46 92 109 78 50 16 93 81 22 11 120
30 1 25 27 41 119 18 47 81 9 48 41 120 74 16 88
116 18 65 42 64 30 24 14 80 40 107 33 62 118 25 92
119 50 120 32 41 10 79 123 19 127 36 12 73 52 100 61
70 37 104 6 67 0 20 19 40 127 52 102 117 78 66 108
0 58 12 42 69 91 37 88 91 73 100 36 125 72 98 67
110 74 73 49 74 93 69 114 92 121 88 81 71 26 61 72
85 73 114 26 36 23 114 127 96 87 36 93 31 6 32 13
80 105 63 26 70 4 12 34 125 100 115 69 126 48 13 83
121 127 109 29 22 96 29 118 55 65 83 86 71 115 100 23
92 35 49 34 39 61 68 36 33 55 105 31 103 118 115 96
117 96 125 11 64 26 1 119 91 84 78 34 71 50 57 35
85 106 69 124 39 9 32 72 64 10 104 39 0 91 7 118
59 5 1 124 31 3 115 123 87 65 29 31 115 87 66 72
65 8 68 105 17 101 49 82 111 25 121 111 116 1 101 48
39 11 61 56 11 61 20 114 82 113 5 125 37 3 90 19
66 27 1 86 30 55 111 63 118 22 0 122 33 5 72 72
16 6 0 27 67 20 14 21 5 19 18 42 22 109 62 89
8 63 47 39 118 30 102 109 52 103 103 85 108 48 29 124
54 29 24 121 49 38 14 55 57 32 97 79 13 31 40 22
94 87 61 85 117 35 66 41 10 41 126 118 89 27 115 15
56 11 8 106 49 22 33 106 55 2 57 68 34 98 90 0
57 23 85 47 59 23 88 69 65 87 60 26 114 47 42 43
58 50 21 107 73 54 85 0 56 14 68 90 112 31 91 42
54 48 89 113 72 49 55 9 8 115 35 123 34 77 38 92
0 59 71 73 113 28 73 41 42 13 4 27 44 95 69 99
15 30 84 87 79 11 96 88 126 4 83 32 81 121 124 81
52 67 26 37 95 99 78 10 113 82 37 29 49 106 0 65
8 85 24 87 96 121 47 95 125 2 127 78 123 124 32 47
63 58 84 31 30 35 41 15 117 78 44 39 56 45 104 64
2 0 23 98 121 71 65 118 73 65 69 69 61 101 116 124
31 73 27 61 108 68 76 97 18 121 8 74 38 112 10 40
113 34 10 106 105 76 97 50 13 38 119 74 11 108 70 42
53 98 104 33 38 52 2 57 45 11 3 83 123 14 123 108
48 6 87 25 82 56 75 95 94 67 41 105 47 111 19 100
81 123 5 120 48 7 49 93 18 52 49 14 66 44 122 114
50 81 11 4 9 87 99 103 26 12 80 73 124 100 45 77
95 50 69 15 57 118 109 76 43 30 90 109 74 84 96 125
38 107 1 47 66 101 23 92 113 103 37 109 75 82 59 43
4 0 58 62 119 39 10 34 69 100 15 16 56 111 13 94
91 14 14 29 115 37 122 101 12 31 82 88 114 13 3 118
14 61 52 5 101 62 39 42 34 54 58 91 38 71 57 1
86 71 30 73 108 24 46 121 56 1 81 42 14 84 32 28
17 85 33 118 19 72 33 54 127 91 17 37 35 74 38 121
18 68 66 126 93 113 119 21 114 72 63 0 28 95 29 46
52 62 36 72 7 69 126 6 33 15 43 68 89 81 61 107
21 127 106 114 112 97 7 98 42 70 99 70 38 0 116 90
66 26 38 80 36 71 54 76 122 58 12 14 125 35 3 85
35 3 40 3 69 67 102 60 5 120 39 76 30 51 33 97
77 71 49 113 14 103 61 8 33 74 22 30 109 26 115 16
29 28 19 98 95 121 30 100 113 69 48 16 120 81 113 69
24 34 54 39 9 116 47 42 62 70 72 43 96 60 59 125
88 78 95 55 71 125 27 56 67 75 72 59 29 57 1 53
91 55 92 100 43 12 14 105 82 87 20 50 19 79 47 107
29 14 34 100 11 61 29 78 8 101 10 37 31 11 91 122
66 55 95 110 67 109 87 21 68 108 71 87 59 118 66 89
4 100 61 16 33 90 94 42 64 104 79 95 115 42 89 54
98 56 36 37 38 123 59 106 103 2 66 35 121 4 124 125
105 57 13 10 20 108 52 84 84 4 51 72 46 12 126 16
69 34 54 107 29 113 85 5 115 23 40 108 28 36 106 5
93 119 15 113 99 68 69 56 72 120 0 118 5 126 7 74
32 61 53 61 46 10 66 33 34 106 14 62 14 120 67 108
111 82 93 83 22 35 11 94 27 11 85 32 9 92 106 41
25 31 102 71 42 41 104 76 19 118 10 34 110 77 14 94
31 107 49 54 14 60 20 42 71 105 74 80 69 53 121 94
84 95 37 126 8 14 74 28 4 84 62 115 33 76 81 65
55 2 119 70 62 11 112 5 117 58 85 58 111 78 25 68
45 62 66 54 76 13 82 81 97 16 68 3 92 21 68 19
23 59 89 85 70 73 90 59 4 47 118 115 125 15 55 42
77 122 96 26 7 50 107 104 66 47 107 30 68 47 50 91
106 11 48 49 85 10 108 89 57 98 76 54 113 4 96 63
126 65 89 5 115 68 109 54 115 89 84 55 8 6 18 115
18 66 36 103 76 16 64 5 115 12 59 100 16 27 35 14
92 124 19 80 64 1 6 51 90 90 106 98 97 124 85 115
62 121 90 10 10 26 15 125 38 74 97 55 102 5 69 66
1 89 18 66 90 24 117 52 115 96 22 84 92 108 71 27
101 33 37 111 59 53 108 97 127 78 24 101 83 94 40 84
55 58 22 17 83 12 69 70 108 91 26 72 71 97 99 45
2 9 28 61 62 9 30 61 87 55 35 42 21 75 126 76
79 7 39 81 68 1 103 127 66 9 10 125 111 46 25 71
66 29 71 15 113 17 59 12 101 28 10 55 107 33 73 59
40 112 12 108 114 115 107 52 124 117 50 108 35 75 51 101
104 122 116 89 11 47 102 112 76 112 39 55 17 113 114 57
97 127 38 83 114 17 8 111 7 58 91 42 5 14 16 109
9 4 70 20 52 44 5 0 28 44 55 45 29 42 103 127
41 13 82 27 30 90 10 37 20 101 80 25 116 96 6 125
100 77 17 24 121 22 24 22 67 80 67 96 122 42 95 35
55 50 62 86 12 73 123 33 46 75 58 34 43 65 31 16
14 49 40 7 71 65 29 10 17 97 107 11 11 74 46 67
124 108 25 9 53 20 42 100 96 100 6 11 37 38 27 51
87 68 59 30 5 88 41 22 57 20 33 69 94 79 8 91
59 33 100 113 53 14 85 21 114 91 33 24 1 60 75 88
0 6 119 5 95 32 27 24 52 60 93 18 11 101 109 71
6 81 56 60 95 13 81 82 104 114 106 106 47 53 66 47
60 57 53 27 89 80 51 13 13 17 32 24 118 13 95 125
95 23 57 62 36 10 16 13 125 122 119 44 48 57 91 108
115 16 7 76 97 58 90 110 75 122 6 66 7 102 63 102
125 120 37 34 2 53 47 127 48 38 43 96 95 7 76 82
23 83 31 120 13 121 102 89 115 109 27 122 83 90 97 80
82 6 114 84 59 33 84 107 71 127 75 39 6 23 121 30
106 24 22 120 17 125 81 4 106 108 127 61 70 96 13 24
102 0 108 33 33 64 13 105 64 88 16 70 112 9 100 90
34 123 82 51 120 35 56 98 15 55 31 85 23 44 109 125
44 90 30 78 26 43 55 90 4 71 33 116 80 5 78 114
0 33 38 120 68 94 90 84 21 121 41 44 38 23 41 82
113 71 32 11 115 87 102 119 30 7 107 111 12 57 97 13
90 7 5 31 101 96 115 122 89 28 38 127 51 79 82 36
23 114 48 10 74 22 1 104 29 108 87 41 37 57 54 0
64 60 31 38 28 18 32 117 46 71 117 98 22 71 6 45
57 54 55 3 76 56 108 105 36 67 19 74 124 73 74 61
5 105 99 33 123 3 23 41 74 12 11 97 83 18 14 12
93 120 91 59 17 23 82 45 39 88 75 63 27 38 51 44
98 123 33 58 104 97 77 95 29 76 80 118 120 32 110 85
24 73 16 41 97 98 86 8 59 33 71 86 72 123 2 42
118 35 100 94 4 49 61 34 125 14 24 118 46 7 75 70
80 92 111 49 62 70 58 121 103 1 79 47 124 81 89 114
117 62 81 121 111 14 27 109 28 52 99 74 59 46 16 11
10 0 61 73 70 119 66 45 120 18 93 117 99 54 103 88
116 56 82 100 71 109 81 99 33 52 46 92 98 62 104 109
62 37 54 4 28 120 50 20 10 15 9 110 69 113 70 58
41 24 30 112 6 111 84 39 35 2 4 5 64 108 114 127
17 40 3 45 33 53 65 43 68 75 25 10 60 96 68 101
120 98 86 126 81 42 38 116 44 42 121 108 22 108 107 39
20 111 84 53 36 21 97 105 96 122 115 28 90 55 2 83
25 88 81 106 2 119 94 46 33 87 26 55 67 6 94 88
117 50 13 25 72 110 2 40 105 117 69 67 44 71 22 69
31 104 47 33 95 13 79 1 101 105 56 40 111 23 0 100
73 14 126 17 124 0 58 101 118 127 41 34 70 63 104 101
39 23 6 7 37 85 8 10 62 64 50 46 87 51 18 33
65 16 50 61 17 108 35 7 107 76 41 49 11 17 22 51
41 28 58 78 113 66 88 48 2 10 94 90 61 112 123 126
1 45 60 18 26 95 25 5 43 66 55 54 84 77 105 125
106 35 75 91 101 35 11 104 45 105 66 107 90 61 105 91
106 37 109 4 4 6 10 47 72 65 102 28 14 79 25 120
115 100 84 88 7 95 64 53 73 2 32 35 63 9 126 42
47 107 46 51 113 56 99 57 121 73 86 8 24 111 0 11
84 84 100 91 52 36 16 125 39 48 32 102 58 30 16 105
9 63 28 122 119 127 51 113 72 9 121 97 121 121 108 77
78 80 40 2 117 57 127 28 105 31 2 35 61 19 12 70
82 41 64 73 40 115 58 113 125 51 82 118 45 62 67 123
15 107 125 4 36 124 32 14 27 34 49 88 53 62 30 7
103 94 81 15 81 11 0 78 63 82 68 108 17 7 103 32
115 100 36 23 96 68 37 123 102 87 83 28 21 113 35 124
47 95 74 87 93 51 121 119 22 30 4 12 73 41 75 91
56 68 34 17 24 22 102 32 65 2 33 37 40 40 102 87
8 48 46 101 99 40 93 121 70 97 5 15 11 80 106 67
20 13 84 44 35 59 76 100 61 109 10 101 21 112 60 29
32 106 3 3 18 96 124 88 65 1 103 76 81 82 15 101
95 100 17 2 31 93 103 92 74 113 65 95 97 125 125 1
103 0 4 122 96 0 82 33 1 58 110 82 12 125 55 107
97 72 109 0 37 84 92 111 69 29 78 38 26 75 39 2
75 43 124 43 43 78 77 44 8 59 126 20 56 53 127 26
125 109 26 34 65 119 17 7 20 96 45 47 43 85 49 119
0 45 34 44 123 111 88 4 42 87 24 99 12 24 125 10
5 23 44 70 14 62 77 35 30 123 82 73 80 3 64 80
48 99 124 43 82 85 47 125 44 72 96 56 96 93 66 101
116 111 43 3 45 121 38 75 116 120 20 68 123 85 20 43
56 17 86 10 102 6 7 18 78 103 74 46 68 13 19 57
124 62 60 41 55 98 116 43 90 8 111 85 93 4 0 21
21 86 32 123 92 39 13 42 15 87 88 83 100 107 12 96
42 72 9 97 42 125 13 4 6 124 89 99 0 89 121 21
48 25 16 12 64 29 55 79 117 15 35 89 123 47 58 37
120 67 6 34 65 19 39 71 16 0 42 16 90 35 38 10
60 54 22 125 84 77 76 73 93 111 34 88 31 92 125 23
32 3 57 97 23 96 40 39 97 82 55 59 118 93 69 50
20 91 47 104 41 124 49 6 107 83 94 10 48 91 33 80
94 91 49 117 59 89 28 28 43 84 87 33 49 28 84 69
120 3 45 33 127 94 39 107 50 5 117 98 96 23 50 62
114 99 52 45 60 80 74 103 36 33 9 86 62 93 27 54
96 73 87 96 39 126 75 89 3 64 59 99 87 109 33 73
80 85 119 12 38 65 116 74 98 125 32 32 90 60 86 58
5 45 26 44 43 101 6 46 38 65 17 125 47 51 71 127
8 62 12 46 127 0 121 97 125 25 2 87 85 88 17 90
6 44 7 49 17 13 96 55 78 113 53 125 36 124 125 45
58 9 91 57 9 84 26 6 110 28 93 67 117 110 30 123
110 76 62 58 10 59 64 61 46 44 59 124 98 37 108 53
14 95 11 28 125 78 13 46 93 83 53 94 61 108 26 44
56 89 102 66 20 38 0 67 82 59 63 52 96 43 105 110
10 117 10 7 67 24 54 32 107 107 127 41 87 25 85 15
114 59 82 7 97 82 74 51 13 9 104 109 53 81 91 63
70 101 71 10 125 125 42 105 104 41 18 63 67 103 78 53
34 32 60 3 114 6 54 127 16 30 108 69 112 71 4 54
45 75 64 42 72 107 19 48 20 37 111 87 12 62 13 46
94 73 49 81 80 104 80 96 6 61 37 118 4 41 45 49
117 109 92 61 88 111 110 109 21 93 68 33 27 81 80 122
27 1 75 107 105 27 75 112 88 112 102 93 25 19 14 14
1 106 76 89 90 58 70 111 23 11 16 51 92 96 45 119
98 120 98 75 19 45 59 108 29 34 73 55 53 87 69 54
66 17 16 28 75 86 11 99 97 27 22 62 124 67 53 94
59 24 41 78 69 101 58 99 7 3 26 60 91 95 115 29
113 3 57 60 89 68 31 59 95 53 121 91 120 46 57 51
70 99 2 12 72 60 111 79 64 9 11 27 104 126 56 89
1 113 22 91 53 53 22 20 107 15 112 99 61 41 23 4
12 25 16 84 85 127 35 21 8 47 48 112 45 104 74 47
89 96 10 14 21 32 35 0 47 19 100 108 60 123 112 73
20 0 29 105 127 65 127 7 112 47 120 29 24 66 76 113
34 86 0 55 118 35 56 37 54 28 18 114 23 2 59 43
3 89 20 2 26 19 10 10 67 2 39 91 68 116 76 102
74 76 29 65 111 85 102 37 113 120 24 8 123 83 51 126
44 72 0 70 91 10 80 30 12 120 121 80 108 70 54 54
18 84 119 2 41 94 39 27 86 63 35 81 19 87 79 63
31 80 6 122 90 86 25 103 78 18 55 58 88 110 113 107
66 104 109 107 70 20 6 29 84 42 110 103 1 62 38 32
14 44 26 104 3 51 79 81 70 7 12 30 117 125 9 55
101 118 34 44 11 41 73 95 83 55 70 84 117 108 116 3
25 14 108 28 66 59 109 8 66 121 38 55 118 48 110 92
38 17 8 49 58 81 16 13 8 86 97 126 67 85 1 92
52 109 46 21 27 25 5 0 96 11 51 91 4 93 85 60
127 20 120 5 116 2 86 22 111 59 28 114 69 89 123 121
70 41 14 97 66 20 98 34 31 21 126 35 115 83 96 114
103 88 119 91 90 77 114 73 8 14 59 77 103 54 70 45
96 85 15 34 105 113 69 8 6 67 44 121 22 12 107 125
100 98 89 63 47 75 8 55 89 68 4 65 122 75 110 90
32 125 125 9 110 66 17 117 5 61 110 27 73 90 24 46
60 113 109 108 60 117 35 22 57 40 87 52 115 69 14 19
67 11 28 49 77 45 38 82 107 21 109 52 111 6 98 43
119 79 23 52 69 59 74 126 99 33 50 86 102 65 105 41
76 5 91 26 50 1 108 29 22 90 82 5 96 52 49 87
4 72 11 73 3 85 71 102 118 122 60 93 59 37 6 7
42 97 33 93 99 14 122 121 104 76 127 72 1 48 31 5
120 43 78 124 0 21 98 119 15 31 84 74 68 90 82 111
60 115 76 31 1 70 24 105 19 23 49 20 71 81 25 64
124 103 60 124 124 30 115 12 61 71 86 2 34 40 113 94
28 61 125 29 3 21 7 22 45 56 42 116 9 67 52 5
42 112 2 39 15 117 51 76 61 9 78 95 50 63 61 78
124 58 107 0 79 114 22 124 43 65 113 52 4 37 58 47
22 60 86 37 49 9 113 110 18 64 77 68 127 10 18 124
68 126 124 20 112 18 16 27 83 1 80 88 39 10 7 61
70 93 98 119 102 83 102 120 19 51 61 19 62 79 15 2
77 11 22 62 29 39 89 113 40 41 73 79 51 80 12 121
45 110 113 19 66 87 11 85 10 72 104 72 24 119 75 101
2 97 35 32 8 125 17 49 38 90 0 90 42 13 83 87
123 68 106 61 27 117 19 38 62 123 110 86 115 57 59 117
27 95 21 35 92 38 84 2 0 85 92 42 98 48 1 93
116 107 27 16 97 46 54 31 41 36 117 28 94 48 18 121
15 39 28 107 78 113 110 78 70 74 121 40 122 122 5 111
102 32 127 71 78 53 102 120 89 91 20 55 11 38 48 27
78 77 6 28 62 116 106 4 63 99 44 57 94 49 40 68
82 39 11 32 92 113 24 54 76 45 109 87 83 30 114 33
106 18 101 35 90 103 61 4 29 85 0 10 35 116 81 38
63 4 7 48 17 7 52 44 18 84 120 29 28 104 90 7
122 63 42 84 39 103 88 68 60 89 78 95 77 31 6 13
36 13 61 53 20 114 98 38 70 90 68 99 66 30 106 60
93 20 16 4 123 105 72 56 66 23 23 15 54 29 28 90
42 90 16 63 76 114 101 18 76 41 117 14 71 95 74 37
115 90 41 111 67 114 39 5 9 62 21 63 92 49 26 6
11 42 69 87 28 43 106 104 84 95 118 28 63 64 65 50
26 106 33 94 92 72 99 101 7 120 37 99 42 63 105 53
105 47 13 5 90 119 109 46 86 99 74 21 35 11 72 61
118 105 27 82 50 127 56 57 119 93 28 33 28 5 87 5
52 100 10 14 91 119 61 49 90 7 71 125 19 15 58 9
120 86 91 42 85 19 99 76 112 127 110 12 5 69 17 57
41 27 72 4 18 5 53 108 12 124 105 31 11 36 40 4
122 4 46 79 23 18 27 8 17 9 20 22 78 38 80 119
65 24 123 84 29 49 64 41 45 42 73 57 78 113 61 72
117 107 23 13 125 50 21 15 60 41 37 10 79 117 2 17
13 125 101 42 46 37 84 92 79 29 21 29 14 82 101 4
61 124 17 59 47 38 74 107 79 111 117 31 101 119 48 114
117 21 29 35 58 113 127 10 14 20 39 28 102 13 32 36
9 49 95 56 87 41 35 39 24 25 70 125 16 118 112 5
11 13 41 69 126 40 79 12 61 119 40 35 4 73 71 13
122 38 70 82 79 105 121 104 2 63 101 19 53 85 24 64
98 65 5 96 106 85 108 39 76 21 74 80 94 18 93 88
56 35 42 8 13 35 112 15 98 85 34 23 43 59 87 13
124 93 110 102 50 90 13 126 111 88 78 77 106 43 38 34
79 80 42 92 116 26 107 86 112 14 110 27 73 69 40 69
34 22 44 84 113 57 82 96 17 32 46 123 76 84 30 27
36 72 119 24 99 98 111 83 112 93 110 57 34 22 127 69
45 43 25 30 100 108 126 118 12 44 113 88 0 15 115 37
88 106 61 59 77 44 14 61 9 124 119 44 18 118 113 63
33 10 93 5 118 92 123 3 8 109 91 9 124 79 46 84
11 7 42 117 9 42 86 79 124 17 110 40 114 114 86 119
34 116 109 71 77 102 46 6 57 112 96 106 92 50 18 103
57 60 92 66 102 50 17 98 68 127 11 54 113 97 45 20
86 27 91 35 1 10 42 58 122 10 37 87 60 55 62 117
115 27 55 89 77 73 59 17 72 70 71 58 40 117 78 126
16 41 33 17 51 75 76 46 86 113 5 18 40 67 8 27
94 63 116 44 8 47 61 81 118 5 11 30 122 89 28 10
2 61 27 54 9 103 100 95 88 105 113 0 44 121 27 11
57 15 55 65 63 116 18 53 121 29 83 115 118 111 125 121
44 25 47 53 0 19 20 89 124 6 89 40 127 117 51 56
4 106 122 67 95 12 120 88 42 75 76 32 58 73 25 103
98 72 28 99 91 49 60 87 55 21 0 54 10 51 111 15
30 105 82 125 117 75 85 31 22 33 64 81 107 89 56 77
34 84 48 125 5 108 85 60 2 85 115 12 8 98 27 38
75 110 35 64 57 121 96 79 26 32 32 5 121 88 83 27
45 3 25 50 112 110 111 114 67 98 126 75 68 26 114 15
8 21 79 65 14 47 16 41 79 49 46 73 9 1 100 54
5 125 105 117 107 88 103 46 58 101 122 126 127 108 13 7
1 92 72 16 12 89 57 91 10 103 36 19 105 9 74 110
6 51 99 114 11 74 32 69 47 26 67 47 6 80 54 8
44 127 24 56 88 81 20 98 56 56 117 33 65 63 15 72
114 114 58 125 60 90 66 108 117 5 27 123 85 81 3 2
80 27 58 40 108 78 10 37 7 0 70 72 63 86 16 50
72 74 47 5 37 114 113 26 119 12 21 77 93 25 79 46
52 9 86 33 88 97 70 95 97 12 39 32 98 56 82 43
2 2 48 39 116 33 65 107 45 87 56 10 112 7 56 36
17 15 69 105 112 11 72 81 24 111 113 122 39 68 37 42
70 85 81 58 118 19 37 35 106 94 46 90 101 102 126 118
117 68 95 101 79 39 54 103 23 40 98 62 108 7 104 50
93 58 108 83 77 17 119 55 111 37 17 85 11 15 75 1
83 43 102 35 82 29 10 105 69 108 40 49 116 16 99 81
74 79 36 23 96 27 78 80 64 95 37 76 111 112 77 66
