21 120 69 4 12 78 100 26 40 7 86 109 51 126 1 99
63 109 124 85 51 70 15 99 81 127 32 123 20 60 101 42
52 42 46 64 120 18 91 33 25 49 14 77 47 15 48 111
125 44 68 48 115 83 19 68 82 51 63 103 111 36 17 35
79 63 100 71 81 63 104 107 112 118 56 32 6 104 15 3
20 83 51 7 38 71 75 120 122 11 95 106 47 112 13 126
47 113 70 1 48 46 108 33 37 36 65 43 12 80 46 32
35 97 40 73 40 115 65 35 126 33 13 46 17 26 44 65
12 114 66 60 33 46 93 70 82 30 113 94 110 31 126 17
0 38 90 41 26 28 76 24 61 89 70 78 115 115 15 127
101 81 60 6 127 25 76 81 56 61 47 38 92 46 56 93
84 18 6 110 46 82 7 107 43 77 58 30 64 73 30 38
27 90 44 26 115 121 108 43 54 27 82 19 73 10 112 30
28 118 12 75 72 19 54 115 97 112 17 33 58 47 71 85
9 116 111 125 109 91 40 35 119 122 54 64 4 38 94 33
28 107 108 100 126 34 87 95 19 105 1 77 24 72 34 34
60 17 31 41 109 71 77 100 66 3 36 70 42 3 103 70
110 83 43 108 118 2 76 9 107 77 86 4 21 120 38 82
9 69 123 118 12 72 90 78 76 127 21 118 2 124 60 112
80 103 92 70 106 40 79 85 117 37 89 11 29 127 93 38
68 88 29 81 33 119 31 109 118 52 99 120 49 31 104 1
7 69 71 113 109 22 70 99 59 32 110 88 31 75 126 100
35 27 53 68 19 84 49 9 9 20 2 58 52 106 59 59
47 2 44 29 24 114 0 83 18 110 43 50 57 41 22 92
69 75 33 88 31 82 97 40 103 99 98 27 78 29 86 125
31 2 26 55 116 26 10 7 8 53 57 65 95 79 30 36
26 63 124 57 17 93 98 120 65 68 19 15 98 105 12 1
107 39 57 96 65 67 103 74 121 32 11 88 111 41 124 9
104 120 66 122 85 36 114 22 105 6 37 75 111 50 76 91
89 5 59 26 73 34 100 66 66 112 26 49 25 22 58 2
14 124 124 99 33 110 122 10 116 31 85 100 81 33 63 42
39 122 69 112 28 41 50 94 25 76 15 51 98 73 53 112
12 74 46 44 69 27 123 100 88 29 65 61 19 111 68 106
39 64 82 25 79 8 80 17 31 54 11 79 116 28 96 0
102 14 44 44 41 39 16 1 68 81 63 87 64 3 65 103
68 20 1 19 28 81 36 59 7 48 10 123 76 106 123 51
120 40 95 34 79 111 35 20 64 98 107 0 102 45 104 42
65 105 61 93 58 98 25 66 18 35 61 94 14 57 17 6
97 112 40 48 95 76 68 31 46 48 32 20 93 8 62 30
113 124 123 43 94 20 109 112 56 43 78 70 100 96 76 69
80 117 117 48 65 58 79 111 106 111 4 71 119 66 101 104
62 96 20 28 117 1 12 45 44 91 115 16 59 63 85 11
52 75 59 117 5 11 101 111 122 105 54 114 43 27 90 106
123 110 6 112 112 19 29 28 110 16 45 41 80 2 52 4
77 112 122 82 123 95 65 117 72 119 103 115 18 66 93 14
48 100 126 32 119 28 61 101 44 106 14 124 108 66 1 58
50 123 12 45 90 78 35 34 69 10 21 88 76 115 102 125
87 100 29 78 0 90 51 45 68 65 41 49 3 42 107 54
37 119 99 127 69 6 33 11 17 55 99 93 42 73 90 1
45 120 79 46 82 2 91 23 67 4 72 70 47 51 124 84
42 96 84 112 102 117 123 119 44 94 85 86 39 47 87 84
39 38 2 122 40 93 17 107 98 89 50 17 12 46 101 54
14 57 38 117 47 33 108 91 127 65 50 38 113 9 123 24
48 125 18 88 91 35 68 61 124 118 78 8 36 51 63 51
109 101 40 28 7 20 119 6 86 41 45 71 51 40 95 99
37 114 59 0 21 127 61 18 117 11 26 26 63 89 77 44
63 117 72 70 9 63 76 95 105 121 38 28 33 6 127 71
120 58 71 13 58 5 31 47 16 58 73 79 19 22 123 82
11 67 24 21 3 101 116 108 94 27 8 0 33 7 71 25
65 14 38 123 19 70 43 36 0 116 115 19 11 111 102 22
50 126 43 53 99 32 33 66 59 41 66 92 48 9 117 114
23 27 109 43 97 24 79 97 13 66 117 24 49 91 46 100
89 90 25 61 122 59 127 53 100 65 17 21 74 6 7 97
33 116 12 3 13 91 100 26 30 89 50 79 52 96 51 14
47 17 17 124 15 26 73 28 5 96 120 76 80 38 12 16
22 111 45 120 38 63 114 105 32 37 97 119 14 124 88 61
13 105 57 29 4 3 57 9 99 49 85 51 87 97 68 110
80 113 102 118 48 88 95 80 125 65 72 11 61 32 72 74
9 2 103 13 5 33 22 104 82 107 28 42 76 96 24 28
81 126 18 2 86 114 82 84 51 26 95 112 58 40 58 68
42 34 81 47 67 104 23 21 83 51 63 32 19 87 60 101
85 79 103 44 65 57 0 116 84 95 100 14 7 30 82 49
64 36 96 3 12 120 25 95 43 88 127 63 48 60 36 5
11 11 49 76 68 49 64 24 17 36 39 24 66 121 74 3
29 42 6 41 34 31 9 78 120 8 13 40 68 49 45 79
60 95 27 0 16 91 25 33 127 64 58 66 57 4 69 87
46 75 0 81 107 9 31 99 18 44 11 86 93 56 38 25
23 65 25 40 29 50 73 28 114 3 94 44 7 35 3 54
111 3 7 90 13 38 61 31 82 72 117 47 0 27 72 24
93 97 64 122 20 9 22 6 13 117 50 20 24 53 74 7
57 81 97 70 119 30 101 73 102 90 120 103 118 64 127 83
34 63 77 54 72 99 60 85 88 111 106 113 36 52 120 93
6 90 35 125 120 8 71 95 99 63 70 89 0 69 44 34
4 121 88 76 92 20 34 53 3 12 38 40 64 30 5 70
120 41 68 113 49 11 80 20 74 22 109 74 91 25 108 95
18 68 43 111 89 77 36 92 89 74 4 26 104 10 96 97
51 36 82 100 47 34 121 122 56 102 68 19 0 49 114 18
117 29 1 78 107 37 43 68 111 47 94 88 57 63 57 108
99 11 81 19 45 74 13 101 48 81 120 48 2 106 67 120
7 68 70 114 106 113 55 89 33 21 49 90 84 106 71 56
117 24 75 34 98 88 7 18 41 127 67 44 105 6 36 113
74 106 99 52 92 26 14 125 48 63 87 4 42 30 60 31
54 7 66 24 95 73 43 9 73 110 53 50 116 89 35 62
67 7 115 31 33 1 28 81 64 116 86 106 18 18 10 73
26 76 97 121 21 12 2 94 122 55 17 110 16 52 45 84
59 32 115 93 33 16 46 97 4 4 76 22 23 86 95 49
10 53 87 86 53 34 60 64 94 78 72 21 73 94 15 43
2 86 117 114 68 103 64 88 117 104 67 102 74 114 101 84
39 61 42 92 95 102 29 61 52 101 82 125 67 97 40 69
56 30 56 124 5 120 84 123 96 24 97 42 10 70 126 49
3 40 14 98 14 43 32 66 16 114 63 84 84 104 25 12
6 81 8 11 73 92 6 42 116 103 84 126 46 83 48 49
123 62 20 10 105 52 76 121 38 12 77 122 116 103 6 122
56 14 5 2 107 12 44 95 115 0 94 33 83 14 83 79
76 103 89 53 27 37 46 65 49 124 60 37 99 66 31 27
81 37 29 60 49 73 27 36 74 121 70 29 7 25 108 83
0 69 8 27 107 55 92 28 51 24 66 22 91 97 49 44
6 79 104 55 24 3 92 98 125 34 0 4 59 108 88 59
50 96 86 29 23 50 57 74 75 123 96 38 93 18 82 99
97 58 27 121 61 119 92 58 25 92 63 84 72 23 15 122
119 101 23 15 23 81 89 98 76 58 8 41 76 90 13 45
20 40 38 82 31 2 12 56 94 75 12 39 98 27 33 90
0 57 105 23 10 66 122 86 124 2 0 72 93 13 117 113
53 28 67 84 30 80 12 125 27 24 36 126 51 69 88 51
126 65 74 8 3 68 95 0 71 95 72 36 108 62 21 33
90 89 117 120 41 1 117 68 25 25 66 76 95 26 127 93
91 73 102 95 14 69 95 85 36 39 121 16 101 14 49 63
103 38 56 16 39 45 85 64 71 23 12 38 50 11 3 13
84 105 108 98 46 75 55 82 115 48 98 88 63 19 24 38
57 80 55 96 125 12 32 68 35 44 106 85 55 110 99 12
87 79 110 6 27 38 88 14 86 59 102 21 78 126 60 8
78 115 104 76 127 9 16 34 53 123 120 109 105 91 121 64
42 103 70 69 13 31 83 100 90 58 121 40 56 53 48 7
40 25 83 39 34 99 74 87 94 66 68 71 29 61 8 71
37 78 13 50 109 96 22 71 26 16 112 83 69 32 90 110
57 45 21 91 16 95 51 111 33 119 54 62 53 62 6 90
13 19 12 122 115 35 66 14 51 50 97 120 82 59 102 12
104 124 103 120 91 26 103 125 18 30 59 71 92 65 33 105
11 10 18 34 49 81 59 21 80 121 39 91 59 21 107 64
42 15 16 58 11 44 11 80 13 119 64 37 7 76 95 18
86 113 53 8 67 112 29 19 106 68 111 37 89 90 101 3
105 117 62 116 34 73 69 47 65 5 85 72 81 52 90 40
38 15 48 105 0 77 124 106 18 107 15 107 69 117 111 46
106 45 35 12 118 104 60 55 109 17 127 63 69 90 103 107
105 23 84 105 100 81 83 118 60 99 98 2 88 81 48 66
126 83 79 116 59 11 44 41 28 43 104 97 5 79 77 111
102 33 88 74 114 44 65 47 15 35 49 103 116 97 41 114
53 120 102 112 3 18 25 31 62 1 1 67 80 78 50 54
111 11 1 98 55 66 17 70 101 66 45 89 35 86 75 88
79 49 73 82 68 98 114 2 100 115 69 52 65 120 107 48
3 108 18 58 46 35 0 19 101 45 108 9 3 55 97 82
104 42 37 44 13 23 46 113 10 116 37 75 108 16 123 111
124 14 41 42 49 41 61 23 86 41 32 89 96 1 44 73
44 81 117 57 104 36 42 114 24 79 61 4 96 56 115 92
70 28 7 120 69 68 15 27 110 47 116 78 48 32 23 92
113 13 21 89 49 63 75 73 15 8 77 111 65 64 75 7
92 82 127 33 23 14 60 5 61 48 83 110 81 107 74 66
120 96 28 41 31 103 114 46 112 63 29 49 127 105 56 91
59 56 124 82 70 56 87 4 104 43 114 57 22 60 124 14
28 24 55 60 127 41 106 111 104 8 32 103 113 89 66 44
17 62 127 87 118 86 91 94 1 77 24 23 10 20 37 38
44 92 98 43 5 77 27 109 85 59 84 70 20 22 114 37
84 113 125 74 72 88 41 73 38 65 97 48 85 6 86 1
99 57 44 104 6 71 86 91 3 42 33 23 65 19 61 21
5 58 96 77 18 9 22 56 74 119 104 31 126 63 32 97
120 76 73 126 20 31 89 23 74 122 46 11 13 107 32 18
37 0 95 56 9 118 112 83 109 89 114 107 24 18 76 16
95 22 14 115 53 103 10 127 97 56 10 110 36 43 1 73
43 96 1 53 86 114 8 68 75 123 47 99 13 124 115 108
18 1 95 71 104 105 71 73 34 81 55 70 124 56 15 40
97 9 123 56 96 45 5 79 24 85 63 97 83 1 101 60
92 82 86 104 118 57 84 69 99 73 103 34 2 123 27 99
4 23 27 100 68 32 52 92 118 115 62 73 117 35 5 81
117 91 57 107 20 13 49 120 87 24 26 89 19 54 60 23
77 87 124 17 119 48 109 109 35 43 54 24 79 59 105 68
23 34 48 43 48 97 35 7 121 62 96 13 116 28 36 65
115 32 82 106 80 63 88 116 107 14 12 58 74 118 126 97
24 46 12 72 15 48 79 9 110 47 22 98 75 58 35 62
91 117 41 43 52 1 31 31 15 44 89 89 34 88 58 58
6 71 3 22 119 82 31 101 2 53 71 77 111 106 12 74
95 53 118 19 54 21 51 69 65 12 31 99 100 89 30 107
32 33 1 23 115 32 124 117 85 67 67 68 45 79 15 12
4 5 32 58 26 83 127 92 95 30 63 68 120 93 47 24
126 48 48 114 80 44 103 37 112 42 105 29 121 120 42 125
125 74 55 24 29 55 116 124 85 51 64 77 17 111 102 15
31 22 1 111 66 105 20 50 19 126 80 13 118 122 10 116
68 66 12 97 121 0 93 78 51 30 28 68 13 2 84 45
24 85 28 90 62 49 13 82 47 93 95 37 87 105 25 27
43 37 124 36 37 89 115 89 119 15 29 5 17 113 50 41
71 78 3 5 127 16 87 46 109 54 84 68 32 109 95 75
19 91 112 56 53 99 17 44 114 47 49 3 32 99 44 103
50 47 109 49 64 68 96 45 123 52 114 27 33 81 102 52
45 86 109 98 57 126 14 43 45 64 46 78 35 90 53 85
10 34 7 74 103 103 119 98 27 105 125 60 59 99 113 104
58 94 74 115 92 88 31 10 24 77 88 60 40 13 17 50
48 24 124 23 127 115 121 26 93 118 87 24 89 72 0 19
38 74 7 2 34 38 12 59 115 100 119 27 114 8 77 34
33 73 57 32 61 50 59 26 40 18 50 1 90 50 21 0
124 28 2 30 66 15 89 53 115 80 81 101 89 30 7 122
104 64 26 37 114 85 63 26 103 113 28 65 35 49 65 31
77 68 61 15 83 23 68 70 103 21 44 64 52 51 58 28
116 85 65 102 42 0 1 18 113 29 83 20 78 21 51 27
95 13 61 109 36 30 59 27 59 43 60 47 100 49 2 127
11 11 124 65 29 28 63 43 107 59 125 5 64 13 105 31
27 39 13 63 69 72 90 0 115 23 47 88 72 50 87 83
61 83 20 90 111 84 5 90 15 2 96 79 16 73 110 43
112 123 106 54 67 69 54 55 92 102 15 36 24 102 119 85
57 11 48 41 95 53 3 110 56 99 61 72 45 44 115 29
39 93 83 107 34 10 34 126 112 49 34 8 23 25 93 80
37 13 121 4 67 125 115 123 96 48 67 13 92 54 43 4
19 126 111 54 8 17 52 120 66 87 0 89 112 94 41 21
107 35 26 46 32 13 41 0 61 108 14 26 34 57 30 54
55 13 108 64 30 32 56 96 119 57 57 104 23 98 125 2
5 23 49 37 36 90 38 98 71 52 124 105 109 26 31 36
39 11 100 69 44 29 37 35 86 94 11 109 64 9 111 70
32 32 107 69 123 17 39 66 69 35 43 50 61 75 87 100
86 59 41 2 88 78 38 46 44 49 27 108 58 11 50 91
43 30 32 38 47 71 104 117 106 20 39 39 95 126 11 53
58 52 56 18 2 94 65 46 15 92 26 74 103 77 37 19
107 69 57 26 12 34 15 118 54 55 29 21 53 40 74 111
92 2 2 94 96 67 12 112 31 38 58 7 115 95 26 94
36 83 121 48 117 8 38 43 63 67 64 117 107 11 100 71
13 102 37 110 41 49 94 73 87 24 80 75 119 106 41 27
61 34 75 51 43 113 94 106 52 31 95 31 42 68 102 55
42 11 37 84 60 3 29 19 27 109 94 18 87 8 45 20
42 120 71 85 105 38 64 29 69 31 60 111 99 34 38 14
45 76 98 105 79 127 125 107 108 91 125 67 99 43 87 14
35 31 99 13 69 35 42 10 67 103 121 38 9 31 52 55
107 22 32 59 21 29 38 1 121 35 68 92 78 28 106 114
59 78 127 0 113 41 10 52 16 3 91 26 34 15 81 14
38 113 73 59 15 111 61 8 18 1 100 97 29 79 83 88
29 82 88 14 123 98 67 12 101 30 38 8 45 119 22 83
104 95 15 119 78 76 127 96 77 100 65 107 51 20 67 80
102 28 94 98 126 33 110 100 63 20 108 109 11 2 64 115
83 30 116 121 93 44 98 86 121 47 26 81 20 112 90 96
41 15 75 72 10 68 84 22 61 22 47 84 111 30 45 66
61 33 60 26 77 30 113 70 77 11 24 98 123 114 66 36
2 13 108 12 81 64 34 14 87 81 99 70 111 16 8 44
49 68 71 126 98 56 69 48 67 93 18 62 79 84 98 81
97 78 93 50 15 127 65 102 80 36 44 64 52 52 108 101
121 51 99 91 107 40 11 46 5 29 108 85 113 78 38 82
29 4 5 44 3 70 18 84 106 62 20 30 114 0 3 107
52 102 71 31 15 82 78 20 112 58 105 97 9 16 52 38
20 57 82 23 127 100 107 105 34 127 7 20 0 10 0 52
112 71 83 127 25 33 20 9 92 125 107 101 13 31 11 33
88 93 57 87 65 36 64 99 36 71 119 36 81 119 88 65
62 43 65 88 77 85 97 41 82 76 14 96 107 25 1 67
118 58 26 55 95 90 26 3 33 17 39 114 9 127 52 71
42 117 31 119 74 1 32 28 77 46 124 57 71 126 124 61
56 23 116 23 113 14 26 19 32 65 5 41 64 57 112 107
46 16 98 120 17 3 21 94 49 17 23 121 15 20 54 72
43 43 95 28 57 122 47 89 59 53 2 124 110 115 103 29
3 73 21 20 76 42 114 126 60 10 119 75 30 45 19 73
88 115 101 18 109 21 107 40 74 110 36 56 97 11 85 100
85 107 120 33 21 106 31 81 116 22 29 18 68 48 91 28
35 65 46 16 86 26 57 32 8 93 88 105 105 46 77 62
25 69 95 46 47 127 0 36 21 29 54 89 77 18 118 113
83 36 1 41 62 58 73 70 24 33 47 1 79 124 63 104
65 30 23 113 29 23 21 51 52 75 12 1 93 2 114 48
39 116 89 101 46 34 44 70 68 91 71 19 88 6 124 25
37 19 10 66 42 31 117 94 107 2 95 72 4 82 121 43
70 82 17 116 117 61 59 57 24 2 76 112 9 72 10 46
91 20 112 5 52 102 99 31 104 67 103 108 21 96 24 91
51 41 79 40 102 10 97 126 13 45 111 22 118 121 68 81
13 52 87 65 26 58 96 2 125 72 111 18 40 7 109 91
48 61 3 22 71 100 20 84 18 3 106 8 124 46 89 10
37 126 103 43 76 30 66 92 79 78 45 103 124 27 61 58
78 60 124 50 31 41 111 38 16 10 92 25 97 40 34 7
38 9 50 114 40 117 78 119 67 123 95 64 23 28 122 101
88 118 24 119 31 7 30 48 18 122 73 115 34 107 122 73
116 45 59 28 34 10 20 101 5 115 37 28 15 31 2 104
21 26 95 53 33 125 101 51 119 46 39 26 25 33 99 13
78 30 42 112 40 62 86 46 49 123 74 64 27 76 40 48
102 8 101 8 5 74 59 125 120 98 23 17 4 122 31 82
24 73 67 65 7 25 111 56 20 57 120 47 6 33 96 108
41 69 116 46 16 48 43 8 18 66 26 22 60 57 105 85
2 44 22 9 69 5 65 89 62 57 9 68 90 105 49 3
46 37 50 62 85 93 71 104 32 97 126 92 26 103 49 28
19 71 37 88 76 102 50 11 31 59 79 122 36 0 125 82
38 47 17 123 13 88 99 45 57 98 9 83 73 59 111 93
2 20 53 79 122 103 90 25 34 41 19 70 42 17 25 80
64 42 75 77 2 47 122 59 17 4 14 90 63 125 55 65
17 109 16 11 84 106 36 119 20 56 61 62 73 86 14 9
0 89 87 2 8 81 61 25 85 75 116 20 72 43 86 89
24 102 100 109 81 9 100 101 65 33 35 10 120 49 19 120
10 106 123 19 60 56 44 17 4 32 38 76 76 124 38 100
98 10 81 51 19 53 24 84 87 59 94 79 108 114 71 119
92 66 10 24 123 54 42 127 87 80 75 35 76 113 7 46
124 89 98 15 14 122 100 101 54 66 52 34 52 124 25 17
62 35 41 57 90 83 56 49 35 4 84 111 117 91 30 113
52 0 1 67 122 101 40 48 39 93 83 92 89 108 109 23
16 22 81 106 106 9 27 13 13 111 125 3 74 27 116 127
27 117 66 21 90 106 70 2 71 25 94 32 5 75 56 21
97 9 127 75 18 26 89 32 9 86 35 84 113 23 83 12
13 21 33 103 127 103 105 71 0 71 103 6 18 31 27 116
40 27 63 59 53 24 91 63 110 126 19 95 21 102 107 34
123 13 10 122 116 115 65 117 59 41 123 77 72 22 65 113
49 1 44 103 25 7 38 8 5 57 103 26 31 83 61 26
70 26 109 53 22 70 86 101 42 10 61 92 33 65 78 67
115 41 106 74 46 108 78 9 105 31 93 19 119 122 29 61
20 10 114 42 81 72 15 123 83 76 88 116 13 38 56 1
79 34 75 126 14 26 7 119 57 101 10 48 95 40 110 116
50 96 30 3 41 46 127 124 122 87 112 8 125 40 9 77
75 84 75 89 110 82 81 39 55 91 88 23 3 70 11 54
38 41 57 79 87 56 75 82 15 60 90 13 100 99 90 47
55 37 9 38 119 90 77 47 53 37 70 57 107 81 111 18
122 40 97 82 97 45 36 112 105 126 125 77 97 87 125 24
124 6 62 116 96 12 35 21 49 105 78 29 58 61 47 52
102 16 6 71 61 42 55 38 40 53 116 9 12 113 34 9
119 96 125 87 108 32 108 30 9 59 59 67 120 106 119 94
122 126 37 56 40 93 94 81 18 82 90 30 67 124 39 58
93 36 17 73 68 126 103 77 57 34 16 49 12 8 16 7
6 53 63 46 18 29 127 36 112 90 67 51 86 106 110 51
15 127 125 83 125 100 33 54 7 49 104 19 57 120 26 63
45 89 110 64 119 109 100 103 71 39 26 30 18 8 81 33
8 78 116 5 51 21 60 58 71 36 77 0 28 104 64 73
65 46 9 56 27 110 31 99 21 58 1 39 66 82 72 74
33 61 80 84 82 12 14 25 48 91 26 76 67 90 21 5
8 31 61 35 13 93 6 34 23 7 74 89 90 18 36 123
79 116 79 34 0 93 59 48 56 85 124 124 47 17 1 55
48 62 91 61 27 97 96 50 105 42 12 67 60 48 62 12
36 13 46 36 106 105 84 34 63 80 30 110 97 31 38 18
94 1 79 121 98 47 44 75 89 56 14 22 104 76 34 12
89 80 48 67 57 4 102 120 84 4 103 53 36 13 71 2
14 23 123 112 70 39 60 32 95 74 54 71 23 88 83 112
40 3 52 97 7 26 90 91 30 65 17 66 78 88 68 92
111 64 76 54 103 8 86 71 83 12 14 106 100 98 90 12
101 14 109 109 40 71 72 71 8 89 9 86 50 78 50 33
14 127 87 117 7 45 60 90 57 75 68 29 45 31 41 18
45 23 127 86 94 72 29 103 33 38 61 83 116 112 117 2
