68 5 122 105 35 55 46 74 125 72 24 9 70 115 89 124
16 91 36 82 80 21 0 35 112 17 65 22 75 50 71 15
56 65 120 91 120 38 37 118 111 62 127 53 49 88 49 66
51 85 20 3 107 20 38 91 38 103 113 113 26 56 1 82
122 121 45 114 32 83 104 15 17 103 68 66 63 117 4 114
75 24 118 54 45 28 17 83 4 3 68 30 59 69 112 53
63 29 40 95 112 16 110 1 120 50 68 55 39 72 42 114
97 32 40 14 60 58 97 64 61 37 94 120 107 78 46 42
108 86 9 92 102 119 94 94 41 34 22 80 106 64 67 75
96 107 89 28 37 58 93 98 96 59 91 75 10 9 117 118
95 126 82 69 117 48 36 30 82 58 110 61 122 49 8 90
29 98 118 66 28 83 37 124 15 0 71 25 9 60 15 104
58 97 45 47 18 81 77 100 11 60 33 5 109 42 95 10
12 86 77 40 41 114 37 56 114 108 81 123 41 96 99 99
66 16 19 84 98 96 56 109 28 90 115 10 4 82 20 16
40 97 56 82 83 93 10 69 74 92 64 115 60 35 86 126
52 105 82 22 74 11 3 102 101 118 112 105 73 5 121 113
102 49 67 58 15 78 127 89 42 64 76 102 99 34 101 23
12 55 45 86 66 49 60 39 39 45 16 112 50 9 98 24
59 37 82 74 115 82 35 29 18 111 4 117 17 105 13 29
32 58 115 99 107 48 10 19 93 27 3 15 36 101 39 95
11 122 41 126 76 76 28 94 59 32 83 77 9 96 106 41
27 94 12 6 14 23 25 107 50 29 122 86 2 33 54 13
27 95 12 103 44 40 69 103 72 25 52 81 121 31 122 20
125 7 27 11 30 52 118 80 81 112 38 84 17 92 97 45
60 109 20 104 21 90 79 93 115 4 46 108 35 41 1 32
48 28 43 78 80 33 30 34 17 68 118 34 33 87 79 93
69 100 69 90 62 20 56 49 24 102 29 59 15 30 91 63
58 6 13 11 39 43 45 56 112 35 91 17 122 42 110 63
14 51 26 76 71 82 125 96 56 27 27 72 57 119 7 116
125 21 127 37 64 44 93 48 79 56 65 73 99 47 9 113
98 35 62 42 117 59 10 45 86 37 117 16 28 125 4 26
63 51 16 4 109 70 90 75 108 27 125 56 24 84 95 102
31 80 15 26 46 53 75 37 80 68 76 37 97 17 97 32
68 113 36 49 55 126 125 35 25 122 91 50 78 59 24 109
11 39 7 58 92 82 95 44 22 43 81 119 60 50 23 0
35 59 50 90 57 47 126 83 41 89 5 119 20 29 100 32
68 107 90 32 62 57 76 84 100 30 76 32 80 99 32 116
31 82 78 88 1 76 43 42 38 48 33 58 77 5 90 17
113 52 49 47 109 126 3 81 28 79 113 108 51 18 96 82
100 47 42 102 123 86 16 33 6 50 92 84 55 54 101 40
107 23 87 88 21 91 42 49 42 27 29 93 45 126 47 18
45 90 120 40 48 8 74 54 58 38 10 114 92 112 26 71
7 114 32 28 77 74 77 119 101 106 85 19 104 4 37 21
94 29 62 14 37 8 69 96 46 79 82 10 63 108 82 70
94 114 98 43 60 47 35 33 26 120 52 2 124 89 24 91
118 86 105 28 94 46 124 12 126 78 22 61 58 104 4 25
90 102 68 22 22 103 56 48 95 108 50 92 70 74 55 60
32 32 88 126 79 84 10 77 34 33 10 93 9 14 118 100
117 58 122 11 34 50 59 1 31 109 93 101 56 20 33 88
53 122 87 4 78 97 81 113 2 91 78 12 106 68 112 95
126 106 106 32 29 37 34 60 18 127 33 74 20 66 35 73
60 122 77 11 91 30 124 94 121 74 106 99 14 90 66 12
68 44 45 97 81 79 29 100 78 62 46 98 1 81 43 61
75 120 72 39 22 68 5 16 14 111 115 28 73 54 41 13
98 86 111 52 37 12 24 115 75 70 86 76 24 1 9 99
122 82 10 16 22 15 32 37 126 20 65 71 74 106 85 44
64 68 96 101 80 120 89 27 63 47 103 87 48 113 58 42
67 69 59 89 84 91 126 83 111 64 26 57 42 111 102 107
51 70 80 4 63 41 31 126 88 7 85 9 120 15 51 59
84 110 20 41 74 19 124 57 83 22 115 125 6 89 104 57
31 57 61 94 98 93 92 59 100 49 68 92 65 119 23 21
102 43 62 48 62 58 105 17 81 92 15 87 53 119 16 85
48 78 51 19 43 16 78 15 65 18 107 2 9 2 24 111
75 118 90 33 119 91 12 56 66 90 89 25 108 32 14 55
29 14 95 7 40 73 27 50 110 5 1 123 95 45 107 43
35 69 76 27 32 88 83 98 51 45 123 31 77 9 86 107
24 53 114 64 127 14 114 109 19 116 104 115 33 83 30 68
24 106 95 56 66 51 26 117 96 22 20 45 31 107 24 55
32 11 120 31 25 106 12 44 94 116 31 127 71 61 68 95
39 35 23 106 86 50 95 54 72 116 100 103 95 124 31 127
7 23 31 32 1 43 77 96 32 108 95 103 42 35 71 81
71 94 59 29 16 27 84 88 15 56 64 110 52 95 109 60
118 12 92 119 56 41 87 88 22 55 63 64 90 6 17 33
101 77 63 117 104 19 78 119 75 14 101 127 109 82 59 99
95 24 90 23 65 50 111 87 105 46 23 67 53 41 101 26
118 36 15 94 55 93 85 2 107 58 1 88 12 61 59 107
85 22 2 22 72 113 110 49 32 5 116 85 46 89 111 36
125 126 2 52 92 87 54 71 17 56 32 30 117 91 9 74
113 12 96 57 125 78 106 29 84 95 114 2 56 97 39 54
96 41 106 60 1 33 3 18 89 35 48 78 127 58 24 112
70 120 42 67 71 20 97 27 115 83 29 44 53 68 98 21
110 76 81 111 109 84 1 70 120 50 20 119 108 44 103 50
37 17 117 108 38 86 7 25 42 36 69 95 105 39 116 87
116 69 70 97 25 71 40 17 121 60 8 101 105 112 23 14
1 13 122 39 99 1 65 13 37 6 108 14 46 96 101 34
37 43 3 63 115 43 80 108 104 89 82 81 73 105 95 74
118 89 114 90 90 51 103 127 57 84 14 103 52 115 9 90
31 13 25 18 56 105 126 32 66 80 113 11 58 80 86 48
41 72 10 3 123 114 3 52 70 17 28 122 4 37 84 35
50 109 53 107 87 52 11 25 4 125 37 62 77 123 111 119
67 121 122 62 107 125 114 49 14 14 44 19 52 0 54 102
110 108 81 69 32 93 94 36 90 3 99 39 126 82 30 65
75 25 127 55 22 114 104 37 0 20 56 52 21 110 27 3
90 108 72 122 73 38 31 35 42 2 75 40 84 105 106 31
2 105 86 25 91 63 62 92 83 118 16 104 100 43 107 63
24 27 62 81 39 19 69 74 90 84 97 61 29 57 53 26
125 14 25 103 44 66 18 76 51 93 91 6 32 4 61 57
31 123 10 70 14 79 17 105 35 114 38 64 43 92 90 41
106 116 16 22 54 34 98 105 127 61 111 32 65 44 89 96
39 99 39 54 50 56 31 86 42 69 22 85 33 113 126 11
101 15 33 27 49 3 4 49 65 115 81 2 32 42 99 71
13 10 125 63 66 28 21 108 98 44 65 3 29 64 15 2
79 48 29 0 52 33 49 117 20 2 119 52 44 90 124 57
100 121 121 38 22 14 18 120 58 84 123 87 20 10 89 99
59 118 99 111 23 21 100 44 23 91 96 68 54 92 125 26
86 118 65 108 5 83 100 63 39 95 23 59 106 112 30 37
103 2 20 126 23 120 42 46 83 11 114 9 103 112 36 61
102 101 41 107 56 13 43 96 109 66 27 87 50 58 124 25
60 16 24 83 8 66 1 91 77 116 101 53 100 9 114 74
110 28 54 38 41 97 6 22 35 34 109 85 92 105 111 24
121 7 107 1 73 108 93 23 96 66 76 68 75 62 15 57
90 69 95 4 38 102 26 73 8 8 30 100 113 13 124 107
20 103 108 94 83 73 117 52 11 65 120 86 127 7 15 90
76 111 94 114 85 120 59 93 0 90 65 114 103 61 93 124
36 73 90 119 19 79 43 30 16 36 117 15 43 4 105 120
115 71 106 72 64 38 37 64 0 102 50 103 35 15 99 71
89 61 63 108 12 106 10 28 14 127 44 58 4 21 50 119
93 28 64 29 66 101 93 66 76 16 42 111 31 13 55 120
75 118 100 87 96 111 116 111 110 32 41 114 53 91 106 18
119 42 47 58 15 13 124 91 29 38 75 60 52 2 53 127
120 25 86 88 8 74 71 119 106 112 105 32 75 83 50 67
125 98 125 13 111 121 104 12 32 51 72 84 53 125 83 45
23 41 6 31 116 77 22 94 62 0 126 9 83 49 76 81
19 73 94 2 67 70 14 99 122 86 55 47 84 10 93 107
51 99 10 39 48 33 6 110 33 4 120 116 53 68 69 72
14 35 74 81 106 88 52 100 47 107 19 3 117 112 110 40
83 120 80 4 25 86 114 58 90 106 47 16 47 116 88 61
56 113 28 83 118 29 79 63 69 23 26 55 66 45 48 59
6 55 7 107 24 120 28 110 108 69 127 61 55 1 10 111
115 39 66 105 68 17 41 9 40 67 64 107 112 112 38 119
40 45 98 64 37 127 46 17 68 46 78 123 47 89 106 34
0 44 12 68 61 53 77 102 120 13 81 105 125 119 96 37
37 66 102 74 65 20 92 5 66 42 0 114 3 106 20 3
22 32 71 84 85 20 58 78 33 11 55 31 2 23 68 39
89 42 114 27 63 78 32 1 120 33 115 124 11 8 127 34
40 71 118 126 91 48 76 125 59 3 28 61 26 96 101 115
11 87 14 74 37 47 75 29 80 63 25 91 71 25 125 111
96 115 109 59 35 57 56 94 60 84 28 86 53 1 74 64
88 88 10 125 7 85 26 87 20 52 51 91 77 48 75 45
36 56 104 71 114 33 38 46 117 66 5 42 67 79 106 27
39 116 24 47 74 50 6 94 102 57 58 51 106 5 96 14
61 73 85 47 106 123 94 95 61 99 10 0 50 116 27 89
105 51 8 51 102 15 17 76 72 75 0 50 80 96 64 14
41 22 61 19 17 27 115 79 126 125 79 48 113 107 10 90
30 18 13 4 33 31 81 106 106 81 28 59 49 93 73 91
115 6 110 4 34 97 83 32 94 35 81 80 14 91 42 44
109 56 49 15 87 2 121 65 83 21 124 4 114 69 95 101
76 78 106 110 47 61 14 14 96 95 94 110 58 8 27 40
64 76 55 23 78 48 89 33 69 85 37 56 27 5 29 103
83 7 85 2 69 99 16 37 67 110 20 125 119 47 37 55
123 92 79 73 12 40 106 82 125 15 10 24 20 39 127 103
47 84 106 116 56 122 25 123 105 45 120 96 92 30 23 87
122 102 32 7 14 10 89 12 26 99 36 46 10 36 22 57
120 0 45 48 122 71 43 99 116 36 67 81 66 91 40 60
65 73 67 80 83 28 92 109 127 0 28 10 36 50 67 29
50 113 77 44 56 121 16 44 29 83 125 95 46 38 27 112
111 95 64 66 123 28 48 123 28 76 5 65 126 72 94 48
57 43 92 113 36 108 30 65 64 27 32 110 65 60 94 48
27 30 115 22 58 35 17 87 111 22 24 109 95 118 29 24
114 29 54 32 124 104 64 82 117 55 69 66 100 78 50 96
0 16 79 95 58 65 50 103 3 19 10 75 20 81 107 6
110 33 39 106 10 103 60 127 31 1 65 3 80 116 100 80
4 51 47 62 116 98 37 119 117 47 66 9 0 45 16 110
79 55 88 89 30 20 88 61 22 26 65 102 14 37 54 18
88 101 81 76 71 118 67 60 38 5 70 38 50 86 21 1
13 109 90 43 2 51 105 24 77 42 126 91 79 52 109 39
25 62 115 97 53 54 29 91 59 99 1 109 57 22 111 70
4 73 114 6 124 91 30 73 5 28 36 84 80 18 123 105
80 110 74 5 36 104 96 95 75 98 76 5 120 59 75 124
5 61 2 1 24 32 75 29 60 111 113 12 1 108 118 82
90 64 87 126 40 56 93 116 26 42 121 18 101 68 15 106
2 17 108 26 50 55 56 110 38 41 123 40 22 113 122 112
49 81 111 90 9 76 78 35 118 71 54 92 11 69 70 13
86 50 40 8 105 96 119 16 9 114 56 31 99 50 16 20
3 127 110 13 75 60 48 66 3 102 30 15 43 100 28 2
23 68 10 0 36 1 16 46 115 72 77 86 122 93 107 126
92 89 11 40 22 59 106 25 34 8 40 77 108 69 79 3
9 90 4 46 91 20 92 79 93 41 37 87 7 16 85 99
106 96 11 0 28 117 25 62 125 66 11 106 7 91 109 16
53 113 62 16 6 26 95 99 68 5 58 75 21 16 46 127
112 58 127 12 47 25 74 45 91 86 23 98 49 4 114 102
118 49 118 124 75 86 95 15 91 25 90 112 41 9 112 26
67 111 38 114 8 113 31 99 71 54 69 120 59 56 94 49
105 84 45 52 42 12 68 5 37 30 118 79 39 102 105 106
85 15 93 94 0 124 65 71 51 7 63 110 63 29 31 40
114 76 92 28 88 32 34 125 63 24 76 102 126 53 81 83
69 46 49 69 42 115 13 93 122 76 75 57 106 106 97 92
54 61 120 14 94 26 12 29 50 88 3 48 14 84 4 83
2 53 24 45 40 37 10 34 114 86 91 92 64 60 56 119
122 48 5 88 75 17 117 125 106 120 46 120 77 50 75 79
103 99 124 16 9 7 50 123 93 14 87 29 74 15 20 68
67 5 73 109 104 53 57 51 54 126 59 78 96 11 123 75
24 97 126 42 84 21 93 53 3 1 58 75 79 103 4 18
108 77 127 84 3 57 8 57 55 67 7 23 78 2 98 103
99 97 17 56 118 110 109 122 111 39 69 63 14 74 81 123
23 81 79 26 10 87 83 65 26 90 89 105 92 59 80 64
28 97 120 19 79 101 13 62 12 82 125 27 28 79 22 52
32 101 78 42 61 34 107 87 124 68 64 89 0 16 25 28
113 17 47 64 118 60 127 2 15 124 29 43 75 51 95 107
25 46 21 86 80 1 45 76 69 110 37 69 126 62 98 112
79 17 48 69 78 47 72 93 44 101 8 119 25 104 99 50
22 120 8 102 121 53 50 63 35 88 4 34 22 102 18 102
120 66 43 70 114 115 35 30 89 43 21 114 19 120 36 41
113 44 15 106 97 66 41 5 26 46 39 48 20 57 22 12
123 66 82 109 53 117 11 14 33 33 0 52 25 36 94 10
80 109 117 50 47 30 55 73 76 94 122 97 23 16 109 18
82 64 0 8 53 11 22 86 44 23 11 70 59 105 80 12
86 69 62 6 100 117 79 48 83 73 17 106 90 127 124 44
63 124 52 116 8 75 75 52 98 86 122 29 63 75 41 21
16 103 27 116 92 107 37 47 52 54 25 14 53 22 59 116
18 111 105 26 58 52 79 28 10 73 58 73 20 99 94 37
75 122 25 39 101 62 87 25 117 112 40 42 6 99 31 25
82 8 51 13 60 2 41 70 76 99 15 96 71 109 5 18
103 31 57 76 93 16 102 82 1 14 125 7 113 28 32 67
36 84 80 96 86 122 38 34 93 53 3 36 34 8 54 10
39 112 86 5 0 60 87 1 74 84 9 59 112 41 127 20
125 79 116 84 73 26 118 39 79 121 75 114 2 2 124 41
114 82 46 114 15 6 116 89 90 125 21 75 38 20 95 36
99 84 120 45 110 110 84 62 104 31 48 106 33 44 19 19
126 66 6 13 72 122 103 34 119 124 109 29 16 77 65 115
33 57 32 15 40 116 77 16 20 125 122 53 41 13 73 40
79 79 53 23 73 28 58 64 24 39 93 40 116 31 28 21
88 60 37 0 49 114 16 69 112 10 122 25 24 67 65 103
120 22 11 12 52 10 125 65 37 31 30 91 26 75 24 126
44 64 55 52 22 29 69 114 54 106 60 52 83 75 126 76
97 9 88 21 20 86 86 57 117 116 21 15 64 45 14 108
109 69 32 3 98 101 118 24 79 50 77 34 126 75 110 95
84 71 117 104 29 75 34 18 64 55 34 0 100 48 108 81
117 12 84 88 113 74 112 64 125 61 98 123 8 81 90 93
24 79 69 53 27 103 71 91 30 105 91 2 25 71 83 15
83 40 103 68 114 87 4 111 21 102 106 29 55 69 122 79
20 64 4 47 39 76 10 70 53 101 72 79 44 28 94 127
68 69 67 54 28 71 38 49 46 16 79 101 85 73 53 106
9 57 25 49 5 36 119 59 9 63 10 54 91 104 53 31
45 121 86 73 64 124 123 110 12 74 84 98 19 9 76 29
66 101 78 72 9 69 3 19 4 13 73 96 117 126 127 34
119 85 107 56 81 102 38 94 48 122 64 68 3 12 97 70
113 47 14 123 116 17 14 120 30 87 88 19 85 88 53 77
45 32 5 127 7 43 93 55 38 29 123 41 41 92 111 26
11 125 21 127 14 35 120 44 122 80 63 80 40 116 29 86
21 34 85 28 77 50 83 115 79 79 29 120 43 12 18 55
10 40 54 24 75 46 69 70 127 4 22 39 121 51 125 14
85 82 42 34 4 125 22 83 76 51 75 120 63 94 47 73
6 101 98 81 20 39 23 19 43 45 58 36 96 56 50 53
10 92 88 15 90 110 98 38 33 46 30 96 12 77 42 18
51 12 99 71 51 123 90 94 40 20 3 9 76 53 62 87
18 22 102 108 4 72 18 37 118 49 6 2 126 48 20 49
60 120 120 111 115 82 77 27 103 80 36 51 6 99 10 24
121 112 4 126 57 22 35 47 71 41 50 70 89 70 119 21
62 112 4 49 66 82 77 41 34 113 93 40 84 103 64 78
88 68 76 17 91 111 64 34 25 114 104 114 57 96 8 119
80 12 41 18 94 118 60 1 103 25 41 60 0 106 10 88
46 86 105 9 69 42 44 94 28 20 81 85 116 89 77 68
101 118 87 68 108 19 69 83 44 110 15 44 88 25 5 7
111 110 16 53 24 60 19 53 81 100 10 69 61 87 10 35
119 16 13 28 82 73 113 3 85 103 72 5 64 82 77 43
82 20 47 68 105 14 37 30 39 113 32 23 91 37 3 83
54 16 111 8 89 96 11 46 72 83 51 8 37 1 51 120
21 99 60 126 113 97 28 24 82 60 48 46 98 51 1 24
68 112 32 29 81 43 76 25 126 127 33 36 0 85 28 21
56 88 19 41 57 47 65 12 108 113 58 78 37 59 102 105
43 6 6 124 49 82 21 47 82 55 83 82 12 111 104 68
71 123 109 1 43 46 13 23 32 71 101 69 2 75 46 45
81 52 42 2 7 63 49 89 118 5 43 2 116 19 70 60
15 51 61 58 98 74 81 2 17 54 71 19 1 117 64 82
41 106 84 48 42 5 9 32 10 53 35 127 72 105 59 87
29 120 17 127 66 98 1 83 24 72 102 25 61 38 107 102
17 63 23 59 69 32 91 79 85 126 78 30 104 9 117 5
1 7 4 67 105 5 22 2 77 124 27 10 35 7 112 52
70 7 111 11 40 74 91 125 73 41 27 49 51 17 54 52
24 58 120 1 63 14 3 12 11 31 22 46 38 6 98 108
14 81 120 54 27 83 51 100 124 79 21 47 96 75 100 120
5 92 121 68 106 125 80 117 28 102 35 66 109 5 46 123
86 38 49 114 121 100 86 118 51 108 37 19 55 9 11 61
101 5 1 80 2 82 69 30 56 105 96 37 110 14 32 69
53 81 55 46 54 13 36 105 121 74 125 49 83 8 110 57
13 111 9 15 65 78 45 122 55 13 31 38 28 64 107 81
17 34 127 71 47 36 49 41 110 46 90 65 54 72 122 68
55 3 83 121 82 1 115 9 14 18 47 42 82 26 123 100
60 123 43 108 31 92 21 13 10 111 78 65 55 73 5 110
76 88 103 30 89 90 40 104 109 87 18 63 114 14 35 46
9 79 26 40 43 47 53 54 30 3 119 85 76 124 68 25
84 43 55 46 6 95 22 115 55 40 50 41 54 86 87 63
37 114 103 80 33 28 6 64 32 125 21 108 121 89 5 78
5 61 124 11 28 18 126 83 58 48 124 113 6 84 48 43
70 24 124 103 52 2 39 84 0 61 65 121 22 70 71 27
3 67 38 32 85 36 115 16 85 112 1 91 68 49 7 10
44 13 61 42 30 7 68 65 30 88 20 62 38 114 103 14
118 60 101 37 53 7 38 40 82 16 72 123 45 85 71 89
98 4 4 0 11 72 65 41 32 86 103 71 72 79 85 63
11 58 100 65 65 10 105 19 27 49 15 72 6 86 34 104
90 38 104 101 110 42 14 14 0 118 85 72 69 42 7 80
101 107 17 38 118 122 58 17 44 73 89 50 31 123 27 121
33 3 94 15 45 108 30 45 98 115 118 39 30 125 120 3
105 9 41 95 4 99 112 48 44 73 98 75 69 125 68 102
1 34 118 46 15 20 92 113 7 82 25 37 79 17 40 56
26 82 23 30 53 7 78 98 81 49 45 22 46 114 124 47
20 114 94 35 6 58 21 14 12 46 51 91 63 92 20 89
46 43 120 99 51 70 69 4 119 115 26 38 101 22 85 121
9 51 29 15 109 50 29 121 96 81 85 31 45 105 120 91
20 112 62 71 55 4 75 46 119 101 84 92 124 42 85 5
93 114 20 75 36 50 68 4 3 25 35 48 2 28 11 23
12 73 94 67 77 42 114 68 15 70 32 11 112 118 16 78
104 37 25 13 87 93 17 90 119 53 10 121 81 21 16 93
94 111 33 44 25 19 112 40 89 17 52 74 7 68 24 111
105 49 124 64 14 14 26 5 67 36 127 20 57 15 113 24
126 18 68 23 37 52 64 127 69 116 73 76 56 97 60 34
18 56 98 32 70 125 38 9 33 37 29 91 52 15 115 51
33 55 74 71 107 10 70 49 126 15 125 55 112 57 89 2
114 59 34 56 56 72 66 90 109 95 53 34 110 40 85 16
95 31 87 74 42 29 123 40 44 121 95 28 50 56 30 36
116 64 93 44 9 31 6 118 126 59 24 109 99 109 125 66
13 84 13 55 113 8 95 29 1 63 57 52 119 87 88 107
23 53 24 32 84 30 23 83 90 47 64 61 29 61 0 42
17 13 97 2 21 64 31 23 127 88 75 119 47 35 98 70
89 122 103 45 25 126 0 115 45 64 48 74 125 48 116 14
61 85 16 83 22 47 106 21 7 53 12 54 88 111 125 49
105 100 95 2 98 95 117 15 32 38 90 29 86 78 44 20
36 60 103 58 108 81 79 115 6 92 42 94 75 39 16 52
