106 56 85 79 18 10 70 24 46 102 54 126 108 107 82 68
80 17 116 11 54 47 31 45 45 77 92 62 25 78 90 3
7 47 83 25 57 25 49 103 127 103 101 107 82 55 48 34
72 36 46 127 83 77 44 0 26 9 62 52 87 24 55 94
71 10 120 0 36 41 103 35 17 77 15 99 4 63 6 77
99 52 76 54 1 120 55 28 1 117 80 89 14 7 55 85
18 47 86 54 89 61 89 106 10 104 77 15 39 83 92 10
7 40 65 9 32 120 37 34 109 117 123 123 124 50 81 14
98 39 68 59 100 30 37 111 6 114 126 46 70 90 56 77
2 121 86 34 113 123 68 95 112 63 90 109 114 43 123 84
82 64 15 55 94 52 38 100 38 36 18 108 126 75 58 0
68 16 34 54 12 103 21 124 38 111 105 24 27 101 108 109
37 123 36 3 47 74 103 86 110 122 66 108 69 124 108 9
13 15 63 25 118 84 21 28 68 127 53 95 100 33 76 9
29 113 12 76 59 115 34 42 109 101 22 50 97 3 60 110
18 123 7 8 80 29 36 20 28 89 115 0 123 63 9 24
48 21 100 108 8 7 22 118 108 44 40 77 47 100 60 65
96 67 73 48 96 110 68 124 71 55 124 66 118 5 90 39
26 63 19 35 70 41 25 50 85 65 127 5 38 59 70 6
127 16 54 95 126 122 92 69 49 88 8 39 94 98 78 120
33 97 27 103 10 52 25 96 118 25 101 28 84 43 34 83
59 88 51 57 82 15 127 3 103 7 42 69 105 121 62 11
90 89 114 101 14 12 69 4 37 42 32 121 85 66 77 17
26 0 74 108 15 73 111 118 80 25 60 58 18 122 69 109
83 55 82 97 67 23 101 104 65 5 98 22 71 47 39 97
47 114 77 62 59 60 52 12 86 112 70 104 106 11 85 62
66 39 31 6 62 5 110 127 10 80 22 82 127 61 51 46
47 1 108 107 61 33 119 19 17 61 124 124 72 81 58 10
121 89 16 55 94 127 55 105 79 77 59 79 10 110 125 58
111 106 37 45 11 28 64 28 89 60 24 33 14 82 43 7
44 60 62 10 59 117 115 10 66 46 89 77 29 87 7 12
65 44 57 76 72 122 104 33 54 1 66 68 83 109 75 127
112 1 113 12 126 34 31 45 45 12 74 123 38 105 48 58
116 120 37 36 18 94 84 104 118 14 17 101 61 55 17 45
56 2 58 54 37 89 99 82 101 46 77 11 23 126 70 11
118 107 47 8 73 4 112 63 18 1 37 79 56 54 125 112
57 55 38 94 16 10 48 118 56 125 1 79 123 71 90 114
51 9 122 124 13 107 60 32 108 97 111 37 23 108 21 80
35 60 46 52 70 94 42 126 92 43 77 87 115 39 73 38
48 68 34 62 47 94 94 27 63 77 64 87 58 86 39 93
18 86 17 88 52 59 86 16 103 35 104 90 74 49 0 122
117 34 56 36 1 22 64 64 100 0 23 30 86 63 123 104
21 13 64 73 72 22 90 47 57 66 9 3 115 9 126 105
44 54 13 45 77 77 109 49 78 5 79 36 68 74 13 89
87 77 34 32 100 124 79 29 62 89 33 50 98 31 27 14
85 40 59 34 118 41 83 68 46 34 104 114 109 117 75 68
67 109 100 39 106 52 68 40 13 101 90 111 4 117 126 90
30 57 124 20 98 80 88 16 114 64 2 95 54 77 36 121
59 8 32 37 60 100 77 73 74 40 57 78 29 55 40 59
112 37 79 83 117 39 99 103 104 102 71 30 51 107 23 110
115 55 19 48 27 97 121 101 9 50 52 38 105 92 98 90
1 49 45 118 89 16 94 65 118 37 95 42 16 118 24 3
45 44 51 72 13 45 46 22 95 98 60 73 62 30 35 64
80 80 54 41 96 20 106 87 57 73 1 73 63 25 77 108
69 0 52 82 45 98 104 13 68 37 86 3 67 121 67 19
73 121 60 41 14 38 0 71 111 1 17 46 27 94 26 96
94 79 51 12 49 27 25 118 64 111 121 4 104 60 23 49
53 84 90 67 122 91 11 106 92 28 24 119 122 51 88 88
2 11 100 51 38 125 41 103 108 34 107 84 94 2 5 20
86 96 87 81 59 98 59 23 126 83 15 120 6 103 81 8
114 53 60 24 51 101 127 31 8 106 116 102 109 121 122 67
89 82 20 20 52 79 44 51 35 59 43 41 34 124 50 20
50 110 44 101 83 44 4 91 22 120 66 3 114 60 71 75
14 91 96 67 43 12 118 78 71 33 119 105 30 41 125 80
82 112 36 115 35 66 98 11 55 22 80 123 37 84 7 79
1 89 85 97 19 17 65 59 114 120 45 52 21 64 120 104
49 28 91 84 95 61 95 22 83 48 17 121 4 25 72 5
114 29 102 5 47 39 65 33 31 110 85 53 46 77 29 95
106 120 51 73 54 19 95 9 67 112 2 71 9 75 76 123
104 50 1 23 89 66 57 120 48 14 45 94 92 74 62 70
67 113 15 121 4 110 2 71 94 5 14 104 80 90 99 56
12 100 80 101 38 9 94 86 23 11 53 115 86 115 57 25
100 72 18 105 54 20 48 21 25 63 125 105 25 96 34 38
69 114 11 107 123 105 66 18 117 119 6 75 106 63 100 78
8 118 55 62 10 104 83 36 39 80 13 64 49 47 102 118
33 114 97 28 91 35 47 80 26 53 27 4 116 127 83 124
117 10 59 0 114 14 36 25 95 49 90 16 97 64 6 2
50 103 31 14 11 78 94 37 3 122 42 119 121 125 116 111
7 47 111 122 61 19 19 28 68 109 44 37 46 50 40 96
26 71 110 37 21 77 74 24 71 116 15 64 113 3 47 121
50 30 115 112 49 6 12 118 116 57 27 34 107 67 2 5
10 113 42 31 62 117 55 5 105 71 69 91 74 117 84 125
19 71 109 69 77 121 59 65 50 86 99 30 26 102 35 36
87 78 68 21 67 123 26 44 66 95 7 13 84 91 10 104
34 119 45 112 112 104 49 35 62 21 65 88 123 100 125 82
50 65 103 117 60 1 34 127 96 41 12 53 5 22 29 39
13 74 23 125 50 73 32 112 94 97 73 89 70 70 43 120
7 18 110 67 19 16 66 115 57 78 40 62 100 69 102 113
15 125 111 65 70 15 50 36 113 123 125 55 65 40 47 72
58 29 11 77 45 78 65 103 28 105 37 1 47 11 114 62
9 97 0 79 113 50 116 98 45 113 25 110 26 72 54 84
102 65 34 19 15 99 122 44 76 32 45 123 43 31 58 52
1 58 4 114 108 120 84 25 105 109 7 3 53 61 88 27
126 122 47 14 93 41 58 41 73 103 37 117 6 95 41 7
25 45 121 5 37 77 30 15 58 37 18 112 98 106 11 96
100 58 110 65 100 40 107 45 15 16 34 22 111 76 29 8
119 98 32 11 25 113 5 89 52 42 32 120 122 100 30 68
15 28 24 1 83 115 80 112 127 21 71 97 17 25 88 8
123 120 19 20 105 24 110 30 67 14 22 61 114 52 2 2
80 26 3 35 14 84 20 13 105 91 111 122 116 71 3 111
63 22 4 41 47 114 71 114 0 93 47 114 18 49 116 98
76 120 6 90 76 26 103 53 117 86 48 106 29 51 89 93
73 93 6 120 79 77 106 79 42 26 66 60 75 54 31 23
46 37 113 122 63 89 48 52 47 96 30 77 19 120 42 92
85 48 85 37 125 63 116 39 89 54 100 37 109 3 60 27
40 46 22 103 7 70 27 54 38 58 3 57 50 45 21 7
93 106 44 90 42 33 2 3 87 102 40 68 105 101 96 17
19 118 120 26 60 19 80 98 77 84 27 127 1 48 7 95
27 51 57 69 84 59 72 44 33 113 112 10 86 80 27 105
70 19 3 2 39 83 100 116 39 127 116 41 48 123 8 75
46 65 16 3 125 88 47 30 73 31 41 31 112 68 8 54
88 11 57 127 95 29 115 6 29 103 47 77 98 55 24 17
121 40 20 118 0 67 20 74 98 61 105 82 2 114 9 90
125 66 89 92 95 76 99 124 52 18 73 22 74 97 39 67
9 59 57 10 126 77 84 97 11 61 51 13 47 60 103 45
126 64 9 94 12 108 90 64 127 36 87 73 5 126 12 15
58 69 25 56 18 109 25 29 42 77 42 90 9 17 7 8
81 16 102 94 125 64 30 124 100 117 69 106 116 81 121 46
22 18 102 40 127 0 70 41 77 112 3 86 2 10 94 83
27 68 49 24 5 80 20 105 69 89 83 57 42 76 103 64
94 78 104 93 78 46 7 27 31 10 113 33 21 80 116 48
20 38 72 25 118 92 3 59 53 86 117 95 35 92 31 1
42 7 95 120 54 102 19 85 112 5 118 5 85 106 53 105
16 125 3 6 89 6 66 14 92 55 109 127 19 12 1 62
20 96 54 74 70 74 31 54 79 21 60 36 127 113 13 16
111 16 22 72 22 88 87 115 15 68 114 35 81 115 97 101
83 23 47 25 97 78 80 48 99 12 84 98 125 98 114 108
114 9 53 9 97 12 124 113 80 110 20 33 98 117 6 53
35 73 1 19 24 41 81 30 44 50 48 125 85 41 108 31
13 107 61 64 29 87 24 118 17 92 10 13 2 38 10 37
111 11 57 7 52 10 38 97 60 86 94 18 127 74 49 12
54 110 77 83 69 101 73 86 65 84 100 67 122 110 105 105
121 34 113 45 44 23 14 104 109 108 122 108 55 44 121 109
26 70 64 96 43 9 54 108 93 26 47 87 8 24 65 1
58 50 47 102 73 61 79 54 42 73 34 97 117 27 78 16
97 14 112 12 23 38 120 117 65 40 76 73 64 13 75 123
63 122 97 8 55 48 62 97 122 97 66 111 124 16 127 94
30 111 106 54 22 99 43 87 11 119 32 75 5 107 70 68
101 40 77 29 88 11 126 82 108 65 66 105 81 65 71 112
49 49 38 71 20 81 30 31 72 62 107 77 42 49 18 15
89 95 44 50 106 43 4 87 108 70 64 61 8 7 45 57
56 83 0 77 36 30 108 109 92 87 58 6 9 76 22 98
43 66 20 22 109 25 109 89 95 45 23 103 52 68 32 108
24 32 57 60 62 38 41 27 125 100 33 6 48 55 105 92
122 125 114 103 22 95 65 118 12 88 93 64 28 126 44 52
30 102 113 93 12 26 120 9 126 25 16 47 81 121 11 75
118 125 50 13 92 115 3 104 75 96 40 104 94 84 28 125
58 13 90 70 40 82 80 38 107 96 85 60 89 96 7 79
93 58 92 57 45 95 33 121 64 73 97 30 30 125 27 88
11 117 31 51 71 111 89 51 79 47 111 40 15 119 119 109
49 84 38 94 51 72 87 115 17 56 18 47 54 45 8 65
35 39 116 106 22 77 29 101 124 13 13 12 4 4 121 53
88 31 19 12 103 107 127 121 35 17 40 89 63 48 26 98
87 14 76 109 92 106 82 88 119 95 100 123 100 93 48 60
125 67 72 100 46 72 93 82 89 6 43 24 54 70 122 14
84 71 123 48 49 78 9 40 45 109 35 17 75 83 78 72
22 22 44 69 94 10 23 56 16 66 80 70 8 75 84 93
18 80 13 67 30 22 107 75 4 14 93 79 97 43 23 119
65 67 60 32 77 83 88 93 22 40 36 30 115 120 123 5
72 9 72 102 31 51 50 35 65 15 114 34 58 9 26 123
86 14 105 64 77 64 71 57 37 44 50 121 53 123 64 84
122 88 9 118 114 9 124 119 34 103 81 96 98 3 74 57
17 51 121 94 115 64 24 24 109 74 18 34 69 82 118 63
42 0 54 28 9 50 19 43 25 100 12 124 103 86 53 121
9 46 87 124 111 111 21 92 57 39 126 126 121 116 62 35
116 116 63 125 38 82 41 64 55 53 60 30 11 113 23 20
31 111 16 14 94 37 106 24 76 104 22 69 93 84 104 81
72 39 79 111 122 120 47 49 45 107 79 56 92 103 76 123
86 92 10 52 2 116 76 78 93 99 20 58 55 124 11 0
36 90 111 30 82 30 79 127 9 30 55 101 5 3 96 91
96 106 16 98 95 92 48 60 63 68 118 119 65 1 119 101
92 102 3 46 4 82 46 13 112 101 114 118 105 82 81 73
61 97 43 28 62 91 88 125 32 78 116 97 79 107 70 43
81 73 90 85 27 8 98 11 109 84 1 86 39 83 31 100
52 74 0 114 38 88 112 70 38 100 39 117 80 109 33 33
54 123 119 81 3 89 92 112 46 94 71 85 49 102 57 101
49 57 88 87 17 72 29 55 44 68 44 124 49 77 30 103
72 21 56 75 110 20 60 28 114 3 113 35 105 42 9 26
99 97 113 116 41 14 43 85 82 88 82 3 37 112 106 110
5 34 57 115 55 117 16 41 120 1 77 98 44 86 124 15
55 110 4 96 124 47 53 79 7 7 82 45 119 61 27 124
95 84 112 22 74 0 64 66 1 13 36 45 99 33 61 26
15 65 122 11 112 47 90 120 55 45 37 46 106 64 43 73
20 27 96 94 27 32 33 28 45 69 74 16 102 7 42 117
72 36 1 56 83 91 48 10 8 85 57 114 21 100 60 42
127 28 8 26 60 41 54 105 111 0 121 85 7 35 75 79
71 76 8 26 39 56 37 48 14 94 34 35 66 94 77 65
122 86 91 54 127 17 31 110 18 24 68 25 59 15 105 2
91 113 29 2 41 66 50 55 32 85 91 98 51 40 35 46
126 126 100 126 15 4 108 33 28 48 59 88 63 36 90 26
21 119 29 62 57 79 118 89 36 81 59 88 121 94 6 120
92 106 118 108 110 98 13 11 19 72 99 82 108 61 109 1
35 23 63 106 8 110 89 66 71 42 86 123 59 113 111 111
12 53 100 2 45 1 106 5 42 8 4 79 102 112 43 9
7 107 116 16 89 77 82 32 119 41 27 50 26 11 33 38
64 6 40 110 7 18 115 49 26 119 1 0 103 44 10 111
23 126 127 112 75 81 17 66 122 44 116 20 55 22 58 120
28 98 102 35 116 89 84 14 81 85 15 56 2 25 39 25
23 38 10 98 120 27 36 114 71 24 7 127 46 65 119 74
36 93 109 24 54 66 39 7 23 54 64 25 79 103 51 102
14 61 72 6 88 108 120 31 4 127 30 51 65 21 125 101
114 107 125 41 45 36 48 68 90 112 94 41 88 17 15 102
78 87 108 38 67 100 69 72 100 100 123 37 121 120 10 108
99 7 21 16 44 69 85 6 54 51 48 14 68 63 116 18
23 96 56 90 68 125 34 40 97 29 77 91 22 87 71 121
95 92 10 11 33 95 17 87 18 65 101 86 1 89 104 24
57 32 114 126 29 21 38 127 50 116 90 72 75 33 66 42
125 76 53 30 43 71 118 61 8 91 19 9 53 123 33 110
27 20 108 56 41 19 55 91 7 17 36 82 50 102 125 47
50 50 78 93 121 68 26 2 31 45 11 84 40 45 67 67
65 47 123 106 66 51 69 73 68 105 28 119 79 25 38 1
75 116 94 69 56 120 71 88 37 82 44 77 127 111 16 64
31 12 42 97 63 112 43 3 89 71 122 41 96 33 42 43
21 9 112 78 1 55 38 39 10 82 116 9 66 5 74 97
17 116 66 80 100 109 83 62 52 78 103 20 111 17 64 4
26 48 82 28 104 120 67 114 75 55 123 13 60 69 110 77
58 48 29 30 30 113 92 82 63 67 103 46 85 39 50 111
87 5 11 63 125 78 49 72 6 45 85 66 114 67 16 44
116 45 75 18 30 39 100 93 107 75 11 64 114 62 47 74
67 59 9 64 9 59 9 15 104 94 82 90 34 98 7 22
15 82 40 46 121 12 11 100 88 23 36 74 85 84 20 24
15 30 88 24 89 97 40 65 64 122 27 98 92 34 120 107
116 32 25 110 44 37 82 4 60 119 79 17 75 99 41 90
1 1 114 90 99 26 27 35 20 55 5 112 89 125 92 78
4 12 29 83 56 4 125 127 84 66 16 60 6 86 104 66
88 37 110 113 67 94 57 118 36 24 68 113 95 126 86 99
11 115 54 67 119 51 67 75 118 83 8 124 41 112 62 2
21 44 115 88 11 44 78 47 69 19 32 36 17 119 7 28
106 61 96 98 112 35 45 102 118 53 98 31 37 32 33 59
77 21 19 88 65 98 7 6 117 39 42 6 30 49 35 9
110 3 107 95 38 24 69 28 78 40 59 115 72 93 46 21
114 66 109 51 36 116 58 25 28 100 31 58 22 66 67 4
69 46 99 107 71 41 7 21 81 67 8 25 32 55 47 18
121 28 69 29 17 127 54 45 100 85 103 122 24 43 126 93
89 98 73 32 11 80 53 92 19 62 117 51 117 36 69 110
65 11 11 82 10 65 127 110 22 102 104 46 17 103 12 107
73 85 11 84 37 65 48 57 127 37 108 116 74 50 98 11
61 109 93 71 46 92 54 68 66 30 115 84 5 127 63 78
84 74 34 121 11 82 50 10 120 31 126 66 81 96 77 14
77 42 85 123 6 11 64 72 42 51 28 47 50 91 126 6
38 32 127 49 115 50 60 107 81 58 45 34 27 122 48 104
36 5 100 42 17 36 114 59 87 15 106 9 106 104 15 16
9 14 66 124 64 126 103 17 56 20 51 83 14 99 60 50
105 32 92 122 68 78 53 27 93 31 36 72 8 51 88 17
65 26 13 2 24 116 19 81 8 71 36 22 42 96 72 19
0 36 13 68 114 66 95 80 98 3 24 106 54 112 123 120
11 8 122 35 124 13 116 4 84 25 26 127 121 98 18 122
6 32 62 120 98 30 72 68 33 96 46 88 81 41 80 92
49 74 127 45 87 116 49 44 13 75 43 6 45 61 0 51
93 63 44 64 93 116 4 126 85 51 86 38 92 38 2 14
112 1 59 72 117 109 116 2 56 31 9 102 92 9 25 58
72 69 122 37 58 126 36 15 49 122 53 14 33 55 28 17
56 87 89 46 68 77 48 125 108 57 99 73 67 124 3 11
66 125 49 124 123 85 11 45 79 64 59 112 119 87 2 47
46 91 93 115 41 14 112 21 71 83 94 10 79 97 22 17
94 71 13 90 28 24 7 107 88 66 92 79 25 94 127 71
12 35 116 59 32 13 45 54 98 36 97 22 0 95 121 25
105 35 2 72 95 121 126 48 126 60 58 18 8 116 55 20
23 43 79 55 56 124 109 26 33 79 48 33 46 41 58 23
76 61 95 43 54 93 91 52 25 21 70 33 10 125 53 33
40 5 89 96 1 70 122 34 21 42 67 67 83 126 90 31
59 57 74 113 22 37 37 47 59 107 80 69 104 6 102 16
11 63 112 12 6 106 47 27 20 114 95 103 112 57 6 43
115 80 28 9 117 65 57 48 44 9 117 20 15 92 36 26
27 20 39 33 126 86 61 18 72 28 121 57 85 127 100 72
79 1 82 69 66 11 117 111 20 107 3 36 71 40 62 98
60 101 4 59 59 65 77 4 93 71 61 50 70 33 123 22
34 77 91 101 88 80 84 108 59 87 16 2 127 79 101 60
52 105 119 112 42 68 116 7 11 49 57 82 82 52 104 117
1 67 90 89 19 46 70 79 5 86 81 5 37 54 65 90
31 56 74 73 124 62 80 8 111 10 90 65 62 66 54 64
5 16 25 24 62 95 103 68 54 57 73 91 111 10 53 15
66 127 88 62 61 41 70 44 51 32 110 113 98 36 49 103
53 75 0 115 42 103 55 96 32 0 60 16 10 113 31 76
113 119 11 46 32 81 91 83 114 73 69 84 109 118 60 34
65 60 22 108 35 77 76 68 78 8 84 88 122 115 37 107
106 48 25 11 1 116 94 115 61 35 72 43 26 4 77 91
64 99 71 99 49 20 39 127 28 123 87 22 110 124 1 89
44 27 100 46 15 66 33 77 102 105 120 0 109 69 91 45
41 35 17 90 55 56 89 83 52 48 106 34 45 107 123 89
6 95 7 22 34 41 99 8 18 91 8 0 32 99 45 73
6 62 35 61 119 124 17 43 45 123 77 90 102 73 51 109
40 59 3 74 100 102 82 118 65 90 118 97 62 36 43 68
98 78 2 89 75 19 4 120 14 82 82 116 27 5 97 67
64 100 14 36 74 96 27 11 59 17 109 121 53 24 61 24
102 63 113 49 82 118 41 96 72 123 85 99 1 54 38 65
27 52 102 101 21 1 113 80 18 94 73 72 118 6 96 92
70 81 14 24 71 55 121 15 51 78 114 52 4 25 117 31
103 125 0 116 40 86 86 40 105 46 16 54 115 61 113 87
62 13 66 76 28 54 117 29 80 104 114 12 72 44 37 48
41 37 36 81 123 123 121 101 41 9 27 28 71 13 116 5
26 54 81 54 108 71 83 60 47 70 73 120 114 110 40 27
19 76 108 14 71 102 115 112 111 15 13 54 28 1 59 54
55 13 108 35 84 64 96 3 6 41 123 120 23 35 19 42
112 127 56 55 101 44 40 85 59 53 11 87 54 71 13 109
84 121 16 40 57 112 43 63 25 39 55 48 74 74 90 58
74 19 114 47 63 26 4 122 79 16 81 5 87 94 114 43
87 2 83 17 115 126 80 12 37 8 61 112 82 23 42 28
42 28 76 105 54 80 99 5 96 52 10 55 18 124 98 106
127 53 123 114 52 75 126 89 83 59 73 38 83 116 66 125
16 14 103 71 95 74 76 63 127 87 119 17 83 89 123 82
15 118 68 67 66 67 28 21 126 102 59 81 90 126 79 106
12 54 49 107 0 126 43 127 85 34 17 40 123 12 123 10
3 63 77 69 2 106 90 1 80 22 82 42 20 33 20 32
87 70 12 88 68 55 87 25 89 104 65 84 117 60 95 120
124 44 61 126 22 23 127 102 45 82 16 65 115 37 98 75
107 110 35 47 37 122 72 126 99 9 82 88 70 49 80 66
94 13 64 116 36 64 91 82 18 107 19 5 16 117 80 123
99 115 42 8 110 114 6 81 124 89 41 66 10 121 4 104
6 68 93 42 4 56 124 22 35 16 28 52 5 108 47 105
96 90 113 78 76 120 31 72 81 72 10 91 65 14 68 71
83 33 113 87 89 110 110 124 126 10 48 3 118 96 108 86
58 94 36 6 86 67 79 39 11 89 2 76 104 70 19 59
103 5 18 64 115 0 61 113 10 109 116 1 77 97 87 7
63 124 14 21 63 93 60 75 54 62 23 30 5 43 89 108
48 108 45 35 108 106 20 119 87 8 120 37 105 79 44 40
75 58 61 11 23 121 86 78 56 109 108 61 24 70 41 72
50 86 107 30 64 127 21 24 8 13 61 113 93 105 26 40
36 87 51 59 81 9 9 9 119 118 70 15 60 111 88 110
70 67 12 6 67 34 30 75 47 91 60 12 69 86 53 105
