25 50 13 54 71 81 107 85 49 108 8 77 16 60 103 37
84 118 86 28 92 18 98 113 106 70 108 29 124 87 19 22
9 32 76 81 114 56 38 35 36 46 113 52 107 88 90 63
79 48 91 43 66 62 28 44 4 9 74 1 96 93 23 106
125 99 59 111 27 97 19 63 16 4 116 123 92 78 58 43
126 21 87 64 83 115 108 88 124 54 89 93 19 112 71 17
83 2 0 111 99 19 46 115 23 34 110 116 112 40 31 110
62 118 46 17 106 27 105 102 81 66 67 101 50 10 118 6
12 118 117 112 10 35 99 33 70 82 21 54 122 53 37 56
43 83 74 21 110 51 124 64 118 63 37 40 74 27 46 86
17 35 70 27 71 42 61 13 124 82 67 118 7 104 47 51
60 121 72 42 44 68 106 34 4 15 75 78 42 121 36 60
29 107 87 100 21 20 113 17 103 52 7 110 29 54 33 89
47 106 3 92 46 110 126 50 125 73 0 40 67 37 100 96
16 59 68 37 80 53 54 55 105 61 37 6 116 71 95 35
49 99 127 95 81 126 18 78 71 18 118 10 55 90 106 71
22 46 108 102 99 34 29 77 96 66 83 84 9 51 119 58
22 119 26 103 117 44 53 60 62 44 71 118 6 49 61 28
96 42 2 67 76 31 16 44 98 100 0 107 23 120 38 45
111 64 20 100 108 73 32 42 117 103 32 124 25 94 24 121
8 27 60 84 58 77 1 28 49 1 8 72 121 46 117 104
110 9 76 90 82 109 4 72 84 37 68 109 3 92 102 11
119 35 95 50 112 96 78 33 98 86 105 91 4 94 68 114
103 16 76 57 125 81 1 82 118 69 63 121 34 38 4 25
73 99 75 57 68 26 90 38 112 67 1 117 33 69 103 8
86 52 65 83 5 67 37 123 8 101 116 42 11 120 68 84
91 15 13 31 41 103 69 26 42 71 15 75 12 118 83 98
42 20 54 47 87 91 42 96 64 30 10 75 22 78 31 114
94 44 17 7 19 87 33 61 30 48 8 42 39 91 13 81
112 67 1 71 30 43 39 95 74 50 42 96 0 74 82 94
118 100 102 10 59 7 71 89 56 80 3 95 43 16 48 27
83 49 99 114 93 10 81 39 60 123 7 61 69 90 27 60
120 50 6 79 96 5 127 79 53 13 21 100 84 1 24 107
37 113 109 3 98 114 74 50 73 78 113 116 56 45 55 48
96 61 127 64 66 126 16 119 12 37 91 96 38 115 75 76
100 56 79 70 42 26 121 115 104 106 103 32 24 30 80 120
91 79 56 29 78 72 21 90 110 112 58 20 100 6 96 72
62 48 15 105 74 8 92 50 114 68 83 10 98 35 2 62
115 59 91 65 3 112 27 113 97 85 6 69 91 102 13 26
22 28 3 96 36 95 19 23 35 102 33 6 9 36 68 124
95 31 61 98 16 88 84 113 46 90 54 9 64 67 35 87
96 38 55 4 6 74 27 41 48 61 47 58 97 115 54 64
19 116 34 35 76 118 20 122 80 74 4 17 13 39 104 109
78 31 114 84 106 13 125 26 74 45 84 43 32 11 107 51
127 14 86 75 4 106 70 85 52 74 102 66 113 78 47 63
109 33 19 87 47 17 114 121 62 70 37 94 81 16 18 80
30 104 28 35 83 98 120 7 44 94 73 29 44 121 93 25
26 112 113 73 1 99 67 63 41 104 30 123 120 48 75 23
24 103 58 107 73 50 115 117 16 60 19 60 53 112 85 80
96 70 25 98 41 92 33 83 68 63 78 61 111 25 84 8
1 14 115 74 64 102 64 80 35 83 12 88 67 97 40 35
40 66 5 81 30 39 36 99 102 114 32 86 12 116 94 13
2 81 87 66 56 23 18 91 106 30 51 45 127 92 81 39
30 86 121 60 125 29 31 100 16 63 58 28 51 24 41 53
105 0 119 33 24 9 124 2 39 48 48 39 12 1 78 42
87 71 102 85 101 6 57 117 69 115 17 121 11 58 46 116
58 38 22 82 47 18 85 87 66 5 126 78 6 76 120 93
20 95 50 121 101 107 110 42 94 127 35 105 57 82 94 115
120 116 70 39 6 27 126 73 32 124 23 38 73 16 3 93
111 54 86 84 33 68 126 0 67 34 105 124 116 71 111 108
59 53 19 66 80 18 11 112 14 34 22 87 50 26 52 33
80 10 117 113 78 116 113 17 22 91 13 10 34 125 118 94
50 9 32 3 27 43 115 42 77 10 1 0 36 54 33 116
64 23 101 15 11 87 32 33 50 46 43 84 43 33 50 93
33 117 112 73 126 103 61 21 36 93 30 104 23 110 89 109
50 97 45 67 9 41 78 111 63 5 28 62 73 31 21 107
20 6 52 18 109 113 39 17 78 69 122 102 52 83 83 102
52 0 41 62 42 120 45 105 125 73 39 71 104 61 50 124
67 102 14 48 87 54 65 38 123 59 12 47 14 95 21 67
95 63 1 9 55 46 115 52 119 26 123 96 87 45 92 26
19 107 74 107 33 12 17 28 71 29 76 86 124 97 25 91
32 26 101 87 72 88 12 63 114 7 31 74 53 124 100 72
103 47 51 8 59 68 36 2 97 112 88 93 82 113 57 114
11 30 74 83 118 86 19 104 93 50 50 18 46 23 91 21
70 14 29 1 83 66 3 52 50 92 18 4 77 75 119 89
105 65 44 95 23 63 71 116 114 122 7 32 17 98 54 87
112 83 88 67 21 91 120 72 55 10 76 5 85 67 94 62
4 10 29 27 74 100 16 60 94 23 92 111 121 18 70 105
102 30 45 123 122 37 67 49 47 16 54 4 83 20 66 88
31 95 115 105 67 3 37 34 26 1 17 19 20 88 125 122
118 42 117 112 79 57 34 126 73 88 2 28 109 68 116 12
35 104 117 102 107 26 8 6 27 26 25 47 114 22 41 104
64 31 89 15 88 123 13 33 83 15 61 64 83 50 76 118
26 65 93 5 91 101 11 119 127 37 38 113 59 80 90 124
111 51 11 71 46 25 104 1 40 37 66 124 87 14 114 113
80 79 119 43 53 2 34 52 39 73 38 99 25 0 95 8
51 106 79 97 3 55 98 44 92 36 40 52 51 26 37 3
106 28 46 31 31 81 83 70 26 121 41 51 121 8 59 44
115 10 13 118 65 112 34 29 20 74 81 71 101 119 74 79
19 121 110 50 74 65 121 100 59 34 23 52 43 82 97 30
92 110 20 29 94 55 58 115 1 12 58 102 3 5 53 22
126 35 73 72 101 66 44 32 100 67 84 15 21 53 45 113
36 66 14 2 121 72 117 122 84 48 97 87 53 22 110 51
58 55 123 31 121 39 63 93 106 19 109 127 73 26 112 109
92 126 111 85 70 101 80 27 21 49 114 74 71 96 125 1
23 120 32 16 31 95 110 9 115 91 8 60 117 120 41 82
103 106 67 124 25 23 122 91 126 37 81 4 108 12 51 41
121 121 8 105 40 82 37 15 95 65 24 116 68 25 118 43
4 57 40 29 81 34 121 79 71 74 84 51 86 7 92 80
0 101 57 41 55 94 56 22 31 80 11 99 106 1 15 110
58 55 11 11 89 4 91 32 79 47 83 37 54 47 117 55
20 46 96 76 13 24 98 44 105 109 16 83 110 31 65 41
86 76 52 47 81 15 79 32 62 34 69 117 81 59 44 102
105 12 50 118 36 20 35 13 2 51 96 112 82 33 25 40
110 78 87 63 93 38 95 28 72 36 17 25 95 61 127 73
73 49 63 109 70 98 123 72 21 91 56 103 125 82 15 107
32 102 42 125 12 9 25 84 45 42 110 13 103 109 86 48
31 21 30 101 120 25 45 13 116 101 117 113 55 4 92 87
107 6 85 119 15 110 76 61 25 58 74 0 39 32 49 70
53 79 43 45 104 88 59 92 62 48 78 117 52 42 77 31
49 34 23 64 16 99 125 41 29 71 42 68 103 91 11 29
42 54 74 18 15 5 110 77 53 60 66 106 103 15 9 24
49 32 88 66 3 86 107 32 29 21 101 5 112 112 34 26
38 108 44 53 114 27 2 39 87 69 17 62 84 27 86 6
59 47 72 63 5 51 95 34 73 68 39 57 52 73 84 91
54 0 16 40 27 19 79 115 88 97 49 44 124 8 50 55
55 122 118 60 46 86 94 119 26 6 48 79 79 4 42 5
5 58 45 32 77 125 19 37 94 69 82 90 77 4 17 4
127 8 64 45 94 30 36 120 36 84 71 116 89 113 121 94
44 39 126 121 36 18 31 2 87 113 92 36 117 109 40 116
117 104 33 83 6 69 76 43 26 19 31 115 5 24 81 49
63 79 42 99 97 73 101 56 58 65 92 48 47 4 36 36
108 70 120 115 11 68 30 37 87 61 24 92 85 105 13 21
57 56 120 26 1 94 83 60 31 47 108 78 52 16 115 32
86 107 19 98 47 49 7 6 110 32 99 68 9 112 89 66
40 81 93 42 47 48 102 79 95 82 29 19 98 16 52 57
123 71 27 42 121 34 49 103 66 20 43 76 4 4 14 45
86 107 87 5 27 61 84 123 15 114 14 113 2 66 42 126
49 116 60 4 39 80 9 7 58 64 83 83 105 71 57 11
11 53 97 3 76 44 25 108 112 50 16 96 61 55 49 110
43 109 114 82 62 124 90 120 60 45 75 37 116 5 48 127
58 17 2 7 62 28 115 46 78 3 14 11 59 63 122 102
45 108 57 107 104 19 99 36 64 47 73 52 52 121 52 110
11 54 117 73 82 105 119 32 108 6 44 39 69 38 14 114
18 71 93 123 90 65 31 26 112 105 78 36 98 2 18 109
57 8 54 11 113 46 44 93 52 88 5 121 126 19 108 16
90 73 11 52 10 43 78 122 20 28 30 118 31 49 100 88
57 26 99 42 72 15 7 124 103 12 118 101 31 98 118 121
43 1 45 54 44 123 48 64 24 79 55 55 0 27 15 57
53 114 99 126 2 106 122 105 119 112 79 22 82 69 16 126
70 61 52 115 57 100 51 81 51 106 8 51 5 23 108 59
9 79 57 11 58 51 117 49 36 68 71 118 9 87 116 79
21 40 66 78 13 118 31 64 96 39 116 102 62 96 33 71
48 90 83 106 13 72 27 49 12 98 40 21 58 28 100 79
69 39 29 82 29 60 18 125 99 6 99 33 103 4 104 23
94 59 1 108 3 28 29 15 126 69 36 56 98 9 7 39
48 36 121 77 96 11 74 67 18 46 100 121 50 77 16 17
8 17 125 12 45 26 27 43 96 64 100 66 73 107 105 121
16 98 70 112 109 16 52 127 62 24 120 113 101 8 2 110
25 127 122 70 25 21 114 121 85 86 59 30 65 36 23 81
6 93 66 116 110 118 115 44 14 108 29 116 116 31 98 14
30 92 84 56 113 70 49 71 28 109 101 94 17 125 47 24
90 113 12 72 103 127 117 118 107 18 106 96 50 76 110 80
40 66 8 25 9 58 96 37 39 70 3 56 67 51 80 29
36 92 102 12 92 91 2 71 109 108 39 31 56 21 112 96
88 120 121 97 50 90 6 89 32 10 18 99 61 98 0 97
63 102 109 27 65 111 98 47 91 10 78 19 31 62 115 119
55 109 88 105 71 95 67 103 105 85 74 38 55 74 7 118
49 117 17 114 100 116 33 64 126 112 83 29 46 71 21 101
52 109 79 123 76 18 98 53 103 44 91 30 118 99 21 39
109 115 46 44 110 61 58 49 115 37 17 58 35 7 59 63
16 73 59 66 10 112 113 5 76 35 29 32 124 101 39 105
88 86 21 71 19 80 120 6 117 9 64 24 17 123 88 33
68 19 100 79 3 85 84 80 121 113 112 117 86 24 95 47
110 116 118 1 68 110 7 58 119 71 82 8 67 42 42 7
61 14 86 65 99 43 17 92 28 1 82 115 25 49 34 7
37 24 8 106 6 15 36 125 87 118 6 26 33 48 33 94
62 120 31 33 35 48 126 63 50 80 50 75 1 84 83 38
108 91 16 114 107 52 112 66 43 118 92 76 38 125 42 100
117 74 5 24 122 3 88 44 83 10 120 84 95 75 123 75
38 11 62 17 64 46 83 107 36 47 55 74 45 97 46 34
43 51 59 38 55 19 82 10 29 74 95 124 21 90 72 60
101 6 77 37 52 33 16 88 80 71 34 125 41 80 32 84
3 91 122 58 110 77 69 11 23 36 8 45 126 80 105 99
86 54 9 10 87 25 98 40 97 4 37 10 84 69 94 87
32 89 18 14 38 87 26 61 123 34 106 121 114 83 92 72
10 101 82 97 127 52 9 96 56 47 106 12 116 72 99 21
33 117 35 71 76 61 5 71 95 111 64 81 67 29 25 77
2 107 46 1 31 56 97 87 103 75 99 91 20 71 112 53
60 20 125 9 81 2 80 49 113 17 2 52 46 28 1 48
7 48 50 39 104 19 126 79 95 98 42 115 41 27 40 101
47 37 110 0 39 63 49 25 80 52 77 126 80 79 46 87
127 96 126 103 116 125 54 83 95 96 70 8 123 110 109 42
20 92 43 59 27 92 84 107 16 34 105 96 113 23 56 112
120 54 87 108 51 13 63 18 109 5 26 105 115 8 19 7
100 62 67 127 27 23 106 43 57 83 12 42 106 68 26 98
122 113 78 46 126 13 64 108 18 91 85 6 99 104 13 71
39 80 70 66 104 48 109 33 3 121 76 109 61 102 80 56
88 30 102 86 44 38 66 62 1 23 68 100 0 82 43 39
34 113 105 10 33 86 44 36 80 120 18 13 94 98 69 54
0 43 13 44 82 79 107 83 103 47 56 103 1 99 14 36
85 119 46 118 77 90 27 29 82 45 43 49 15 112 103 15
73 4 85 46 72 74 32 87 92 119 125 64 40 45 74 82
34 21 81 39 71 92 61 100 18 108 45 57 68 98 124 14
102 81 60 46 27 92 5 120 83 3 56 123 48 3 77 82
24 31 122 95 123 55 68 13 35 113 71 104 83 67 118 57
21 50 103 48 14 108 40 97 111 97 92 32 100 41 114 124
72 108 92 68 35 32 81 71 17 24 47 100 92 37 29 113
87 4 33 101 112 74 70 96 43 34 0 15 75 114 11 20
95 103 88 2 7 41 73 24 66 120 124 30 29 25 15 116
29 48 89 14 122 31 110 37 65 110 52 13 96 64 33 63
39 121 66 47 34 11 71 100 4 68 2 33 93 17 22 123
66 111 9 60 15 119 98 80 101 22 93 69 86 126 5 126
119 71 45 26 82 116 126 86 56 1 120 22 18 14 17 84
125 26 17 12 17 115 93 118 9 58 59 96 57 64 94 48
7 11 74 90 127 73 48 56 74 40 78 92 54 95 49 52
121 66 64 10 53 29 0 62 88 59 30 17 124 124 65 3
7 12 93 7 85 14 63 31 54 13 123 109 108 44 33 101
110 97 111 35 127 111 98 87 42 0 104 38 125 41 42 4
53 7 11 10 21 74 41 76 87 37 57 67 81 90 40 64
59 23 99 58 6 69 17 49 70 121 87 67 35 1 71 88
9 83 99 30 29 12 106 117 49 35 56 3 125 97 67 57
120 38 115 127 108 5 48 50 126 7 117 33 9 60 122 18
15 93 48 45 105 27 34 27 62 90 30 60 59 97 117 52
7 104 51 115 109 99 37 108 106 26 13 115 87 7 5 102
100 54 19 78 81 53 105 15 16 7 75 75 104 64 127 111
41 50 99 22 21 8 2 0 35 16 115 122 23 121 96 124
47 116 74 0 41 51 15 57 58 91 5 34 27 4 17 68
55 116 91 76 125 93 76 32 109 64 26 5 57 122 1 104
110 75 104 24 126 119 81 56 82 86 90 110 91 107 50 18
96 13 94 93 107 43 125 88 107 23 93 36 17 94 12 0
41 116 24 39 107 105 95 62 64 57 44 27 37 94 45 5
108 11 98 87 54 95 47 33 118 13 69 7 107 81 7 21
69 31 60 49 9 28 111 73 85 27 100 122 121 17 127 101
121 27 44 113 71 0 107 20 116 85 51 100 103 113 24 86
64 81 58 34 31 58 27 68 34 8 106 94 95 63 52 88
90 96 73 34 97 52 54 85 9 105 57 112 90 82 70 26
35 0 61 66 58 88 6 93 96 113 59 63 48 111 24 11
80 97 45 49 22 99 6 31 77 64 16 39 18 86 66 53
87 127 120 17 87 126 110 55 111 41 119 32 25 15 43 105
112 88 26 6 59 32 38 8 96 54 48 114 12 114 40 99
113 32 117 72 30 99 127 14 13 118 46 38 5 89 15 118
49 41 124 108 73 34 117 42 88 37 28 101 23 68 72 8
100 61 80 3 33 79 17 46 70 63 84 75 24 99 65 73
12 62 53 85 96 42 127 57 79 28 30 102 96 102 110 69
36 62 72 69 14 89 115 84 24 71 31 48 42 97 121 54
31 46 11 127 89 11 56 40 39 86 15 7 61 125 76 97
60 20 38 74 109 25 30 5 96 61 53 10 30 46 64 61
93 75 61 54 86 117 94 125 76 109 5 9 107 81 106 39
102 16 113 83 41 15 89 9 76 14 19 107 61 83 40 26
30 101 80 117 91 46 114 39 28 119 48 7 73 26 46 47
42 31 2 83 46 91 92 122 106 111 101 39 66 14 65 96
115 17 85 78 63 72 117 91 63 37 98 8 63 16 55 105
47 58 60 93 21 24 88 127 7 61 38 73 75 103 42 63
120 127 13 56 71 3 19 7 40 118 15 104 6 71 81 54
1 14 19 22 38 107 22 46 41 60 119 116 36 33 51 28
33 65 84 104 68 104 111 108 94 127 84 100 70 38 26 71
52 46 93 90 25 115 8 66 48 0 55 84 33 106 112 66
43 69 43 111 45 26 92 11 25 48 111 95 86 10 38 10
56 4 101 81 119 109 20 39 109 75 123 15 53 108 81 97
49 124 80 94 23 44 105 48 93 88 16 51 98 54 62 26
58 35 108 50 16 0 89 126 75 85 13 0 65 94 97 114
91 50 80 114 94 57 34 59 17 50 111 116 105 45 14 35
80 122 85 96 122 47 94 69 4 107 70 69 74 39 55 37
89 7 23 56 64 57 115 81 108 98 69 85 15 84 120 95
78 78 64 73 125 30 14 1 10 84 70 84 124 125 121 85
22 80 100 29 3 54 122 123 91 119 3 8 69 55 57 10
69 74 28 83 30 73 77 79 63 117 8 49 116 45 122 10
125 94 39 0 20 33 123 111 24 126 120 93 54 49 103 123
123 4 79 25 77 28 105 12 18 113 61 6 30 55 16 27
22 55 27 42 89 23 26 113 21 18 79 75 67 54 71 62
58 22 88 7 50 65 19 68 50 81 74 80 8 90 107 30
18 6 73 107 29 99 92 51 117 43 126 56 98 69 118 28
91 78 36 14 15 55 82 65 8 29 17 17 119 124 47 9
3 120 116 32 91 81 83 80 124 82 8 94 23 127 123 115
77 31 1 93 86 83 30 95 112 48 112 104 44 31 113 47
24 102 80 115 55 35 68 51 117 76 18 13 75 13 0 25
44 1 118 2 84 20 97 69 68 81 45 113 113 30 32 9
4 112 124 59 20 64 111 9 13 1 22 88 14 22 113 58
23 103 60 108 124 30 49 64 111 94 49 96 124 82 105 1
66 102 60 86 38 43 96 51 44 118 12 58 13 125 116 36
101 49 16 97 79 65 33 62 31 83 31 28 37 8 29 103
110 89 62 21 5 30 72 49 20 84 108 33 82 96 70 55
17 86 24 96 24 57 31 55 12 62 83 49 70 112 25 53
74 87 74 79 117 18 0 9 103 108 43 57 77 113 112 94
71 8 63 95 65 94 23 78 28 106 127 98 91 24 23 37
111 97 116 100 116 116 110 91 97 25 20 46 10 4 12 81
12 75 49 77 41 72 27 69 50 27 40 13 51 63 50 35
33 38 7 21 27 117 112 124 14 4 42 24 8 54 106 20
2 27 97 43 99 125 113 21 24 25 35 75 88 85 110 121
124 118 14 23 107 126 19 122 2 61 18 10 115 124 30 117
23 0 33 122 125 18 16 21 43 51 96 3 8 79 125 4
69 11 27 48 10 46 42 12 107 61 23 95 57 53 84 81
53 117 75 50 7 91 71 50 14 40 54 23 119 51 27 60
62 55 108 72 101 23 85 81 84 108 48 13 33 4 94 87
122 42 9 1 5 81 52 20 121 106 43 112 29 70 44 91
125 24 36 99 47 121 52 3 101 100 17 6 104 111 93 98
25 103 100 31 56 24 51 49 2 94 33 31 36 77 122 34
89 50 9 35 26 89 122 97 94 39 118 106 42 69 122 75
108 20 78 117 20 37 1 74 16 8 31 66 13 55 26 102
105 35 9 4 125 3 101 91 42 91 69 85 33 63 32 13
84 110 3 104 19 4 50 35 12 81 101 25 9 0 127 114
35 9 118 32 12 91 124 55 55 65 12 88 1 44 101 85
26 104 61 46 108 111 81 121 64 55 18 73 55 18 60 90
27 50 123 39 14 119 94 69 56 106 29 57 22 2 14 49
107 75 95 87 58 48 80 123 103 99 68 30 117 0 121 16
51 116 55 65 107 22 6 35 0 35 93 23 37 107 72 16
55 39 104 113 87 56 108 63 27 49 93 16 49 86 32 100
74 88 37 53 110 43 89 110 78 54 5 116 33 77 4 88
116 108 74 76 37 54 11 64 103 104 81 25 63 113 125 9
73 35 63 55 78 24 38 29 78 43 17 111 121 21 72 109
2 18 57 39 72 68 103 48 45 56 73 108 42 70 117 115
105 52 43 56 76 81 85 26 124 102 10 117 123 82 99 125
100 28 36 44 97 12 92 14 68 37 122 110 108 111 98 85
36 13 13 112 94 98 11 90 72 21 80 68 103 51 65 75
79 102 119 48 114 84 62 54 121 56 37 101 40 7 59 76
20 72 60 114 43 71 76 115 92 28 55 67 79 121 14 31
95 6 79 81 90 14 7 83 70 44 57 110 51 116 58 71
60 119 57 103 62 6 91 27 34 18 94 114 11 109 17 106
115 96 59 77 110 67 32 53 111 89 35 35 77 94 106 10
85 36 113 19 42 76 46 76 95 13 62 106 122 79 85 109
48 16 58 30 83 90 83 67 52 119 102 1 85 80 11 42
116 125 61 30 73 108 107 40 121 41 19 115 121 104 96 41
120 26 71 76 116 27 15 40 18 117 42 103 69 53 17 58
50 78 88 124 58 67 36 51 109 55 38 102 31 6 15 24
32 86 100 21 113 115 61 3 104 103 106 45 29 123 103 79
74 64 75 4 3 112 56 112 39 94 86 71 101 101 95 5
60 67 26 45 54 88 49 30 63 27 75 92 23 51 44 97
115 119 101 118 103 29 103 15 124 61 86 97 35 53 102 95
120 1 12 46 89 61 76 24 89 23 117 112 74 33 81 61
