73 35 94 127 111 46 11 0 42 79 47 28 19 77 106 73
19 29 90 121 40 43 125 110 37 85 108 116 126 2 116 71
37 82 70 20 0 81 21 42 33 68 70 52 17 49 125 36
78 88 29 118 3 26 100 40 112 81 28 110 83 17 53 121
99 124 13 100 77 34 14 110 102 85 35 119 6 32 27 84
120 57 74 123 83 46 35 67 127 64 49 83 81 103 76 52
99 89 24 48 124 39 31 98 124 66 90 2 98 117 86 91
46 32 86 2 78 122 69 78 58 119 33 11 94 109 63 65
70 88 113 66 127 16 37 123 82 127 125 53 116 83 16 35
115 102 37 65 96 106 15 26 97 48 37 63 29 101 0 100
61 114 38 60 2 75 55 85 74 52 10 63 7 26 98 122
0 7 59 97 113 75 123 83 123 33 18 25 6 19 125 67
5 35 127 7 111 54 92 57 106 102 120 113 0 90 107 1
97 38 98 83 113 93 38 109 126 56 6 4 75 3 71 80
38 70 88 21 124 52 79 102 27 71 87 27 34 66 28 3
105 126 86 90 92 124 71 90 53 77 95 0 80 38 81 119
109 41 12 105 93 91 80 120 35 39 20 69 106 48 72 83
47 31 45 11 27 117 101 80 66 68 81 19 107 34 10 88
75 22 65 40 114 17 33 21 57 53 90 35 101 34 118 20
65 35 31 93 24 5 45 91 73 126 110 52 32 120 12 107
14 78 20 0 95 53 21 24 106 111 59 79 18 49 100 83
85 3 48 109 8 94 72 82 92 54 6 125 46 19 104 61
97 124 61 64 49 83 89 27 66 20 107 84 70 79 40 27
82 88 8 91 54 81 45 19 7 51 16 54 70 120 115 39
117 48 104 38 3 65 66 70 85 45 26 27 124 66 54 78
27 63 41 81 16 86 100 23 10 116 77 80 109 64 120 98
113 96 8 116 33 74 58 118 119 85 18 115 23 72 66 50
7 107 4 23 66 104 47 76 93 124 28 74 61 20 44 46
116 52 34 21 127 93 12 118 50 30 106 73 102 44 124 110
23 0 5 89 104 52 37 69 49 66 15 110 86 59 28 75
112 62 96 111 27 108 101 77 10 79 23 113 123 19 95 19
19 100 108 123 25 18 65 74 84 80 56 42 12 84 117 124
8 73 99 72 29 115 51 42 28 85 13 79 19 45 16 58
110 89 83 53 24 79 12 8 54 123 94 85 117 3 31 125
76 2 69 105 117 121 20 18 78 33 97 97 78 113 27 61
75 110 114 99 61 126 107 116 122 74 73 111 77 104 108 25
107 49 2 96 42 22 114 120 56 84 89 6 69 117 67 16
99 53 116 33 52 95 21 46 41 94 29 118 70 9 15 49
58 18 18 101 40 4 93 96 88 55 103 30 44 42 46 15
96 34 48 20 2 69 66 43 35 95 34 106 104 49 27 34
67 45 7 108 50 101 76 10 28 51 40 72 94 87 87 62
121 8 82 123 77 20 39 113 115 73 91 91 122 118 125 62
36 5 42 86 106 118 96 6 42 9 78 8 96 37 70 89
45 24 85 123 44 124 108 31 69 71 122 63 61 119 125 97
124 39 55 102 30 24 108 72 33 58 80 1 96 22 90 13
46 47 8 90 43 116 121 112 59 115 48 121 106 45 90 103
85 18 77 115 42 58 59 75 116 11 76 84 33 38 98 79
86 106 41 1 95 34 114 26 21 34 19 127 79 110 102 36
0 52 23 42 110 82 117 98 93 65 55 126 103 25 77 61
3 118 63 98 24 49 125 45 83 16 45 34 126 19 71 126
71 94 40 53 49 29 24 14 94 79 13 70 104 90 3 107
81 66 78 105 115 75 23 70 91 68 105 90 87 48 88 31
14 1 84 63 30 108 78 125 59 91 67 35 53 70 15 6
9 93 112 124 40 7 67 3 75 44 93 34 92 54 65 106
55 22 42 85 2 120 82 62 83 21 97 8 92 112 15 101
77 127 97 117 6 36 121 81 80 86 115 44 12 53 23 67
75 65 25 77 57 107 11 12 1 109 20 93 93 35 66 43
34 35 32 40 72 25 121 24 112 109 69 124 34 92 64 109
29 89 58 86 68 70 98 69 51 118 34 16 26 100 59 60
8 92 101 80 117 94 104 101 75 45 98 109 9 34 90 38
123 21 124 63 91 94 5 14 85 39 30 111 12 90 43 20
54 16 100 43 111 76 17 58 122 115 40 3 21 2 42 16
23 38 79 114 5 84 0 90 124 31 73 8 121 116 28 47
5 0 90 116 76 107 46 70 94 86 74 115 89 116 3 112
117 47 29 113 44 63 58 93 78 44 26 22 52 33 59 86
96 81 118 8 125 85 53 31 121 126 24 4 35 48 36 24
95 66 9 11 1 67 104 79 111 2 101 36 36 32 122 4
114 113 13 111 70 66 14 63 64 39 67 99 87 104 124 54
42 5 65 43 73 42 122 56 44 95 92 80 0 87 85 114
72 98 97 14 36 111 78 100 22 17 71 109 121 67 35 35
73 101 78 18 15 72 74 59 40 39 12 40 126 97 26 70
67 123 84 103 106 34 75 1 52 18 110 45 86 18 81 31
119 31 49 6 104 123 65 16 34 77 56 32 46 82 102 113
77 59 88 55 93 35 56 17 54 39 63 12 57 16 43 48
47 92 54 23 87 119 39 122 69 95 26 115 49 1 101 126
60 61 54 25 97 110 43 23 21 106 35 78 122 78 126 41
42 52 65 1 44 104 123 113 72 22 100 121 23 73 120 83
7 46 108 104 28 23 127 50 1 34 0 123 112 127 37 26
51 102 27 95 78 23 80 22 45 53 16 68 126 8 23 5
54 3 109 82 27 108 4 28 14 5 24 126 4 61 24 55
35 52 23 113 75 103 8 120 28 24 60 27 32 83 32 86
86 14 40 113 122 45 14 9 50 38 7 54 99 32 109 6
84 4 119 31 108 127 23 8 23 83 35 55 38 68 13 124
82 54 110 76 99 124 85 21 34 93 75 5 125 56 11 81
61 2 112 41 2 7 49 25 90 85 81 0 25 94 124 107
20 106 55 119 102 13 12 8 106 87 13 103 16 24 56 77
27 40 118 29 47 39 54 9 124 7 9 21 102 5 0 122
112 56 114 86 69 126 95 47 86 108 22 102 5 78 51 32
118 41 61 37 80 115 46 77 123 55 98 97 60 99 91 44
27 77 3 96 76 98 15 34 78 37 8 83 115 59 115 105
100 48 14 52 36 60 1 31 115 100 0 47 71 91 92 98
41 95 66 117 65 81 23 15 118 31 99 105 90 86 82 62
7 96 114 43 28 116 74 15 88 74 62 31 37 26 1 78
121 67 67 58 20 90 74 10 121 45 115 83 3 69 17 10
37 4 53 65 120 127 80 80 73 14 111 111 41 112 61 34
51 1 93 71 91 39 81 85 84 68 40 87 9 58 98 46
116 29 114 8 10 122 89 54 70 89 54 38 15 43 107 64
47 99 54 56 25 78 88 35 71 21 110 6 66 29 103 54
58 89 62 69 83 23 123 26 112 50 64 0 93 44 64 12
15 119 68 40 69 29 75 13 50 57 19 116 87 122 42 17
83 104 86 39 0 82 65 112 4 1 112 97 45 49 110 60
40 50 100 109 79 47 122 1 105 14 117 64 8 31 81 92
8 40 3 8 122 68 120 126 69 105 95 115 26 77 47 66
0 20 47 79 67 42 81 44 56 70 108 64 102 62 28 110
102 31 118 96 99 110 94 41 87 61 28 113 11 75 51 11
95 99 90 35 13 43 79 69 114 60 5 88 122 34 70 96
65 60 64 37 42 30 78 2 91 106 115 102 53 39 113 21
10 76 56 23 119 7 92 105 67 97 65 61 3 7 29 69
67 93 106 110 123 56 112 87 34 99 61 87 10 47 108 20
123 36 43 114 44 7 92 111 105 29 45 108 37 74 49 104
40 27 86 35 83 70 122 117 42 56 77 52 103 57 73 98
94 116 84 10 124 48 121 101 78 38 81 115 113 3 91 25
30 50 60 114 120 55 103 34 111 52 87 86 110 32 56 76
20 12 86 16 61 79 117 11 118 71 126 103 74 89 0 104
11 60 90 4 115 66 38 98 118 125 56 100 29 112 48 50
125 6 66 58 86 56 69 76 127 67 51 73 28 51 49 40
111 12 44 99 78 82 69 68 80 126 41 109 110 89 31 107
96 98 37 54 26 106 2 25 45 53 98 74 104 19 114 87
31 30 58 109 112 0 50 64 126 91 46 108 52 77 88 20
47 125 74 73 104 76 98 21 1 68 95 105 88 81 65 119
111 123 101 96 123 23 32 121 114 78 102 38 28 62 59 75
59 5 21 35 82 119 57 83 60 24 61 20 106 126 11 89
121 112 57 117 7 90 110 121 40 84 32 68 18 91 16 78
96 37 113 50 28 42 6 88 67 67 108 45 65 120 6 58
104 64 47 112 26 30 105 66 114 9 7 5 100 23 83 69
60 68 119 88 111 125 49 50 64 29 95 1 21 101 60 126
37 107 110 63 9 87 2 124 97 9 1 69 32 84 10 92
24 2 52 7 127 101 57 64 3 24 65 24 126 125 22 35
92 79 121 65 86 114 95 109 86 23 122 103 44 28 118 35
3 93 125 12 74 7 47 43 9 48 118 127 102 22 48 67
101 41 4 60 28 100 41 114 123 36 89 39 64 79 75 67
44 72 79 118 79 127 33 88 47 23 88 22 46 8 89 19
49 93 79 77 65 121 63 60 29 25 100 93 104 47 32 21
119 112 11 71 111 45 31 30 68 119 52 114 127 13 6 49
107 85 126 44 78 62 105 107 87 77 72 63 124 105 84 115
89 96 58 72 13 90 102 81 81 27 68 81 40 74 2 19
31 0 64 110 62 41 89 21 118 34 85 114 11 41 101 100
9 32 44 22 122 18 104 75 45 44 28 86 118 30 105 21
31 41 3 93 82 93 115 72 127 72 58 10 113 32 110 123
64 26 17 58 44 121 5 90 37 34 48 27 64 25 49 95
67 52 61 21 17 48 94 16 120 24 26 105 56 8 100 120
34 118 50 79 111 56 41 21 90 89 48 26 114 97 122 53
22 55 75 39 103 41 56 95 65 82 72 122 91 45 114 125
35 37 76 18 93 117 39 55 78 88 81 65 57 75 118 79
2 65 119 105 106 47 72 44 1 17 38 92 62 24 90 97
61 38 115 26 28 27 81 106 115 35 43 44 110 34 124 113
99 115 90 78 34 35 122 35 52 32 0 114 56 90 83 118
0 70 16 28 97 98 7 84 5 50 1 115 84 125 100 56
112 63 6 18 98 0 53 22 32 53 8 88 15 91 78 16
33 95 44 3 65 51 87 70 102 88 57 58 85 30 114 69
93 120 87 63 120 13 85 24 66 93 113 82 56 63 98 89
30 14 92 95 66 52 37 40 12 95 98 98 125 85 39 90
77 127 25 70 12 110 94 78 75 79 32 3 15 2 92 45
17 57 13 83 109 50 123 121 17 93 91 14 50 3 104 0
2 1 70 14 111 36 92 58 116 125 61 3 127 26 48 16
83 61 99 64 112 94 57 1 60 21 16 110 24 120 110 26
122 52 40 105 89 4 36 77 1 97 80 1 123 0 17 78
62 117 14 46 83 72 47 15 93 63 126 117 56 108 15 50
33 55 27 122 59 63 71 61 33 23 62 28 23 79 107 85
68 121 3 24 65 51 39 30 114 37 19 42 18 34 92 51
4 123 60 113 18 113 31 7 121 60 76 10 125 66 16 117
92 34 32 55 32 0 6 75 16 28 109 121 84 56 24 88
51 84 73 70 69 105 77 62 37 25 72 34 91 88 24 55
122 56 111 26 56 117 102 73 17 83 66 101 11 90 62 62
46 7 4 115 112 81 49 21 106 122 56 69 82 80 125 77
8 108 103 64 97 77 9 114 32 75 88 43 37 22 106 83
29 110 70 14 64 120 35 42 114 91 112 68 43 109 17 51
89 121 116 58 70 125 44 103 73 4 18 110 26 124 66 56
107 8 70 43 0 105 85 114 69 69 55 112 50 72 36 11
65 24 69 8 21 114 111 94 118 1 77 17 126 15 73 105
23 15 20 24 120 105 10 61 47 65 46 97 10 82 109 75
106 50 83 127 36 66 94 27 68 43 44 66 58 117 43 81
4 63 105 124 40 116 58 87 53 104 57 63 58 38 11 36
88 94 35 125 33 1 24 101 44 68 39 102 57 82 56 61
17 33 57 57 21 115 17 75 91 74 10 21 112 21 57 72
116 93 69 21 94 93 122 11 33 33 113 90 115 41 23 4
75 81 61 96 68 78 43 32 24 54 53 8 75 111 81 63
76 22 84 42 116 78 53 21 111 39 112 98 80 7 102 27
88 36 124 29 114 39 61 11 93 114 19 41 97 100 104 45
123 61 88 111 11 13 4 123 52 116 93 5 124 68 32 84
104 28 113 90 68 46 101 33 33 121 74 2 93 51 48 88
112 8 71 123 21 76 118 74 64 84 79 60 24 111 17 0
12 2 90 80 49 64 113 82 57 60 84 22 111 4 111 95
12 54 90 34 2 81 108 67 37 59 127 61 42 16 61 54
19 23 6 68 87 120 22 16 52 106 39 35 111 22 2 123
76 92 29 79 45 9 18 82 68 17 15 111 34 76 37 53
100 44 121 59 36 15 76 88 121 115 123 104 9 125 100 85
89 1 36 7 11 54 89 79 72 105 62 106 53 100 31 25
16 24 85 52 39 33 12 32 20 7 9 29 4 109 114 93
110 23 100 121 77 62 73 21 39 7 127 92 107 30 118 123
54 75 47 93 108 59 126 0 66 7 29 70 116 15 36 98
38 8 92 116 70 37 9 109 44 9 74 24 39 64 19 94
43 0 67 52 107 32 46 0 87 38 118 91 32 55 126 51
35 92 124 61 48 11 64 9 16 12 44 6 89 48 57 4
48 124 56 28 28 102 28 116 13 18 79 45 73 77 97 109
41 93 42 89 104 107 98 121 119 15 127 80 63 56 84 112
53 12 12 81 114 40 69 127 58 20 45 4 97 14 113 11
107 27 100 83 6 71 76 125 86 75 77 21 4 33 5 57
45 17 10 32 57 80 31 116 100 76 120 70 90 105 81 69
4 53 25 11 124 101 8 82 49 86 104 53 119 109 110 37
127 120 69 56 72 100 44 45 49 36 115 11 13 68 81 18
121 106 29 118 79 37 72 0 123 48 53 115 30 35 24 29
28 93 85 100 65 2 17 114 38 4 126 52 72 79 70 66
57 99 56 8 8 0 9 4 49 62 119 79 98 15 108 126
108 65 98 45 67 116 32 106 120 30 30 65 109 100 3 38
71 59 46 79 59 55 83 108 118 74 59 88 89 39 86 69
105 56 115 44 44 19 22 37 49 52 102 30 24 105 68 95
36 114 47 95 42 2 76 32 77 7 120 38 47 78 108 24
6 95 68 51 114 91 88 35 15 62 65 40 39 5 7 75
119 54 42 33 57 118 65 6 126 57 44 45 7 24 69 14
119 9 65 105 100 25 12 116 87 77 28 126 82 35 73 74
90 115 107 19 106 45 25 104 102 69 21 110 94 90 124 85
99 61 63 72 86 75 60 45 25 88 43 107 123 116 53 85
103 33 104 81 78 1 57 52 71 78 34 37 40 30 122 12
91 57 84 49 5 16 94 30 104 9 9 99 125 63 57 101
96 33 54 46 35 112 98 106 62 5 15 103 35 9 115 127
67 71 48 72 87 15 102 63 24 111 34 22 46 91 123 14
125 49 60 32 33 31 10 96 36 25 71 71 34 58 70 101
1 119 45 88 6 19 23 30 3 57 52 49 21 47 64 18
97 124 50 2 27 60 98 63 85 41 7 119 99 77 93 100
68 10 60 74 30 83 105 33 13 29 82 34 77 18 52 46
15 102 48 42 34 19 106 119 60 113 110 32 62 75 4 3
86 65 77 116 20 54 21 33 84 103 67 33 122 119 79 9
93 127 51 127 18 29 118 79 14 101 111 77 48 115 80 6
49 126 109 40 43 36 77 71 57 39 54 123 5 102 54 73
120 14 110 52 88 87 97 51 74 10 15 29 60 81 126 110
79 108 22 122 16 99 66 73 10 120 68 16 94 122 89 86
9 72 10 97 31 108 20 105 118 35 6 51 116 5 33 68
113 55 62 1 27 0 74 37 120 14 53 86 8 15 44 17
87 55 114 118 35 7 95 25 42 101 76 31 106 109 99 91
37 33 92 64 34 38 101 26 52 27 113 61 42 29 78 1
84 65 119 119 72 86 17 114 59 93 17 38 75 116 1 112
22 94 48 56 4 21 82 57 48 67 118 90 97 68 91 53
5 82 45 77 40 62 64 100 27 81 10 102 70 11 86 92
105 6 20 110 28 102 39 76 42 29 39 11 97 2 64 103
85 109 52 125 43 116 97 71 70 107 45 12 119 4 104 96
10 124 78 38 98 117 115 12 18 26 23 116 28 88 91 113
69 15 111 113 4 80 56 74 60 101 86 51 105 62 19 116
58 98 26 28 87 13 41 106 39 64 94 68 24 57 53 94
72 36 79 76 117 7 22 49 108 108 100 86 42 119 74 100
89 100 1 49 114 42 27 25 106 121 93 3 50 19 97 122
55 48 71 44 55 93 93 35 74 65 121 116 57 67 89 18
40 90 67 26 4 94 51 110 87 17 113 9 36 82 4 91
2 75 8 57 40 101 93 114 39 86 103 96 26 64 114 66
26 54 92 30 20 15 12 108 32 126 117 68 80 121 32 83
68 40 12 109 13 105 95 52 64 70 20 90 6 7 28 32
61 120 62 81 7 75 61 40 73 51 108 25 44 12 108 113
52 121 94 66 98 61 118 34 4 11 124 10 18 24 43 79
16 105 32 24 52 94 64 125 17 44 23 61 57 3 46 109
124 12 47 95 74 38 1 78 49 126 88 67 22 3 18 39
109 50 63 33 16 127 31 33 43 54 95 100 57 13 82 54
26 1 21 100 39 22 50 88 20 10 27 43 14 45 82 123
96 17 28 112 16 59 18 59 113 113 32 43 126 114 97 24
115 118 124 27 12 46 115 33 57 15 76 71 60 30 66 28
47 94 13 63 26 31 122 11 16 26 54 14 12 23 39 0
13 35 27 26 82 14 59 11 29 7 82 90 37 20 118 84
74 44 41 101 28 7 96 108 1 31 26 36 47 33 6 33
86 11 28 76 7 125 33 11 126 94 78 106 117 68 126 63
113 40 36 13 47 4 121 48 36 19 84 83 53 91 116 11
102 16 88 109 14 121 121 12 87 71 118 76 12 116 12 125
28 48 10 75 53 3 124 89 22 80 44 75 43 33 87 18
49 47 127 63 40 120 75 127 64 65 75 76 54 87 73 82
8 83 30 61 86 26 22 108 106 66 56 22 99 15 40 21
62 39 84 102 32 32 101 96 97 48 44 23 8 117 106 16
72 8 77 30 34 99 10 12 37 66 34 9 81 74 30 15
114 114 117 18 18 90 114 116 11 30 11 19 19 117 35 91
125 112 121 31 83 3 44 120 70 78 1 23 25 31 39 11
18 28 29 36 119 15 24 2 45 36 21 64 25 56 27 23
40 20 54 123 23 98 115 93 49 117 117 74 20 28 85 38
56 114 75 47 1 99 49 46 7 70 110 33 126 9 56 38
29 110 33 52 81 21 18 2 10 7 76 30 35 33 69 91
19 16 11 20 115 60 66 123 3 48 28 1 57 84 40 86
66 73 10 19 94 28 21 104 35 97 7 70 2 76 34 21
92 45 41 79 105 107 74 108 27 102 110 84 58 22 42 125
95 53 16 62 81 38 38 117 7 45 59 10 121 93 31 85
10 73 37 116 52 111 96 80 86 78 36 16 100 79 13 68
4 30 2 85 68 40 74 75 86 6 85 79 99 117 37 110
62 74 98 114 57 66 66 15 17 103 32 117 54 45 57 58
75 59 15 15 100 90 91 58 96 48 9 67 37 46 49 99
120 19 86 50 86 24 65 103 127 97 92 53 15 22 111 90
81 127 106 53 89 69 111 57 117 121 124 27 39 46 126 32
65 84 82 23 109 19 126 108 117 91 34 4 113 17 94 66
16 72 120 105 13 103 34 3 96 31 30 8 77 28 40 14
113 122 38 94 13 36 74 2 127 108 6 112 126 101 51 14
45 43 120 59 18 26 62 115 57 92 123 6 120 35 21 105
29 59 71 42 95 18 45 95 126 51 79 124 24 2 11 70
45 3 1 64 29 63 51 87 27 46 93 19 81 114 125 110
45 68 24 13 86 69 108 85 121 59 81 17 62 92 87 107
44 104 40 51 98 115 88 92 43 127 96 120 0 71 106 69
127 127 3 117 119 67 103 37 43 24 68 94 90 125 82 6
101 123 57 71 110 18 35 25 17 4 17 18 75 123 87 74
122 91 63 113 30 39 22 73 63 90 40 25 87 122 31 60
117 89 4 99 107 39 124 124 43 13 14 118 8 102 65 2
65 0 116 95 39 10 40 102 101 80 127 60 75 31 121 64
120 125 36 99 36 32 95 80 46 110 70 54 84 7 57 21
8 45 116 47 55 28 22 28 109 21 89 56 52 82 120 44
79 28 15 115 61 111 67 107 93 10 33 49 17 90 70 25
7 58 73 63 86 95 91 67 116 52 123 41 6 116 85 85
16 101 73 77 84 12 56 49 22 90 98 40 52 40 65 60
98 10 123 56 105 86 124 94 11 119 7 17 107 92 103 124
65 48 73 21 60 2 70 83 92 40 123 16 80 60 76 50
71 71 107 48 30 103 14 41 94 21 58 74 114 33 70 51
81 15 73 14 17 15 97 109 56 92 126 8 24 74 59 95
18 38 16 48 13 30 89 107 52 19 53 38 53 123 89 6
11 34 20 28 50 117 10 106 81 8 114 106 82 45 73 100
83 89 20 96 120 109 76 44 1 1 82 54 125 43 60 8
78 81 36 0 70 46 106 24 54 92 2 9 10 75 109 93
37 2 62 29 111 10 73 112 11 27 38 8 70 99 16 20
52 53 20 122 99 126 18 26 91 20 35 101 96 16 66 5
18 0 34 2 10 107 114 22 6 25 30 76 124 47 97 48
100 117 42 71 116 61 97 79 81 4 52 49 21 118 54 39
119 88 41 1 67 28 23 73 53 54 22 49 101 119 97 73
108 11 16 96 72 114 47 26 118 99 75 11 90 2 51 81
90 92 82 30 120 106 103 45 32 125 94 5 116 63 78 97
75 94 65 19 80 113 45 71 84 121 82 46 123 5 127 85
98 82 115 90 60 91 8 92 88 102 97 77 38 47 46 113
13 111 4 94 96 50 37 53 43 119 99 38 125 99 123 95
53 111 57 113 74 65 77 34 40 46 111 78 93 29 63 106
13 67 72 109 117 109 34 32 101 6 70 98 105 66 65 30
49 122 15 123 60 92 29 100 10 13 50 103 42 113 81 55
