25 1 8 19 93 101 20 33 87 79 102 110 120 71 92 113
102 56 20 65 106 113 63 77 106 61 127 99 22 29 60 47
30 69 66 123 42 87 29 1 38 3 112 31 74 76 16 49
4 36 114 110 22 49 60 0 110 59 99 4 88 32 52 118
101 118 113 15 77 14 16 116 18 0 19 92 76 35 13 80
71 127 63 93 49 123 94 31 54 65 36 14 97 88 4 70
78 117 85 28 4 102 16 22 102 35 114 51 70 0 3 13
127 66 107 48 61 73 80 115 10 116 1 108 76 5 50 26
123 8 54 127 110 70 21 84 105 7 7 47 7 11 61 7
77 40 55 11 113 7 126 123 123 0 103 71 5 26 98 0
34 24 127 16 95 20 100 72 28 108 120 35 119 53 42 68
93 98 79 78 105 78 73 101 78 49 44 83 75 14 84 109
39 83 125 6 104 97 78 4 77 70 39 68 123 82 9 88
52 88 38 29 38 112 2 116 33 47 72 108 61 28 89 100
111 86 106 87 55 57 91 5 127 3 73 123 85 82 83 9
43 122 38 81 106 41 70 11 88 14 119 21 42 80 122 25
38 100 113 93 29 76 98 29 79 44 24 36 126 107 45 41
101 84 123 79 125 65 90 85 79 81 106 121 33 100 18 71
73 3 37 102 80 7 3 31 51 27 68 50 7 113 91 108
69 86 60 66 23 22 23 102 104 2 95 9 102 114 81 47
117 118 22 69 125 25 101 49 53 41 99 60 26 62 40 96
21 100 34 44 123 58 19 99 60 114 108 34 100 61 82 90
51 104 31 49 1 4 98 54 45 69 114 72 3 27 40 24
127 74 69 122 4 88 93 64 74 74 99 47 7 53 9 59
29 40 108 30 45 78 85 90 19 71 34 22 98 74 47 98
21 116 92 25 76 58 90 22 4 61 69 11 114 78 70 15
119 50 45 36 0 2 126 19 74 33 42 44 107 89 14 0
77 107 26 25 37 116 47 41 49 117 52 35 67 123 50 58
45 95 94 46 98 93 65 44 126 107 88 105 68 103 106 17
82 4 42 119 120 90 32 41 79 84 76 18 79 126 77 125
93 43 43 63 8 108 107 6 88 68 112 28 43 90 46 125
94 88 116 86 50 20 127 1 104 75 20 56 73 97 53 38
102 127 87 29 12 85 84 15 59 109 127 68 55 67 72 28
6 120 93 37 70 106 116 42 62 80 42 94 23 0 80 126
127 40 27 11 125 111 27 56 92 26 124 19 94 68 48 100
60 13 9 3 120 125 45 54 77 87 20 100 87 101 98 86
13 125 98 10 108 125 66 72 23 62 92 117 2 12 89 62
25 98 65 17 95 111 72 44 70 92 17 30 65 115 116 78
113 86 88 93 83 26 38 107 88 2 96 90 14 58 25 39
28 90 57 124 73 1 40 16 93 57 46 31 45 34 109 30
121 70 123 76 96 33 55 57 35 24 19 49 82 44 89 110
7 18 106 80 19 19 96 112 76 14 15 121 49 125 23 42
67 19 118 35 52 46 92 88 70 112 9 24 28 98 6 35
116 113 116 7 4 84 120 80 99 7 74 20 4 97 62 71
116 52 107 41 98 71 1 40 55 10 64 84 109 71 119 97
56 107 105 60 64 97 12 35 104 86 55 109 56 117 52 44
41 31 85 12 103 86 52 30 97 117 114 78 60 106 47 116
85 24 48 21 121 60 56 98 19 111 79 75 100 3 119 14
35 77 26 10 35 78 40 4 67 27 82 127 5 2 115 90
26 35 112 20 96 40 118 115 24 69 62 124 72 53 10 107
2 36 117 38 115 30 42 54 57 125 54 62 127 41 24 25
77 8 45 45 49 35 32 73 104 94 69 49 19 80 28 22
116 18 60 103 48 102 30 105 99 84 39 98 125 63 124 74
72 41 119 121 77 23 66 53 117 7 102 9 87 3 31 76
21 91 51 69 65 81 46 37 37 85 7 35 20 3 109 92
45 101 85 122 124 23 47 114 31 22 123 118 25 26 66 46
117 118 115 54 71 33 91 109 118 99 16 10 102 125 103 19
98 60 13 95 84 61 81 115 83 76 105 108 102 44 26 91
34 13 17 105 46 109 86 36 80 102 46 54 100 21 74 70
82 87 37 38 20 118 25 103 66 2 83 40 46 109 3 80
122 21 58 40 2 16 76 82 119 123 8 91 16 82 33 98
42 71 8 62 61 33 38 0 36 121 40 82 103 44 35 97
65 93 10 67 109 86 21 100 81 29 63 98 112 97 68 26
40 77 88 101 110 126 101 18 120 14 101 95 58 8 64 123
78 61 59 108 1 38 55 52 123 27 113 10 50 37 4 102
40 84 0 113 112 69 56 97 14 97 21 46 39 63 9 117
124 68 98 125 106 25 50 101 52 35 111 102 72 115 76 112
71 77 97 55 18 25 24 33 123 45 79 34 108 88 23 105
28 121 102 7 19 24 108 71 60 92 46 4 79 122 117 23
71 86 78 90 112 103 123 107 20 74 13 1 35 36 106 63
30 80 70 49 105 51 120 37 15 38 41 94 33 30 117 104
117 68 66 101 43 61 80 63 8 93 64 43 1 42 106 31
123 49 80 100 100 73 9 115 111 50 81 16 81 71 121 70
11 59 43 54 121 123 117 1 88 54 44 89 96 22 121 91
71 73 63 43 18 72 30 2 123 112 18 76 55 11 18 66
71 61 120 64 56 109 65 16 35 109 105 4 3 98 95 75
44 31 118 62 103 21 64 98 5 83 46 60 94 64 126 37
125 118 101 53 99 38 69 7 19 47 11 23 17 106 98 61
9 88 124 113 109 60 83 114 15 2 46 110 66 44 19 64
34 121 117 6 31 59 13 51 106 24 74 123 2 44 57 12
4 53 125 114 113 80 100 1 82 19 111 21 63 2 85 98
123 74 104 27 5 117 78 111 13 24 107 15 68 36 27 72
89 24 58 74 105 31 75 59 50 58 80 113 61 37 83 56
112 59 83 117 48 33 101 61 57 80 77 125 116 104 70 77
1 0 23 106 31 99 37 81 29 118 67 90 27 22 19 11
82 102 1 2 8 102 64 65 54 13 63 42 117 5 119 118
5 14 96 37 113 6 118 15 124 57 105 23 80 124 35 34
99 36 36 107 10 100 44 64 113 107 106 103 112 97 93 118
111 62 27 97 68 17 112 64 75 89 87 27 86 122 61 57
30 97 36 40 70 80 104 55 60 82 30 44 51 124 34 35
58 61 4 126 79 116 62 26 77 21 53 35 16 114 92 46
83 0 87 25 81 63 81 13 18 111 57 69 107 92 104 37
25 108 35 104 96 97 2 46 119 55 81 7 41 46 53 125
46 12 22 127 76 103 12 94 87 70 35 66 34 12 104 59
120 11 36 89 109 38 7 100 94 88 107 7 6 32 4 53
45 27 52 121 2 65 87 89 7 122 28 41 6 4 100 127
25 59 40 34 88 125 12 87 30 119 67 95 11 3 127 29
12 42 74 81 86 19 21 121 63 124 28 27 117 21 56 15
80 97 49 40 94 61 127 125 53 66 92 64 70 91 93 82
6 39 36 92 58 57 85 122 53 113 21 43 6 77 58 87
46 107 127 13 41 127 10 94 65 102 30 7 66 123 90 72
34 126 36 92 55 121 86 109 107 107 24 113 57 82 72 103
61 72 116 102 71 126 68 8 101 98 16 39 93 106 111 127
104 19 92 31 12 50 12 119 30 36 105 87 118 49 62 52
121 51 26 64 49 95 73 22 65 89 61 31 67 44 30 43
63 122 74 76 45 87 67 75 123 44 34 114 94 96 38 87
19 64 24 69 31 97 91 97 58 25 0 125 69 30 40 5
25 114 81 70 73 20 17 69 65 51 55 31 19 93 118 39
29 14 108 61 111 71 30 41 96 30 38 38 60 78 43 85
65 124 27 10 16 44 79 81 95 6 112 115 99 103 26 1
117 6 62 101 77 92 14 46 122 53 84 54 3 127 12 68
123 39 79 11 84 30 93 51 37 77 38 8 52 64 9 42
70 71 15 20 35 29 66 29 82 22 84 86 21 96 26 16
7 105 27 91 8 120 15 45 70 53 53 122 118 63 36 60
6 51 80 42 81 18 71 35 40 27 121 61 123 20 77 3
125 105 94 5 97 109 50 39 35 104 34 25 39 70 85 45
122 38 87 75 56 31 110 97 58 104 30 54 124 108 57 121
85 23 127 54 5 49 94 40 25 0 65 64 70 22 110 64
60 69 11 117 100 122 86 31 98 116 85 94 96 14 87 53
37 86 108 42 8 74 82 33 74 19 98 16 42 80 81 102
21 92 91 122 86 49 25 56 38 110 22 6 124 110 60 33
68 40 76 76 114 30 110 60 50 80 76 92 32 29 66 53
122 30 47 80 79 72 9 117 54 31 124 50 13 56 84 82
96 32 30 82 62 12 14 112 92 90 76 124 120 15 50 114
45 97 66 124 42 75 114 96 107 110 19 120 38 103 74 6
7 105 88 69 117 102 54 82 64 2 78 56 17 0 42 62
98 109 59 12 56 45 108 35 27 127 28 65 102 102 71 109
79 31 51 69 5 105 23 69 107 101 126 125 102 40 59 72
35 66 98 77 81 4 5 37 119 57 24 44 26 7 16 22
115 42 87 24 120 51 17 101 41 80 101 19 39 89 43 75
27 13 24 108 18 29 18 9 86 42 53 112 50 69 6 37
111 93 61 103 16 79 76 57 31 49 77 70 10 120 17 38
5 41 18 23 70 36 32 28 79 85 12 1 26 18 38 9
111 100 112 0 51 60 57 82 110 6 24 120 126 42 30 4
83 49 27 26 85 60 54 36 17 67 37 44 85 76 53 69
48 38 69 99 98 126 53 80 5 77 73 3 119 103 7 75
24 35 101 110 95 27 18 112 94 56 28 52 4 82 121 52
120 62 23 90 60 76 43 65 25 116 69 17 91 76 92 116
111 65 98 78 92 116 63 59 44 91 111 48 45 104 100 37
38 123 0 98 71 43 36 97 31 105 114 122 53 78 110 37
15 80 115 107 69 50 38 113 14 21 34 59 125 6 97 35
2 97 6 73 12 42 42 43 19 28 37 72 106 20 109 121
100 97 101 41 19 11 27 33 33 61 93 30 67 62 66 69
31 72 15 43 114 57 86 5 86 123 77 64 15 59 58 116
28 31 29 47 42 56 81 75 117 46 106 57 108 44 126 11
116 13 54 102 71 12 107 29 7 56 93 23 115 23 11 15
54 40 63 97 97 16 44 86 62 22 15 42 66 14 53 54
27 107 28 98 119 7 127 126 64 93 21 51 116 32 67 43
73 2 12 42 18 56 0 80 79 16 122 17 30 47 72 57
26 100 28 17 108 27 15 44 120 37 95 109 69 34 24 14
36 36 56 54 92 57 6 43 73 0 61 103 47 5 32 73
105 60 90 85 88 106 1 80 15 97 61 84 3 85 99 40
121 27 94 86 84 101 1 29 101 62 4 21 67 37 94 45
97 57 2 57 35 4 10 50 101 71 6 104 29 105 16 22
5 111 108 89 84 110 119 57 44 123 78 112 32 45 29 2
102 31 59 9 35 69 59 8 13 65 113 42 43 1 64 48
112 45 9 68 27 0 126 71 124 76 55 28 121 84 30 95
116 90 104 23 31 35 32 44 101 17 86 16 18 23 64 3
68 73 71 95 74 69 38 70 18 94 98 11 50 1 107 38
91 83 62 122 119 94 39 92 111 125 108 1 20 44 4 88
46 94 71 50 22 12 119 98 37 37 12 83 8 56 105 63
59 114 78 48 30 112 26 83 120 21 27 17 112 73 17 31
39 88 81 61 101 73 32 10 110 44 93 118 100 71 53 31
57 4 80 87 116 106 43 109 0 70 126 112 15 15 15 55
104 97 116 77 42 20 87 24 64 52 15 36 123 68 68 52
72 20 12 61 126 55 42 126 125 40 111 13 55 126 68 31
95 56 108 9 77 67 34 13 120 49 50 115 117 118 40 62
10 52 123 8 107 37 7 104 77 118 117 4 116 57 36 84
114 16 93 63 84 127 76 76 48 126 63 38 116 103 100 126
27 95 7 6 4 14 111 81 4 100 85 120 30 121 76 16
10 42 79 94 41 27 42 90 26 105 0 14 81 100 13 108
67 20 115 71 34 98 24 38 70 109 30 100 103 107 116 113
21 67 79 62 95 121 24 121 98 24 7 51 124 20 32 63
40 19 6 74 117 30 112 59 12 15 32 115 122 20 100 15
88 51 77 55 44 102 48 14 126 55 66 123 76 98 58 116
117 65 63 106 95 47 37 107 62 69 94 56 90 66 71 50
117 21 105 33 123 25 48 121 80 114 116 28 84 47 17 73
112 80 51 79 127 88 59 62 30 25 118 120 92 62 42 81
83 19 115 78 44 35 71 124 21 60 25 105 107 42 50 91
122 101 42 121 61 101 55 91 127 46 83 91 108 125 44 63
16 31 13 60 66 84 57 87 16 82 64 123 124 114 86 118
87 1 111 21 102 39 112 101 85 68 64 65 65 109 0 82
12 13 14 79 97 71 38 114 25 103 109 21 89 68 11 49
69 123 70 43 34 54 17 119 122 81 56 60 62 56 14 75
69 28 26 38 100 64 24 125 39 6 19 1 74 30 50 15
25 120 58 59 46 75 50 41 29 106 101 91 34 115 38 103
15 64 14 115 1 38 113 40 44 4 41 118 34 91 5 60
83 64 119 2 11 42 43 40 20 16 4 55 3 42 30 18
107 44 6 108 83 119 20 127 123 62 118 29 25 123 89 109
59 81 111 71 123 26 111 15 42 115 70 45 30 101 63 9
17 69 117 100 60 9 100 55 71 90 85 97 85 46 78 17
127 61 88 122 87 71 10 1 59 80 46 89 53 109 98 71
78 3 27 71 30 72 44 42 21 124 121 88 24 1 118 21
105 13 47 100 114 16 34 102 58 82 21 40 54 112 88 4
115 115 76 17 59 120 60 80 116 53 40 12 54 30 33 31
43 81 3 29 97 37 4 27 119 25 67 46 9 27 50 124
14 126 14 73 119 74 25 107 127 66 120 53 96 25 84 12
106 87 41 75 125 45 102 116 71 42 34 80 69 85 77 84
83 91 29 74 37 55 54 36 121 46 89 89 71 45 101 50
4 15 125 1 60 100 118 3 14 24 84 83 109 33 39 65
124 69 11 33 124 65 69 117 111 30 78 55 75 52 105 79
67 102 81 127 74 71 3 88 95 87 44 77 120 83 14 116
24 25 21 20 91 90 9 74 120 88 1 67 12 106 18 79
81 99 78 27 42 81 116 10 40 32 87 32 115 101 20 12
126 41 32 89 3 42 36 123 2 37 62 14 16 81 93 97
52 43 124 95 125 112 105 37 16 64 70 4 37 90 16 35
4 48 125 7 90 33 3 92 70 65 106 86 18 71 55 71
115 52 38 112 36 15 21 53 79 91 57 116 54 73 23 58
121 20 65 84 53 68 48 124 6 27 82 24 98 10 95 85
62 5 69 98 20 91 23 99 54 80 87 108 25 111 38 19
3 104 103 57 44 23 53 50 50 7 75 21 17 42 106 79
48 48 50 68 11 73 40 65 26 127 46 51 110 84 70 114
60 45 43 105 69 96 27 119 103 102 12 121 17 119 72 65
39 122 5 50 68 45 115 94 45 33 17 27 118 88 13 50
5 56 27 74 24 55 66 0 29 78 121 46 69 65 111 108
60 117 30 0 34 18 94 79 51 111 107 41 71 120 92 77
49 119 23 73 46 89 73 76 40 66 122 109 4 106 90 64
95 120 64 1 10 30 81 62 13 60 103 85 52 67 34 101
59 57 47 105 19 120 53 59 59 48 40 63 26 2 127 121
123 63 122 5 93 75 67 106 7 43 63 60 110 97 33 41
27 80 19 46 73 72 105 4 120 17 67 18 20 66 11 15
1 6 20 94 81 88 72 89 3 8 21 113 105 54 27 4
7 46 50 80 118 27 84 111 45 23 1 65 89 13 80 90
19 100 56 100 60 0 61 63 8 82 49 114 9 76 118 16
18 2 49 53 22 59 100 85 103 118 11 40 55 125 74 69
54 123 73 95 44 52 118 115 102 126 44 94 93 119 117 111
121 38 37 15 98 9 101 73 127 112 113 54 110 59 124 36
54 69 3 98 121 121 85 95 120 1 61 85 120 51 69 113
89 106 1 59 115 102 4 114 86 117 41 68 49 37 104 103
106 107 74 100 101 31 67 93 33 1 50 25 52 119 11 13
97 12 73 84 114 77 71 72 67 112 13 116 21 117 91 127
97 37 99 70 69 39 35 102 40 85 127 92 77 10 105 46
22 50 3 8 0 74 81 67 58 94 55 79 83 18 78 52
56 50 122 125 89 29 99 1 115 98 93 64 109 70 110 3
121 113 12 121 59 93 60 117 59 115 68 14 5 19 67 61
69 61 58 30 91 29 31 78 0 124 14 109 66 124 112 59
110 124 52 41 89 112 31 20 99 99 35 105 118 102 38 59
35 97 89 126 126 120 76 126 116 90 107 55 87 92 114 69
88 39 110 50 23 13 70 123 113 105 100 103 79 10 35 115
107 124 113 106 117 62 104 105 24 84 32 111 48 19 52 8
58 35 58 81 48 1 76 33 106 48 9 58 59 44 45 38
40 30 16 29 92 121 7 117 77 39 100 125 58 25 5 116
60 64 70 108 65 18 14 43 67 23 101 126 67 18 36 107
49 53 9 13 46 16 2 123 55 103 120 114 0 125 102 60
61 44 40 126 63 54 42 2 77 15 0 16 34 36 124 83
89 5 96 7 21 99 2 76 74 122 62 74 120 37 6 53
81 46 52 16 101 94 18 50 109 18 67 15 55 63 98 16
68 67 24 89 38 26 37 112 21 100 58 13 9 64 66 90
110 118 107 83 84 125 6 66 16 73 81 71 8 52 87 76
119 111 37 29 10 74 13 31 46 71 44 55 7 110 18 117
101 125 73 57 122 79 123 10 24 77 81 32 1 41 108 120
24 17 21 34 91 34 65 10 105 109 65 112 92 83 101 65
80 46 122 75 125 118 85 21 67 39 53 68 80 33 60 104
50 81 11 14 115 76 24 92 58 89 76 22 45 49 87 125
96 81 72 93 71 30 115 10 69 40 78 21 74 10 125 124
91 8 10 78 85 34 42 15 124 118 37 41 40 124 38 8
16 124 89 62 126 17 35 50 80 116 5 68 75 95 92 105
102 70 109 17 39 24 56 106 71 88 42 67 78 33 112 94
29 73 29 27 90 64 78 42 53 83 110 0 50 74 105 24
16 86 41 55 110 97 33 53 57 76 121 7 109 105 102 11
50 3 38 12 67 116 54 120 71 36 120 121 110 98 18 126
56 59 53 39 29 86 92 86 34 85 94 16 62 68 27 112
71 65 124 10 54 50 3 125 86 123 119 68 93 9 66 22
68 119 61 97 78 25 56 112 111 22 0 45 90 27 30 33
93 26 43 19 77 46 16 35 42 7 104 7 16 42 29 85
34 90 54 112 116 110 96 99 4 97 16 94 124 46 127 89
73 43 108 22 89 125 57 3 4 33 11 21 76 40 106 110
3 32 94 119 15 62 90 19 31 106 114 28 25 113 117 98
28 98 120 118 95 49 121 99 83 4 120 31 45 98 13 48
3 107 39 18 41 1 37 73 107 23 101 4 9 90 102 37
60 94 27 27 16 21 127 99 25 119 2 70 90 15 118 93
122 29 111 35 30 20 108 10 44 81 14 53 44 117 90 104
83 118 4 99 11 3 70 36 122 72 107 84 87 97 49 81
127 32 117 29 53 97 39 97 51 54 22 95 43 112 71 126
102 75 98 113 78 40 22 73 113 1 29 72 98 79 26 97
111 15 127 36 112 38 5 35 92 27 2 7 12 74 6 114
21 104 100 100 16 122 45 1 123 74 74 93 25 100 63 9
115 62 45 99 100 51 7 65 78 9 72 90 83 78 77 105
54 49 77 71 43 122 72 38 68 18 3 94 118 66 103 105
0 20 77 101 71 84 38 22 93 110 112 49 61 61 26 115
110 103 58 25 97 3 63 37 21 67 3 12 5 106 117 6
127 66 107 70 22 17 92 116 127 77 37 60 10 63 48 121
38 106 18 7 109 82 44 3 21 48 15 26 26 4 32 25
71 11 96 93 28 60 81 28 9 118 88 20 53 8 13 91
115 31 98 96 113 15 99 6 63 114 33 89 119 65 115 62
77 83 27 105 15 109 5 25 99 94 45 25 102 58 116 89
89 87 58 75 102 29 81 37 16 114 126 7 52 113 69 1
68 96 106 84 77 112 109 49 78 26 74 52 84 62 14 45
39 111 9 4 68 89 16 32 49 71 47 38 78 115 25 26
114 87 62 98 119 71 17 40 73 49 33 21 16 40 6 55
23 15 59 91 104 76 123 25 19 43 63 98 30 88 124 16
48 58 114 39 2 3 79 75 53 112 97 69 24 103 124 47
119 55 10 95 3 5 121 23 48 56 121 79 17 117 95 65
47 82 104 49 85 55 125 10 39 94 79 63 69 75 110 60
3 120 28 6 125 21 29 46 77 22 125 94 11 92 31 59
46 7 108 4 62 105 14 101 71 94 36 13 41 18 73 44
10 101 51 8 122 80 54 72 103 51 38 114 15 70 45 62
77 26 66 12 3 80 113 75 46 22 88 88 40 33 4 51
7 55 59 1 8 113 73 111 36 112 97 51 54 15 113 3
41 51 15 44 4 1 119 50 23 79 10 63 113 15 114 120
70 45 121 78 30 67 61 66 51 31 118 105 46 103 108 87
27 124 3 31 125 123 81 20 74 92 83 59 107 70 51 49
115 45 0 18 112 61 84 35 92 74 12 10 50 120 97 77
116 101 108 113 96 61 5 42 25 89 102 4 31 25 54 18
70 54 36 54 115 121 89 80 67 101 90 117 94 60 66 82
33 46 68 1 108 73 43 5 34 17 10 65 43 64 84 113
118 120 40 105 113 1 57 53 103 20 42 69 80 109 23 113
27 91 114 7 37 29 13 71 47 23 9 90 87 93 75 77
85 115 54 71 117 112 124 92 4 38 33 84 19 56 69 47
20 55 54 57 84 67 0 3 90 9 93 49 102 41 126 60
28 53 3 17 37 127 109 41 37 14 125 57 71 66 104 91
121 30 20 77 98 20 81 60 30 46 110 4 87 108 64 116
33 67 5 70 66 115 111 104 1 108 33 72 46 9 35 39
39 55 117 9 76 70 70 106 116 52 110 76 32 47 64 66
114 69 8 53 56 120 29 58 100 62 2 19 71 38 58 110
93 47 120 41 117 62 19 106 114 2 54 18 49 118 84 35
59 93 88 116 85 117 46 57 51 48 76 122 86 7 105 52
54 97 93 44 31 113 22 17 115 76 35 36 66 120 71 125
85 32 113 42 21 31 99 73 80 48 67 38 55 44 90 109
13 56 25 44 41 47 61 28 123 97 64 61 89 7 59 46
