28 55 2 7 101 80 97 65 61 61 55 85 89 89 43 127
7 41 49 15 49 109 62 74 85 86 93 127 27 76 74 56
3 76 63 104 28 32 41 89 94 97 47 55 58 90 54 65
4 104 80 53 85 15 127 42 101 92 42 1 40 116 57 44
64 120 20 92 25 62 53 119 31 100 46 89 63 100 26 67
76 107 120 33 122 120 76 95 84 118 96 125 106 25 41 42
18 61 6 43 123 59 34 26 32 80 115 95 52 14 34 1
121 26 34 115 18 110 82 103 100 51 100 78 76 13 120 94
74 126 9 70 58 43 96 90 123 84 57 48 98 91 49 91
117 83 78 8 66 32 111 38 83 83 117 32 96 109 126 42
108 8 112 38 51 81 0 47 37 57 95 7 20 16 98 9
99 48 17 37 80 0 76 36 83 65 68 51 46 66 94 26
74 78 64 126 31 64 45 68 121 12 75 13 28 45 23 127
93 40 37 46 41 113 82 124 50 22 48 96 88 14 123 35
92 59 33 124 124 78 64 117 90 12 3 118 57 26 117 23
66 26 69 107 11 23 104 61 45 24 30 5 38 25 40 2
84 73 126 80 23 63 70 113 75 73 103 4 99 93 27 37
119 96 17 3 119 121 64 36 17 94 42 55 119 82 57 76
28 56 28 51 119 98 37 66 43 12 70 14 105 98 52 97
66 69 100 58 62 36 94 79 3 8 6 122 91 63 70 119
119 99 42 110 69 79 48 113 92 119 127 69 89 51 38 27
120 10 85 54 47 52 5 50 60 11 44 23 75 115 14 66
86 57 49 27 8 97 12 100 88 12 42 49 63 80 77 56
91 34 110 10 86 116 60 19 127 104 42 74 91 57 13 49
114 62 77 122 31 89 95 120 101 9 41 37 89 118 93 52
25 75 62 111 63 122 2 63 99 45 9 62 102 22 112 88
84 61 82 116 22 49 108 124 58 21 33 20 12 126 72 37
73 7 20 9 1 23 72 100 68 81 35 42 104 19 2 60
80 84 48 102 6 28 98 64 50 3 84 62 1 29 99 75
36 119 84 37 14 28 10 82 109 45 124 85 64 126 18 16
83 66 118 89 95 89 25 17 92 110 79 94 11 50 41 47
41 125 84 56 25 94 10 6 11 7 92 75 5 110 91 88
62 75 13 92 78 107 4 107 109 52 23 41 19 30 95 52
64 12 39 124 119 108 16 23 36 36 114 80 3 75 38 65
22 51 30 101 30 34 80 11 86 103 52 106 5 19 30 69
31 69 66 22 49 82 46 85 118 32 37 122 108 75 59 2
126 89 103 28 123 55 39 82 30 91 60 36 110 90 105 13
31 43 36 80 126 82 37 116 114 74 110 94 22 42 97 20
3 72 49 127 0 88 81 30 52 13 66 34 103 44 48 6
87 84 86 85 38 123 74 24 69 56 119 91 98 88 112 102
32 33 101 32 121 54 63 45 67 1 80 42 45 0 48 5
84 6 90 122 1 36 18 70 93 9 34 63 97 18 37 2
51 10 34 44 64 97 90 3 99 42 45 16 42 93 21 126
99 112 120 100 20 10 43 113 20 77 49 117 95 86 119 18
97 26 62 33 123 24 37 94 66 82 111 108 48 4 106 19
116 98 120 9 109 35 122 1 112 43 118 79 2 110 97 99
8 31 4 3 56 41 98 122 124 81 103 44 85 81 63 74
52 55 83 33 90 77 34 74 121 24 25 123 6 122 94 14
26 98 18 82 12 116 76 8 69 51 52 26 5 115 100 57
43 55 90 5 5 124 80 126 20 105 121 27 100 87 41 126
57 59 80 69 47 28 77 116 80 1 15 85 117 115 14 32
43 104 37 48 100 117 46 120 95 39 19 67 126 61 65 55
120 17 125 40 45 74 28 125 76 43 82 65 31 96 97 74
72 6 122 44 124 40 37 91 79 56 30 77 117 95 4 110
112 1 22 29 76 50 27 24 94 109 89 125 78 58 71 22
64 65 67 60 105 104 23 56 32 53 5 22 20 9 4 4
11 26 34 87 76 61 111 42 42 72 39 120 2 110 15 66
47 82 127 24 58 22 80 90 76 85 112 96 95 116 101 106
14 7 65 91 68 48 5 110 120 45 103 122 27 118 60 75
72 59 99 2 82 52 92 30 9 77 126 104 65 99 82 80
106 19 43 46 67 48 29 59 93 4 53 121 122 114 68 66
45 39 68 127 91 32 29 101 109 28 77 47 127 32 127 106
51 42 24 119 90 53 50 56 57 104 49 51 90 117 117 7
28 57 7 120 90 36 93 71 64 42 118 64 74 117 42 126
87 118 54 81 87 58 119 4 41 91 4 87 39 112 62 106
33 69 105 24 123 70 98 51 58 87 77 37 4 53 97 91
43 23 44 3 82 36 7 123 127 11 83 38 124 17 16 29
86 121 53 81 64 24 5 122 111 82 31 115 7 0 78 51
24 123 54 106 31 61 101 30 72 56 68 68 74 84 97 32
77 23 114 13 47 119 7 30 73 38 17 81 39 95 4 63
90 58 41 121 119 14 23 63 71 91 4 17 47 101 49 125
124 35 10 43 26 18 73 100 56 90 53 95 58 57 30 20
115 71 14 106 86 37 41 29 1 45 46 48 19 95 45 15
3 56 59 29 74 4 1 2 95 54 98 25 111 0 45 98
72 59 76 30 97 118 59 98 35 105 18 54 72 64 70 75
120 1 105 66 5 106 68 100 33 38 125 16 39 43 115 111
102 63 13 71 53 72 41 89 49 60 15 121 124 85 69 116
86 46 54 92 24 122 64 57 33 62 74 72 105 61 55 79
124 68 23 50 12 64 11 61 124 26 54 120 112 123 108 70
41 34 34 66 29 99 123 62 33 69 6 10 2 61 89 127
1 112 49 13 49 60 74 45 86 0 38 70 124 18 13 37
53 47 103 82 18 99 16 51 40 22 61 43 83 23 42 84
7 91 97 56 23 43 102 109 43 12 52 39 30 65 77 83
112 52 37 3 23 53 54 64 75 116 107 30 11 21 114 18
112 83 75 7 126 49 116 42 61 40 81 91 105 30 47 90
83 84 93 106 10 19 42 85 7 21 116 18 42 102 37 26
58 112 33 56 33 22 98 94 62 52 57 40 82 104 2 37
61 95 16 71 114 58 28 122 80 16 12 122 119 49 21 49
33 54 105 66 76 76 32 11 0 90 51 82 66 53 120 127
20 8 70 6 66 99 0 18 115 13 13 106 62 34 27 96
88 5 34 37 81 67 48 81 29 99 35 95 24 27 95 44
35 37 50 102 8 51 120 124 64 5 102 126 39 2 94 0
7 1 37 88 68 85 41 97 56 76 64 80 104 31 124 11
69 46 113 77 97 106 73 33 111 48 32 23 50 126 23 57
127 60 17 67 17 58 36 73 6 101 25 110 4 21 122 73
67 107 23 37 85 96 70 69 16 102 92 66 101 115 123 100
73 112 63 9 74 35 93 85 127 95 22 109 11 106 13 65
108 111 36 45 66 33 90 62 56 109 91 108 73 12 71 18
124 7 27 70 42 120 28 41 88 50 23 99 29 36 36 9
20 73 54 86 106 16 20 34 125 111 15 70 123 86 88 119
93 115 62 7 108 90 49 68 12 72 39 41 108 76 51 0
21 105 86 127 122 107 33 119 90 48 62 86 7 22 77 100
10 11 108 118 101 29 58 114 101 97 27 81 45 78 82 66
56 40 65 50 19 99 41 110 19 103 68 26 126 17 127 8
29 107 126 2 8 56 116 109 25 16 62 71 94 16 9 22
57 75 72 76 46 114 58 65 89 126 92 87 16 91 95 45
70 93 47 78 21 36 59 47 52 121 118 18 10 127 41 67
74 113 15 120 99 74 58 61 72 22 20 88 113 116 5 55
81 53 5 103 89 64 22 13 57 12 31 67 11 72 6 86
58 22 78 29 96 8 90 40 30 111 1 15 99 6 70 52
59 75 27 20 11 49 33 69 61 65 8 73 9 15 31 67
37 109 97 5 118 59 45 20 42 46 36 13 53 106 66 112
54 93 5 65 15 38 6 76 103 15 21 113 30 52 52 67
34 21 72 24 81 117 44 123 36 80 9 89 59 75 73 113
40 78 50 55 117 57 4 92 72 25 77 102 78 2 41 112
23 113 8 104 102 52 100 10 5 109 99 64 56 45 49 96
123 99 24 112 28 28 77 100 53 26 74 3 28 115 115 52
100 123 28 75 48 0 85 53 109 57 117 37 102 38 6 97
9 30 82 38 58 31 10 111 57 85 115 86 72 102 10 45
98 38 120 18 39 77 71 20 6 60 58 108 98 64 78 107
94 32 17 24 63 28 7 120 113 122 78 57 97 88 102 67
127 94 85 38 44 28 58 50 88 116 31 58 52 109 37 18
13 55 42 76 83 50 68 68 44 19 125 13 107 100 80 106
66 37 16 110 65 75 33 25 63 64 83 116 45 121 6 58
48 49 6 3 99 74 71 15 93 68 29 73 40 109 51 107
19 68 89 84 15 122 110 78 58 65 66 103 58 73 33 106
122 39 109 93 114 52 108 79 121 9 24 33 119 76 12 10
16 102 94 31 96 76 109 27 14 48 2 72 121 36 51 115
106 100 127 115 38 17 99 51 31 63 70 9 85 30 43 95
60 62 106 39 30 44 100 39 91 11 29 94 16 113 96 122
85 95 110 123 112 81 46 15 16 116 25 101 18 68 69 78
2 47 117 32 91 89 71 55 101 100 21 117 85 117 111 42
84 93 37 69 46 83 84 63 71 109 36 89 49 105 39 51
25 29 83 116 118 26 43 91 126 64 80 83 53 64 125 10
29 34 79 76 117 35 11 60 17 47 21 66 25 61 118 50
90 73 38 80 100 82 44 98 18 124 54 72 60 51 82 90
86 33 38 75 68 49 8 85 96 29 24 121 90 14 43 52
87 82 5 59 36 49 30 54 45 84 126 106 7 80 68 93
113 106 41 54 27 49 11 123 78 35 117 41 49 32 93 9
114 98 68 22 19 98 77 65 54 75 43 62 28 111 27 13
89 68 67 116 117 79 111 68 114 100 109 36 5 74 45 119
45 113 14 64 84 91 1 10 38 44 72 66 27 100 80 116
40 19 104 30 98 88 98 85 60 79 121 65 25 38 57 70
23 71 7 107 34 8 118 72 53 62 11 80 34 91 69 75
110 45 105 81 5 75 38 66 26 31 3 51 69 60 122 92
3 1 72 37 9 62 110 62 124 121 15 31 84 84 106 66
1 83 19 7 30 57 73 56 88 76 107 29 9 101 122 12
102 66 50 112 0 32 46 124 25 61 27 109 17 5 47 19
88 67 26 118 124 99 46 85 47 26 114 56 127 108 69 102
46 119 86 46 23 4 43 48 66 70 29 83 76 76 102 36
15 0 27 12 99 73 97 19 99 83 75 99 64 16 73 110
7 31 29 30 35 72 78 101 14 107 57 90 56 31 127 71
32 26 83 3 99 52 22 71 8 98 42 72 114 115 54 122
18 83 24 53 27 103 27 42 82 84 4 10 115 3 82 19
29 37 23 1 90 45 72 98 15 114 42 2 101 96 124 119
52 20 44 79 123 71 121 78 27 126 88 15 1 42 34 31
80 57 32 42 103 104 12 118 90 54 120 63 22 116 54 74
9 98 26 4 42 19 82 69 17 43 84 19 85 119 50 37
48 82 79 23 58 91 14 20 17 6 83 40 123 9 114 4
107 12 8 21 32 91 91 49 6 47 68 91 38 118 1 87
62 102 109 96 61 115 32 16 20 115 1 31 10 6 41 18
62 5 88 22 28 0 104 41 87 26 20 29 98 22 65 32
124 46 0 58 33 33 74 54 20 76 85 30 82 126 48 16
3 9 38 31 9 15 72 96 41 93 126 11 115 63 43 112
110 44 42 15 77 116 69 97 64 27 127 18 25 48 34 29
57 73 60 66 88 5 35 1 98 33 13 85 96 56 69 78
100 111 94 49 100 35 18 36 62 18 55 88 66 89 117 123
34 49 61 122 54 96 124 24 1 9 110 98 65 51 48 38
35 14 87 7 50 106 43 112 124 98 72 62 60 61 57 94
111 118 89 37 87 85 62 88 94 44 58 31 95 107 69 2
121 29 9 43 7 53 28 3 23 100 65 83 34 122 50 17
112 11 54 71 96 116 32 62 32 90 93 0 69 35 2 63
64 12 106 71 65 6 74 88 107 11 44 13 5 94 30 117
105 84 61 73 73 93 7 105 55 100 105 125 7 108 60 71
120 38 14 57 45 88 17 24 99 61 37 104 27 67 94 4
23 27 77 96 120 84 74 47 57 51 44 64 31 104 8 23
15 22 80 60 111 98 84 82 31 121 59 59 60 25 63 83
52 13 52 44 97 126 91 26 49 8 91 81 112 99 104 127
121 57 59 104 27 15 59 58 8 118 117 68 15 53 24 67
66 76 111 35 74 74 62 123 82 25 76 67 124 53 66 117
110 126 94 9 13 25 67 22 15 57 90 30 110 114 97 48
62 80 83 8 26 17 4 109 42 80 48 38 5 114 28 115
112 122 124 126 19 64 20 34 121 110 64 103 97 33 23 31
113 106 40 11 124 44 120 38 124 40 77 2 27 105 117 11
99 114 9 118 50 29 24 43 12 88 18 109 121 41 12 106
19 52 117 15 96 110 54 93 22 3 95 49 108 84 61 79
70 70 69 120 100 93 35 112 53 53 93 46 94 105 24 114
30 13 1 126 123 55 91 18 58 58 67 38 15 0 117 85
71 58 78 43 23 113 27 76 39 120 122 5 97 18 119 127
32 121 126 27 48 89 45 107 20 113 17 35 113 7 120 56
65 70 99 89 56 126 37 95 118 32 100 88 50 92 87 82
85 85 110 5 47 27 112 67 12 2 102 126 9 94 54 74
20 43 59 104 85 72 110 90 32 70 10 120 61 75 103 82
40 53 115 47 96 106 38 99 3 34 32 68 101 124 43 121
39 102 98 125 47 80 87 79 22 97 71 84 44 46 38 84
100 26 4 68 4 42 39 8 76 71 76 49 68 119 42 107
94 12 104 13 92 63 92 115 33 35 71 77 81 109 34 53
7 38 122 12 80 33 20 28 105 96 77 45 88 119 24 54
4 1 67 96 64 31 83 97 66 26 47 19 8 81 73 15
119 67 27 71 100 47 99 77 16 48 122 104 39 19 30 43
20 97 12 84 0 95 54 66 122 101 85 2 54 30 17 45
97 45 116 70 92 87 19 108 7 14 84 46 33 114 90 53
83 102 9 83 69 63 21 63 36 107 65 90 9 83 7 107
0 123 49 92 82 68 73 89 82 29 8 115 16 98 40 99
72 50 55 13 113 76 77 22 55 14 112 65 97 120 44 97
115 93 62 70 33 7 31 116 36 39 103 52 9 16 24 81
66 79 95 51 27 44 73 83 58 58 20 28 50 64 125 37
29 59 107 62 66 11 50 103 50 26 27 60 42 51 13 108
2 108 31 30 24 105 113 83 35 5 111 85 69 108 122 98
40 102 32 106 113 83 81 35 109 109 95 23 32 109 3 35
89 34 65 114 11 50 69 46 55 52 3 124 32 126 94 72
100 126 51 85 81 4 120 62 113 88 85 18 69 88 53 30
123 118 16 6 40 85 53 95 9 56 91 42 54 57 114 26
55 37 111 9 42 104 71 27 64 29 45 5 117 98 35 112
88 52 119 0 9 44 95 19 100 58 61 27 115 47 53 43
85 37 52 127 13 123 26 77 24 72 82 14 42 117 126 3
41 117 3 51 33 99 70 6 29 3 33 17 50 86 60 7
123 112 6 8 107 33 85 4 105 39 18 19 29 16 22 70
6 26 121 39 125 63 45 26 66 78 43 117 37 103 124 32
87 3 41 67 36 126 71 13 38 89 32 67 105 55 9 111
81 3 23 78 66 68 104 5 19 20 122 56 123 118 88 83
121 1 22 29 0 93 42 38 54 75 105 31 2 114 15 83
117 38 33 56 106 9 61 125 29 55 53 25 45 14 108 39
15 2 68 15 95 111 53 21 58 30 52 60 17 67 15 6
14 48 1 100 31 100 69 58 74 24 74 17 17 76 120 40
10 102 110 65 27 101 70 125 77 118 10 117 127 56 47 14
104 48 114 8 20 56 66 95 80 12 112 97 88 104 9 98
78 119 35 106 92 106 103 41 96 113 31 95 42 78 109 18
126 96 26 18 24 92 113 104 104 97 73 65 73 82 35 24
73 71 2 37 49 105 78 17 90 109 112 4 59 94 23 57
62 49 76 86 14 61 62 118 31 7 55 104 89 91 0 34
34 2 71 83 107 21 100 70 3 84 74 62 50 97 120 112
19 68 70 33 1 4 23 32 11 79 9 100 42 9 6 76
12 77 31 119 99 3 61 102 87 8 36 10 105 28 122 124
96 65 29 98 69 53 2 81 4 11 53 46 21 60 122 33
9 25 24 108 28 86 82 115 94 119 125 71 19 120 68 116
57 97 86 126 22 88 79 26 100 5 72 121 65 66 26 74
91 50 55 119 8 9 107 102 0 104 46 20 96 114 8 25
83 94 24 106 54 103 4 26 108 77 19 45 15 45 120 107
96 47 98 104 56 77 79 57 54 125 77 22 111 85 48 66
51 72 44 105 47 49 4 28 126 23 73 13 69 65 120 37
112 91 13 41 40 92 98 94 89 47 117 72 4 37 11 55
109 55 32 28 104 36 56 102 60 2 116 1 67 108 38 52
71 51 93 112 16 63 78 105 110 67 50 114 104 61 41 85
116 73 114 93 110 42 67 42 44 55 43 112 36 81 36 107
4 1 91 20 64 42 126 46 109 48 32 86 109 73 43 97
18 29 62 0 72 2 42 116 57 85 100 93 38 8 73 43
9 36 63 73 78 61 119 60 109 23 18 90 96 61 60 115
91 122 115 35 124 30 23 54 115 124 19 26 4 92 69 14
1 4 87 79 66 79 11 47 102 29 10 71 91 70 58 54
64 45 89 61 75 112 115 63 108 6 89 113 99 30 127 100
34 86 51 100 37 63 20 12 92 30 83 55 100 13 109 36
58 70 97 6 55 84 69 35 91 30 20 62 60 19 34 94
106 85 67 15 20 87 27 113 117 110 40 89 123 22 125 54
92 95 60 19 51 1 55 14 31 75 76 91 95 110 57 73
68 124 88 88 83 116 73 72 98 114 33 94 8 31 20 100
93 92 76 73 111 8 44 34 6 77 101 20 83 33 90 92
13 108 57 111 69 94 55 2 62 15 23 120 53 85 24 19
49 101 92 32 109 8 66 115 85 39 8 40 72 98 5 86
78 62 69 19 29 124 21 91 11 44 83 64 1 108 83 50
81 47 82 62 56 20 50 13 59 58 54 4 28 59 90 106
121 31 126 22 27 19 114 38 64 69 102 65 49 58 116 2
105 70 65 33 91 115 47 22 45 101 26 73 32 116 51 25
19 49 48 46 69 34 84 5 103 59 70 25 117 58 27 94
1 92 0 92 79 47 114 124 20 13 69 52 1 121 77 21
42 125 67 111 31 24 116 7 83 59 32 72 117 59 38 118
24 38 82 103 85 69 100 105 82 41 29 83 34 107 104 77
104 44 60 8 68 49 15 23 108 47 95 97 106 5 88 2
44 42 106 1 111 78 107 65 119 8 21 26 115 125 103 92
41 35 100 109 84 115 4 64 34 99 34 12 105 122 15 21
36 121 22 20 71 1 85 62 10 106 88 125 104 63 89 17
99 61 127 55 48 3 120 82 103 26 95 80 20 110 101 56
103 123 76 46 125 34 108 7 12 69 4 116 4 94 6 103
27 5 31 76 8 23 30 111 49 125 63 69 107 36 125 82
32 74 0 29 108 109 36 120 50 40 109 54 6 115 30 34
120 61 110 0 84 12 112 5 10 47 74 117 84 71 72 116
17 72 17 125 53 53 118 103 93 99 30 100 86 60 6 78
121 116 78 77 0 62 82 10 110 28 0 66 99 72 54 117
16 71 114 70 124 104 45 89 75 75 61 33 7 67 111 0
55 62 77 56 124 31 66 106 59 66 44 31 10 98 20 27
41 6 97 37 111 14 127 58 90 60 92 97 0 75 98 55
9 47 111 6 79 50 112 10 116 29 41 127 127 61 26 41
68 123 78 51 9 77 109 99 10 73 69 10 21 39 65 30
86 49 36 37 99 21 48 87 50 89 86 49 23 112 90 91
107 41 14 117 118 123 88 0 69 29 10 90 68 76 120 27
125 29 64 96 50 112 55 100 74 14 21 97 126 112 60 106
25 74 95 15 69 55 16 10 85 26 100 25 102 93 52 99
122 117 67 44 101 123 16 47 9 37 16 7 21 76 113 46
93 80 90 7 92 94 79 58 61 22 81 12 99 87 84 58
42 55 127 80 63 93 43 5 23 41 94 46 37 94 97 2
47 59 9 11 26 89 69 87 111 22 99 82 110 56 13 24
111 12 104 46 105 19 51 1 60 18 47 98 112 16 100 31
75 110 43 101 71 112 60 54 7 32 8 117 88 21 13 71
34 117 117 11 8 40 12 68 58 59 38 43 75 11 74 23
121 117 124 64 102 57 118 109 89 126 98 49 20 111 120 54
100 109 65 108 21 78 48 80 9 87 123 85 98 69 108 91
59 104 27 33 33 17 14 122 15 112 43 35 95 35 89 67
16 27 47 38 105 95 118 114 54 113 71 24 54 51 115 113
28 14 18 61 31 32 56 47 16 99 82 111 7 44 50 23
71 97 61 48 65 51 34 119 36 106 16 91 29 3 76 57
18 95 119 49 127 47 96 16 18 51 127 25 95 50 49 38
19 110 86 84 34 120 76 70 98 92 33 0 95 110 57 113
77 48 35 76 95 3 92 114 54 92 11 21 14 60 59 33
43 17 118 77 10 66 19 108 30 53 108 125 35 38 111 112
86 18 60 54 21 25 40 76 117 51 97 3 112 29 36 27
46 26 104 56 92 123 37 122 48 17 120 83 55 103 67 14
121 0 68 14 25 108 90 14 31 60 17 15 89 53 42 7
80 18 64 44 14 101 39 62 118 31 18 46 6 85 60 127
85 0 13 110 108 104 124 11 36 13 27 125 67 69 4 19
88 68 63 102 41 102 36 32 5 54 78 11 12 10 10 97
10 24 80 118 0 76 1 36 90 28 33 29 98 37 48 58
106 111 32 19 86 68 51 91 123 1 103 7 11 113 104 21
9 56 11 9 5 13 45 95 41 78 124 11 116 44 69 94
27 101 113 113 42 37 77 37 38 52 44 50 37 20 71 47
77 83 56 82 96 102 49 9 52 45 21 40 89 90 6 116
64 120 102 106 29 51 15 67 103 59 117 12 79 61 59 28
16 116 110 112 90 31 121 14 76 14 55 37 105 61 26 41
53 0 19 82 51 34 22 26 93 11 38 44 72 98 73 88
86 55 72 48 87 66 62 35 80 117 73 57 51 99 98 104
99 117 59 22 23 81 48 116 92 86 33 37 56 106 125 14
