57 48 28 95 32 74 83 43 56 12 20 100 78 56 49 94
101 41 6 110 103 70 67 74 22 5 35 52 125 74 96 54
122 125 22 27 71 105 70 0 117 90 100 67 19 22 33 120
63 40 102 38 110 42 112 4 47 19 56 44 93 25 99 88
22 121 115 93 98 57 93 87 19 66 27 38 88 60 30 23
100 5 61 82 47 45 86 94 65 15 10 30 40 109 118 62
102 105 27 72 34 121 32 54 59 59 92 19 119 123 42 92
0 103 46 47 20 5 13 85 20 23 116 60 5 106 122 107
84 21 52 118 14 84 44 73 15 9 92 6 4 6 98 4
109 17 51 2 22 64 87 42 87 75 102 92 54 96 72 10
117 124 0 4 80 45 77 95 54 42 101 58 48 72 62 30
89 113 32 111 49 119 25 8 67 127 101 121 95 45 3 84
41 3 88 121 48 38 88 102 80 61 32 0 5 94 30 94
79 62 77 0 54 102 9 121 101 110 114 68 27 117 25 68
120 113 61 41 23 21 15 103 82 48 104 88 14 6 54 94
69 4 94 123 106 103 116 80 85 102 20 112 91 45 52 83
31 113 124 54 6 12 30 89 60 6 49 74 12 103 40 81
107 7 76 86 110 64 38 68 38 58 52 1 104 105 85 7
90 81 61 97 93 91 58 25 97 107 100 110 82 12 63 62
19 12 20 2 76 58 70 115 116 122 116 92 99 73 99 62
27 33 31 120 124 89 18 94 68 118 76 22 2 11 84 22
23 104 24 100 34 94 87 23 88 75 115 60 21 87 122 48
120 25 40 116 114 58 82 54 48 30 76 51 42 33 73 65
9 97 37 44 63 124 67 23 72 54 83 93 13 77 13 5
102 53 122 88 112 76 14 32 107 91 83 21 124 28 86 5
125 124 49 60 120 116 84 64 43 39 29 56 117 42 62 91
96 56 52 80 4 66 112 111 29 68 4 25 96 91 31 94
87 80 26 79 69 110 16 112 22 45 40 11 88 102 102 56
30 26 8 35 93 120 18 122 60 23 20 29 114 51 123 73
3 21 24 72 4 40 56 26 86 97 37 46 71 11 102 102
38 110 9 3 102 27 125 35 50 17 64 36 68 59 109 72
80 6 16 84 46 73 110 4 42 19 50 113 31 24 87 69
53 26 17 71 30 13 125 95 13 35 121 104 50 61 66 116
53 77 73 100 59 84 62 48 98 5 96 94 109 18 23 35
45 40 106 75 53 103 42 66 10 35 42 60 96 109 48 21
58 122 121 118 78 56 38 48 61 7 15 42 25 38 77 70
78 55 17 4 30 59 70 41 94 113 101 62 94 22 83 24
16 77 14 94 5 53 15 66 60 30 108 85 68 58 28 18
113 45 22 16 105 93 57 71 78 30 6 44 52 89 68 68
38 83 35 43 8 50 109 68 80 90 25 20 20 53 38 5
99 61 21 76 26 78 19 104 109 25 20 33 115 88 102 25
43 9 69 51 59 50 119 11 12 17 31 32 70 69 38 41
2 59 117 28 10 9 4 119 34 24 24 21 113 126 47 28
7 116 80 66 38 71 77 51 88 108 83 31 50 121 72 52
53 62 81 63 71 85 54 105 110 78 127 95 77 46 123 84
34 75 23 72 19 100 123 107 81 79 10 3 72 83 55 125
17 8 60 88 94 114 65 76 65 64 43 14 110 38 98 16
114 121 89 5 94 84 112 47 35 123 50 108 78 105 105 95
114 38 55 80 24 120 28 89 57 71 103 39 109 74 56 95
67 17 100 33 101 85 80 9 80 2 117 30 108 94 125 94
4 52 46 29 44 74 118 101 17 94 13 126 40 69 94 107
86 66 13 59 23 93 68 103 96 57 5 76 24 2 42 28
54 88 57 99 34 48 72 51 14 85 49 54 26 15 33 112
82 46 44 105 12 112 81 108 42 86 56 66 89 98 94 15
58 24 114 92 72 59 15 86 16 64 12 43 80 45 27 34
92 71 11 104 56 92 84 98 51 12 36 12 110 2 27 40
26 14 4 98 73 19 56 89 83 68 4 35 114 32 69 78
103 81 54 31 45 10 1 96 22 37 108 4 40 8 44 66
22 48 37 95 67 93 56 22 34 61 58 20 93 127 98 68
80 24 100 126 34 101 94 56 11 75 60 51 83 104 117 105
24 26 72 91 120 0 113 26 61 43 46 26 43 16 95 123
40 67 121 74 40 88 2 51 35 62 102 118 38 92 95 62
118 39 25 110 39 10 8 101 54 54 127 97 70 94 92 110
33 86 56 74 46 58 125 81 120 100 71 30 64 38 92 54
34 120 48 83 123 13 0 19 45 29 40 118 12 124 17 115
89 19 17 90 116 32 101 17 53 102 120 64 106 59 31 13
51 80 96 47 93 97 66 11 126 106 1 10 102 18 125 63
37 14 25 25 46 126 42 100 101 34 36 79 94 67 92 17
19 61 64 113 30 3 124 28 109 125 38 84 15 36 19 53
50 45 78 97 43 121 69 16 27 105 96 121 44 60 11 64
121 75 49 23 78 45 51 60 42 90 16 57 126 35 110 48
80 61 17 124 54 86 12 81 63 108 75 108 41 86 44 34
33 93 58 112 10 109 44 52 71 60 109 69 95 92 118 48
25 7 44 79 94 56 32 29 37 107 9 78 65 53 112 99
18 42 83 28 24 127 80 95 59 62 37 26 26 27 74 51
34 118 2 0 47 34 30 84 14 39 34 79 93 18 50 111
61 5 12 85 4 92 52 63 26 89 90 52 116 36 103 23
27 105 23 74 12 53 30 26 93 64 105 58 82 28 41 15
33 53 100 38 18 25 101 44 114 63 97 103 100 72 126 127
50 21 73 62 75 103 88 40 39 65 98 121 93 11 9 127
65 109 37 83 6 10 127 121 74 96 96 46 41 94 45 91
115 118 25 62 93 113 102 4 50 72 125 16 84 6 15 21
116 52 104 122 62 103 115 8 72 83 54 113 49 99 76 37
89 101 99 54 86 74 58 8 18 56 24 102 62 39 123 50
91 99 45 26 75 32 34 19 116 89 4 37 60 80 74 22
53 46 76 11 120 7 19 10 63 44 113 125 83 108 48 47
80 93 73 27 125 107 46 113 68 50 23 1 2 97 23 55
15 99 66 7 106 85 18 41 1 3 39 85 111 87 4 63
52 77 90 49 56 8 35 125 58 58 126 60 27 21 115 43
120 53 50 99 11 68 12 12 71 51 97 55 10 101 118 62
50 81 112 107 89 19 104 20 77 102 80 104 123 68 19 115
121 70 86 4 10 99 17 82 22 114 9 33 88 127 95 10
80 79 117 42 98 93 62 47 67 14 24 62 82 43 50 76
113 8 80 124 107 97 78 2 84 87 35 44 86 2 54 39
82 44 81 52 9 15 100 77 29 124 11 112 39 61 60 25
70 12 21 49 110 99 51 66 58 86 110 16 89 36 55 43
108 98 59 88 68 57 28 65 43 16 90 1 29 19 121 126
39 71 66 34 30 8 83 6 47 32 120 102 64 115 103 44
85 34 4 25 91 33 90 6 49 53 8 78 72 1 76 111
72 14 17 103 23 100 109 70 4 101 44 68 89 19 112 46
53 117 72 16 22 34 22 71 87 30 22 31 32 98 14 104
113 31 79 8 3 60 78 7 34 122 75 123 13 60 41 66
49 113 82 71 20 104 14 107 7 36 11 39 7 25 15 120
57 95 0 60 27 78 68 61 72 15 56 85 75 98 23 124
83 105 67 103 81 82 83 88 118 94 127 125 119 15 117 48
110 117 109 9 67 49 71 11 64 127 96 12 97 119 8 53
96 76 28 50 30 111 10 20 77 10 18 69 25 7 117 7
125 98 16 64 19 87 76 84 87 44 96 56 36 104 109 4
52 10 54 82 121 65 103 71 75 121 12 100 0 1 107 125
100 123 62 119 83 10 75 42 54 43 98 90 20 80 95 72
90 21 27 83 86 2 26 33 123 38 5 123 40 112 121 12
108 55 3 63 65 79 105 119 122 75 82 14 27 49 87 117
70 114 73 29 116 99 62 111 10 68 106 50 52 99 62 32
26 65 95 91 16 72 83 11 20 37 25 47 86 112 37 28
98 110 57 86 81 120 69 91 60 48 13 112 19 75 17 46
13 112 9 29 57 92 40 77 1 66 124 87 50 33 116 21
15 45 107 97 37 49 60 97 97 74 82 116 21 99 34 34
83 44 64 12 8 104 89 10 42 86 97 93 119 85 114 7
3 93 104 40 14 36 10 111 110 92 100 4 63 6 38 18
50 102 31 59 79 120 69 121 78 38 86 70 124 72 77 127
38 53 39 52 89 49 36 72 13 8 76 76 14 114 95 65
89 126 124 40 118 65 33 69 103 120 11 99 64 88 98 102
13 10 27 102 59 63 46 73 71 122 21 85 109 116 22 70
114 18 110 105 83 15 46 59 7 57 30 72 17 1 46 30
11 73 4 70 8 51 15 79 45 37 37 26 25 59 96 12
78 78 117 33 94 35 92 101 92 123 45 109 124 92 11 7
37 15 77 46 66 93 125 112 2 34 10 27 94 107 39 44
57 28 77 23 63 42 125 27 37 42 8 33 6 19 40 44
96 51 30 50 16 76 86 41 55 119 73 5 56 63 80 60
10 24 31 87 77 82 47 1 61 110 11 18 23 13 125 119
65 27 41 81 104 0 122 31 119 67 36 47 3 116 107 13
12 10 100 90 92 20 91 25 2 102 43 26 116 41 17 53
68 59 6 44 59 0 75 50 67 111 97 70 100 76 83 112
87 56 74 51 76 37 77 78 12 120 104 0 33 122 53 102
53 59 18 112 59 94 34 126 77 3 69 49 79 24 34 38
80 108 90 28 18 39 107 30 31 83 30 65 77 83 39 2
14 57 114 73 23 20 71 101 23 12 22 103 37 56 13 117
37 103 18 55 14 125 85 46 80 115 111 30 70 22 32 84
79 19 29 103 39 100 76 63 113 98 38 22 27 51 11 64
27 29 119 41 26 76 87 107 63 70 9 5 92 41 89 44
60 118 19 100 90 95 35 75 65 73 97 92 124 109 28 23
10 19 65 37 95 24 16 30 95 25 35 59 66 124 103 127
114 122 99 77 89 6 24 27 79 122 119 75 103 20 99 113
39 36 22 7 60 38 37 27 63 73 87 2 69 62 1 56
57 100 5 18 106 29 45 57 23 37 4 126 57 103 112 96
11 6 103 72 45 13 99 108 86 58 110 27 121 111 83 50
83 88 68 61 118 114 118 13 23 123 12 80 98 124 48 110
2 24 54 47 37 25 28 123 84 10 22 77 122 106 127 77
66 67 11 56 53 1 70 76 124 82 28 95 78 77 77 80
101 3 0 10 28 28 5 112 38 27 61 32 5 60 110 72
0 121 0 53 122 70 2 119 24 30 86 102 107 35 55 80
38 55 90 66 83 95 51 121 123 112 26 0 45 8 72 45
1 73 98 123 15 100 114 40 3 72 14 110 107 69 63 17
124 25 84 79 121 7 73 116 119 99 116 36 107 61 81 108
6 52 103 21 24 90 61 27 34 76 10 14 17 73 31 14
98 115 93 91 122 38 79 114 9 68 22 116 1 104 96 7
28 72 28 52 34 90 80 68 38 90 82 55 35 114 69 5
101 35 97 96 73 48 82 83 116 104 71 117 80 40 124 108
112 25 33 18 115 113 86 25 75 41 80 110 27 22 115 0
57 84 96 2 5 50 85 121 27 29 111 107 69 107 88 53
28 88 119 85 42 116 112 110 117 107 76 80 5 83 83 15
85 53 64 79 71 48 9 126 64 71 8 43 107 67 94 8
27 85 93 69 74 77 51 63 56 0 15 62 83 98 77 41
23 13 120 94 61 1 92 125 72 101 40 51 40 6 59 67
92 25 8 38 102 59 101 31 59 117 93 15 87 42 56 111
56 48 77 117 49 42 115 121 15 27 44 55 34 104 122 126
1 2 36 103 61 9 6 121 126 99 8 86 14 64 69 70
112 18 59 33 60 46 26 75 74 70 2 108 46 124 106 47
126 14 23 60 23 29 53 22 1 61 108 15 125 49 85 109
67 16 14 0 63 40 75 9 110 78 117 29 74 95 76 73
109 99 5 4 1 58 26 2 119 6 17 116 55 102 97 123
118 111 123 53 23 70 62 5 20 51 34 95 18 111 40 127
82 45 4 83 103 30 85 94 37 102 82 92 76 51 87 67
34 82 120 57 25 55 62 45 106 97 12 125 80 52 124 34
97 0 118 72 31 75 38 68 50 120 32 126 43 120 65 77
74 58 6 99 113 69 17 91 38 29 88 118 82 85 24 51
85 14 124 116 90 34 56 12 27 89 10 70 81 76 20 27
6 26 127 119 95 16 82 5 45 43 123 127 0 20 51 85
34 47 74 124 81 2 8 108 91 19 51 44 95 71 72 101
97 71 92 65 87 46 70 4 89 66 4 89 86 55 47 120
102 121 117 55 123 125 36 87 16 87 3 111 30 75 84 127
18 48 64 105 95 7 110 56 73 114 18 31 41 65 23 15
58 12 70 53 10 106 12 26 65 16 10 95 91 94 95 110
15 31 87 110 38 69 38 111 55 56 14 96 121 38 111 51
50 54 105 60 32 117 87 98 5 97 65 97 63 32 79 78
64 38 60 102 108 99 86 35 27 100 4 21 10 115 72 61
41 49 121 74 39 80 44 44 49 109 13 113 14 92 63 78
3 124 52 111 95 10 18 122 111 22 15 121 10 88 54 51
9 48 125 48 0 41 93 50 23 106 35 37 71 98 115 74
94 39 57 61 50 75 56 33 98 71 26 108 31 81 31 41
1 29 89 1 70 54 51 93 33 86 2 104 57 117 50 23
29 107 85 79 54 13 112 24 84 10 4 116 91 36 29 92
59 52 81 31 24 125 2 110 47 58 64 105 126 16 59 45
42 104 35 95 77 104 99 61 117 41 104 25 12 87 10 72
11 91 103 35 88 105 17 7 36 81 112 34 97 43 79 11
20 114 107 97 91 78 30 80 119 6 105 4 93 115 76 104
79 51 12 39 28 29 47 64 111 31 98 80 75 50 92 95
36 71 64 127 21 94 80 13 100 57 17 66 45 93 42 124
16 54 35 44 84 82 109 67 114 79 19 61 1 111 28 38
54 92 37 76 58 117 89 30 47 106 96 92 71 11 88 87
65 123 3 21 78 112 88 64 64 108 125 65 91 25 103 18
117 13 94 47 2 55 77 49 33 46 13 104 57 101 63 122
97 66 16 47 51 104 111 115 84 108 52 48 5 28 66 122
41 32 41 43 87 118 93 120 36 106 96 93 80 31 88 49
97 104 96 20 80 79 7 37 59 60 85 64 88 23 58 1
55 99 44 14 89 9 6 126 116 102 91 68 5 51 117 102
27 85 123 108 36 2 17 95 62 102 31 22 125 89 23 52
60 68 66 21 77 72 19 65 46 111 5 51 34 122 25 62
79 20 42 115 23 59 82 85 33 113 108 30 74 3 82 6
71 20 28 21 92 47 86 10 30 92 61 65 86 86 127 38
107 41 25 2 100 108 87 5 93 67 35 40 71 117 46 14
9 74 35 101 122 122 111 24 86 44 89 44 2 88 82 109
1 108 111 101 88 71 106 53 10 13 93 81 2 12 96 11
86 3 112 80 125 95 105 83 11 66 0 14 27 82 123 28
62 107 2 22 50 108 76 60 122 41 14 124 53 110 8 12
113 120 92 111 88 69 66 99 8 66 113 35 21 109 63 83
88 65 106 10 46 54 70 40 95 84 36 21 66 44 33 52
37 125 35 125 67 101 96 75 40 82 110 61 63 45 16 23
111 122 33 29 48 103 69 16 60 105 37 126 22 70 50 59
67 85 56 6 59 24 81 99 106 63 32 41 109 48 64 92
43 97 121 91 73 62 107 5 39 16 3 61 86 54 120 26
11 48 32 70 73 114 41 51 49 73 93 30 122 29 122 37
127 115 0 72 49 108 77 89 124 80 22 83 6 15 109 18
63 13 88 8 127 2 60 49 75 25 79 69 54 74 106 53
106 39 74 78 111 58 120 73 63 32 18 70 61 120 83 20
8 127 70 114 25 41 88 112 18 124 55 66 32 99 27 10
10 101 88 121 31 80 67 95 113 85 37 46 77 120 66 85
119 9 71 16 50 32 0 68 28 55 7 60 26 34 70 37
7 31 30 39 111 97 6 96 55 43 15 4 35 81 90 26
90 33 42 12 65 42 81 94 97 88 26 124 122 97 33 1
0 63 40 111 33 46 80 88 89 95 92 124 48 54 22 11
88 64 23 25 106 104 119 76 64 18 72 58 115 105 60 115
40 100 98 73 19 50 33 108 17 126 105 66 52 127 77 12
64 100 38 42 77 29 118 13 47 62 72 34 39 4 21 80
104 120 25 123 42 59 104 60 57 81 126 109 80 75 122 16
47 32 59 124 61 49 10 109 112 82 15 23 86 37 103 62
29 1 58 71 60 34 3 117 115 1 98 67 76 92 84 124
124 15 120 58 64 2 39 48 84 54 72 42 91 47 105 120
48 35 64 108 69 67 97 56 69 68 123 17 32 79 13 29
94 6 87 31 8 126 79 93 52 23 7 16 71 112 8 119
19 72 100 88 12 69 16 81 9 12 98 42 91 112 71 58
118 30 89 126 28 40 91 80 64 99 96 7 83 105 126 103
49 98 63 61 40 80 14 49 92 113 91 55 97 34 113 87
64 74 85 92 115 49 45 51 20 13 58 103 118 56 78 40
27 14 101 67 94 116 116 58 101 80 113 70 114 99 29 51
45 114 15 32 35 60 83 55 74 13 31 64 70 109 104 97
123 78 36 89 66 24 19 39 104 5 109 91 104 10 14 21
124 29 54 32 90 9 87 36 23 118 100 93 100 77 62 95
27 98 57 93 122 76 4 99 81 113 62 57 123 76 79 119
105 5 23 67 14 111 103 37 101 76 2 73 25 64 41 52
34 98 17 29 46 21 0 0 6 62 57 1 10 8 120 115
13 16 55 28 127 30 65 100 106 68 46 3 4 87 55 39
57 72 68 103 93 68 103 99 2 33 100 12 41 93 127 55
109 54 83 108 85 20 80 63 88 126 67 93 85 122 4 14
67 72 118 32 12 93 4 14 126 104 26 40 69 25 95 50
80 50 30 37 70 111 100 31 109 39 124 67 34 0 81 101
73 2 44 116 20 32 58 125 107 35 116 46 123 41 125 78
57 1 4 25 86 72 46 57 120 107 8 80 117 18 69 62
21 113 50 41 18 108 38 125 16 26 43 11 68 40 89 125
41 94 22 127 38 69 57 30 48 65 110 37 83 51 99 104
37 22 17 55 2 56 52 18 82 95 30 22 7 119 20 49
85 42 48 124 111 105 26 31 42 9 68 126 60 40 102 97
62 120 24 64 48 76 83 2 43 113 25 51 104 45 100 62
87 20 58 71 126 84 102 40 93 43 38 26 83 13 123 17
5 20 81 53 96 36 55 12 21 80 63 126 125 35 60 85
55 118 28 53 74 2 94 40 45 4 66 0 17 61 17 22
81 99 75 50 7 3 62 29 83 125 27 81 32 87 38 87
77 66 13 23 68 107 63 114 111 1 114 1 63 4 23 16
103 99 66 110 102 0 11 57 125 38 10 29 125 48 117 74
114 2 98 55 109 33 41 92 35 27 93 98 31 117 114 6
88 53 117 62 53 0 119 51 39 2 80 36 50 69 111 37
71 81 92 52 114 5 17 21 32 110 119 64 99 106 70 59
31 59 121 84 60 113 7 99 115 88 7 37 29 118 74 101
71 38 25 58 43 42 79 76 25 71 12 124 49 82 56 80
14 49 36 74 34 44 45 21 4 52 59 33 43 5 6 114
44 32 44 87 74 124 35 99 67 47 96 116 2 24 68 16
73 104 90 108 20 7 1 24 59 60 58 102 66 64 89 110
96 5 69 43 1 105 14 68 24 110 56 26 6 124 42 80
101 4 60 121 11 61 18 71 122 76 45 60 12 6 42 109
12 111 24 13 88 38 82 113 21 10 11 27 7 54 107 108
58 39 101 70 101 119 13 95 67 58 27 80 65 69 61 77
52 85 90 13 123 44 126 16 55 9 44 62 63 23 42 122
63 15 64 36 7 77 3 74 7 30 26 72 99 87 21 23
44 112 36 40 28 34 56 83 44 100 17 107 124 59 101 59
75 37 95 82 114 98 28 122 0 55 66 99 14 88 122 59
72 31 99 100 65 27 56 109 0 73 89 124 5 62 55 80
100 22 34 86 120 62 80 120 117 19 91 4 107 85 63 51
116 34 23 54 61 79 35 61 25 124 57 30 59 112 110 31
89 59 10 86 40 56 104 116 123 39 124 80 76 65 57 12
37 9 116 15 12 75 82 95 65 56 9 9 84 21 75 46
80 86 4 120 14 108 108 9 20 105 89 96 42 19 108 79
28 96 94 40 44 48 8 109 104 17 118 61 38 66 107 118
24 111 111 38 91 91 47 111 68 8 79 110 27 59 61 56
28 27 96 72 76 104 53 52 122 44 113 32 110 92 23 6
75 6 44 39 97 91 22 38 99 102 20 127 33 82 55 61
109 23 5 57 0 59 110 122 103 95 26 85 60 49 91 7
55 7 46 25 98 69 63 69 43 83 68 76 37 123 10 19
19 15 76 19 74 58 13 49 26 39 6 86 89 97 93 16
104 12 41 74 81 104 16 124 60 84 72 97 80 82 116 99
98 65 118 44 123 3 94 21 42 100 107 3 70 73 20 46
85 61 121 38 38 9 34 98 93 106 67 45 61 56 16 31
121 6 75 116 9 41 10 52 14 117 55 84 62 75 2 19
9 123 57 47 4 91 17 98 70 84 15 3 12 32 34 5
38 109 122 48 23 4 100 37 121 27 121 56 103 123 75 112
119 5 31 123 96 48 93 38 4 109 41 17 13 75 22 51
57 16 99 80 20 71 117 14 99 110 70 74 105 17 58 96
22 89 92 119 9 57 29 13 38 71 30 51 18 53 103 75
69 74 27 90 18 16 104 117 126 46 63 104 63 121 72 86
82 36 77 91 94 106 104 4 49 7 56 68 60 31 15 1
105 43 91 123 59 67 112 58 113 47 34 49 40 106 7 122
15 84 85 109 62 62 113 112 69 41 52 1 72 67 2 50
110 94 45 42 33 30 100 19 77 6 68 118 112 75 112 127
31 70 108 93 4 94 77 73 7 1 74 80 69 76 2 51
42 47 93 76 77 65 95 27 71 35 17 56 110 1 55 13
71 36 106 75 2 56 20 9 57 94 89 126 43 91 50 85
11 15 33 88 81 0 115 24 35 4 80 17 6 8 30 77
44 9 25 46 65 45 55 122 12 17 121 55 108 43 12 119
58 46 80 11 46 67 36 82 72 116 99 78 124 2 27 40
11 52 86 76 98 14 70 110 31 63 37 11 106 49 3 37
95 83 48 14 22 84 96 94 73 67 44 69 69 72 110 80
