89 77 25 67 71 50 41 114 6 112 44 57 127 66 70 35
22 47 76 115 16 81 24 101 100 41 94 56 55 13 112 16
90 9 83 33 59 125 20 65 109 64 123 108 2 65 15 24
112 91 12 1 45 36 102 17 77 69 74 4 82 58 20 45
67 103 78 126 100 98 64 81 34 59 62 37 124 77 61 109
41 73 110 86 109 84 103 58 25 49 62 108 107 82 25 46
58 103 45 30 74 109 112 108 40 46 17 36 123 79 17 36
24 127 122 6 84 98 64 109 19 127 89 127 81 114 45 11
90 90 42 36 71 26 16 111 72 34 20 67 113 37 104 9
37 98 15 121 68 80 102 88 79 64 87 32 50 4 44 12
95 86 48 38 112 65 22 56 99 42 123 84 79 99 93 116
70 109 109 10 61 84 98 12 20 57 44 70 62 88 83 29
46 3 67 30 68 89 86 39 3 82 123 83 53 89 71 123
70 53 6 3 9 104 15 29 34 59 99 96 20 54 125 66
58 64 97 126 26 55 38 29 9 33 112 63 122 56 58 64
109 64 67 118 41 82 19 75 14 118 43 34 45 40 100 103
104 69 101 2 125 11 32 6 45 16 69 39 72 0 104 53
64 43 43 105 126 62 52 12 53 95 46 98 7 18 73 112
88 46 114 85 58 18 91 103 35 33 14 107 33 118 33 97
34 76 75 32 11 127 44 64 95 90 34 102 108 107 86 68
25 73 25 83 91 117 58 126 22 73 106 55 63 11 24 97
87 99 1 98 99 45 34 66 7 68 40 116 47 127 56 73
72 82 28 35 71 87 34 93 32 12 20 95 23 44 65 110
16 66 81 115 112 115 53 119 56 93 107 103 92 36 48 36
118 77 72 61 36 106 26 68 118 46 35 13 90 100 123 106
39 76 93 23 64 18 14 120 112 122 95 76 30 16 113 20
93 57 81 1 35 107 69 25 25 104 38 115 77 33 94 116
110 59 11 46 78 25 38 62 19 5 10 49 21 123 69 114
52 22 115 87 1 56 112 26 33 22 14 110 56 108 98 38
39 109 84 117 6 122 51 26 127 62 75 21 57 17 7 110
39 123 69 41 51 54 67 84 76 81 66 4 61 36 42 101
17 126 90 24 120 14 50 120 76 125 13 5 14 20 115 54
121 12 18 80 84 7 127 31 35 85 63 59 32 36 65 27
121 76 4 67 88 110 91 118 113 26 93 55 82 2 55 75
14 73 27 98 80 26 1 116 111 65 47 15 101 112 43 94
60 47 34 20 29 125 11 15 23 104 70 105 107 125 52 121
70 80 92 23 106 93 11 90 30 58 105 3 43 20 98 103
67 4 124 97 1 7 112 24 111 54 2 90 51 54 84 121
6 48 16 113 13 27 75 44 86 52 47 1 73 17 104 12
21 100 109 22 107 93 47 91 19 49 53 70 103 9 64 110
57 80 95 71 108 42 115 66 94 34 67 39 52 43 52 73
16 33 96 123 127 15 86 18 64 12 89 39 21 25 21 79
105 116 22 85 30 9 23 125 43 90 36 95 6 88 41 22
122 9 17 121 24 104 11 88 116 100 127 9 125 21 88 103
9 110 60 40 119 84 37 35 46 73 2 52 34 43 74 28
52 92 21 76 68 32 36 56 5 36 65 2 57 26 105 66
8 38 106 0 122 15 35 40 89 37 93 123 81 39 23 5
3 44 82 71 76 118 127 81 26 65 84 83 91 61 22 99
99 0 99 93 16 6 6 105 44 99 100 125 10 123 2 14
39 84 85 115 75 85 69 101 22 25 57 113 86 79 84 58
79 56 23 95 62 29 72 106 0 44 103 11 39 106 25 78
62 110 66 9 67 7 111 89 32 40 74 118 119 31 48 70
87 72 38 21 101 110 0 102 27 103 113 66 81 10 17 16
120 83 25 60 90 8 21 122 48 96 112 39 127 33 110 86
105 20 107 78 2 107 52 29 83 37 96 36 47 113 52 40
68 78 100 30 86 121 24 7 89 8 46 88 41 28 46 18
48 26 97 51 5 21 80 88 59 48 125 106 33 49 18 101
127 118 3 86 112 27 93 73 36 11 34 77 40 80 96 88
106 65 11 112 86 92 72 17 12 69 124 46 119 14 19 118
5 23 76 117 50 41 62 86 53 96 36 93 49 4 53 27
69 65 11 27 29 84 45 41 25 41 87 16 55 107 7 60
2 83 49 52 125 112 11 50 80 47 15 1 51 68 29 120
5 40 19 34 124 64 76 22 105 35 38 33 14 45 93 16
1 15 69 126 127 80 48 79 127 63 81 50 3 110 42 9
42 57 101 49 55 11 40 60 58 69 49 112 2 29 11 57
125 92 3 75 40 51 46 52 85 120 125 18 66 74 95 108
3 69 29 58 80 70 118 11 11 39 123 13 69 6 70 66
98 73 13 11 124 60 63 82 52 61 100 118 7 68 99 10
9 0 68 89 70 58 100 82 98 95 95 39 102 38 105 72
111 118 83 108 50 19 62 103 80 34 93 87 102 64 97 111
65 37 73 7 95 45 89 65 13 57 104 115 95 81 59 78
72 15 58 122 34 120 97 114 27 63 73 1 127 42 113 64
79 58 72 46 103 33 112 116 90 88 103 57 42 35 8 114
50 66 108 84 59 78 70 86 13 15 87 12 57 72 77 8
2 21 54 106 54 38 94 17 127 70 74 41 105 82 27 27
21 7 111 80 85 53 38 98 68 125 111 125 70 60 5 72
81 59 50 7 98 17 24 97 87 99 10 64 53 37 91 74
44 74 26 2 127 64 100 67 62 83 64 4 15 69 76 96
0 127 104 98 16 0 67 103 99 77 39 25 114 2 99 31
76 126 33 75 62 5 14 124 89 78 0 104 19 77 73 19
76 49 118 92 49 57 67 21 7 106 46 121 108 17 24 56
15 57 3 78 63 17 74 24 95 75 0 114 24 73 5 100
122 123 64 44 53 3 65 60 109 111 53 89 0 78 17 16
7 20 94 70 37 40 94 4 115 95 118 11 40 123 111 35
119 47 79 44 50 16 104 31 127 29 120 127 107 9 15 115
29 109 57 66 22 24 70 9 119 60 21 31 56 4 66 47
52 17 91 102 33 67 6 32 96 126 32 76 8 47 63 37
29 120 104 51 16 46 60 7 107 81 39 35 86 105 82 10
123 45 112 28 112 118 61 80 117 93 28 125 12 91 34 41
84 10 92 100 57 25 108 36 106 19 71 64 124 25 74 119
70 59 20 54 49 81 6 38 46 35 35 58 126 70 100 82
80 64 55 9 89 35 45 68 54 116 4 50 13 79 42 83
10 62 9 59 15 16 98 61 51 5 119 49 75 91 4 28
28 59 37 117 94 83 57 20 71 62 70 85 13 112 40 23
46 50 82 61 66 52 122 117 58 114 38 5 77 42 33 105
101 71 95 67 26 24 87 97 86 30 54 99 14 95 122 61
32 35 92 108 34 64 23 100 13 114 25 75 120 79 32 73
69 42 10 28 55 111 44 76 73 41 47 72 52 56 72 84
92 36 64 126 101 87 98 114 73 123 61 65 75 93 10 16
7 21 44 62 4 89 11 77 2 58 21 54 114 93 10 78
2 74 77 103 33 47 89 106 43 22 44 118 115 54 6 122
75 50 56 79 11 67 28 13 125 49 67 112 15 77 62 17
23 11 120 56 59 81 35 102 103 79 92 90 5 98 84 81
20 12 32 32 80 61 45 77 110 113 61 125 62 124 14 86
7 6 14 66 87 49 40 62 0 4 24 6 102 108 87 123
121 119 27 73 52 72 22 35 57 84 32 120 80 47 78 87
53 92 26 13 14 66 75 14 71 100 20 45 80 107 40 73
99 67 18 23 12 41 58 69 125 91 61 77 10 11 36 63
104 62 76 118 1 24 4 72 124 25 117 76 4 30 22 103
97 40 127 109 81 57 51 78 20 112 27 30 124 64 94 100
126 42 90 127 66 94 71 62 119 61 11 124 91 33 99 60
73 98 42 27 28 93 105 48 77 5 79 73 69 45 45 67
87 7 67 26 102 10 88 93 71 99 89 34 4 61 95 78
31 9 105 59 102 82 108 51 87 59 125 28 104 42 96 63
50 35 89 24 45 50 117 117 21 79 23 26 12 118 104 43
127 81 103 101 35 83 25 123 14 22 23 118 64 119 53 114
26 15 10 72 65 0 61 86 79 84 112 91 75 88 6 74
41 109 48 77 64 73 72 78 95 95 68 31 87 122 18 113
9 28 57 74 28 118 32 107 75 17 70 22 105 77 96 19
58 16 96 123 89 40 73 56 7 14 88 94 8 106 80 17
6 9 91 35 0 123 14 75 12 85 97 118 34 65 9 92
82 105 87 43 17 33 100 24 47 60 119 55 38 71 72 44
80 35 79 80 30 94 27 43 51 124 33 85 62 42 49 16
19 9 59 36 42 31 60 89 91 51 16 1 122 88 46 75
123 125 27 25 91 55 68 14 51 101 99 113 15 21 1 34
30 61 70 72 92 3 33 56 54 49 57 49 9 103 124 4
101 23 29 64 78 98 79 2 71 50 115 87 71 117 121 101
50 64 45 14 67 78 70 121 127 0 42 8 103 38 12 76
89 64 64 103 106 29 18 59 49 108 1 42 97 74 34 116
42 10 60 79 77 20 41 64 10 74 111 12 96 25 68 57
90 4 32 68 34 50 0 83 31 1 126 0 75 32 117 117
42 49 69 120 69 110 56 80 57 40 92 25 65 32 83 27
37 115 96 71 38 96 26 69 97 24 69 44 56 58 33 99
108 102 91 49 85 19 1 14 59 94 39 125 126 122 24 35
110 120 106 20 88 5 89 57 29 30 101 86 89 7 57 69
109 20 118 66 39 120 80 99 86 120 96 84 114 120 120 96
113 98 116 73 103 77 3 5 108 104 91 69 111 20 10 93
40 0 31 79 120 112 50 78 104 18 35 90 11 27 59 124
125 47 69 101 125 72 106 105 49 69 46 32 89 56 125 1
56 29 80 49 13 3 127 117 21 34 79 32 61 10 28 59
58 98 32 55 42 10 32 91 79 78 124 40 6 121 41 62
22 121 111 35 124 111 24 18 17 104 50 79 114 79 10 44
49 42 99 91 52 3 55 3 81 51 43 87 44 84 22 67
77 5 102 74 116 127 92 6 103 14 85 89 93 95 6 14
9 105 106 61 109 33 64 62 84 107 22 0 63 44 67 12
49 42 86 38 41 50 44 16 65 1 105 30 96 111 45 105
89 23 38 70 56 102 4 12 81 26 12 16 70 80 28 120
122 115 30 35 37 74 51 102 75 28 5 43 12 50 20 101
73 58 43 1 32 47 13 113 74 25 1 16 105 29 8 99
16 38 6 54 112 57 28 59 86 33 102 98 83 122 71 28
52 114 29 84 33 42 69 107 68 70 124 45 100 4 17 116
43 23 42 27 81 71 87 39 104 61 9 60 56 80 88 108
66 118 65 99 32 6 79 100 77 75 18 49 79 35 37 122
58 80 22 11 23 109 50 127 42 59 59 98 11 20 79 77
10 16 49 42 22 0 15 99 75 33 20 26 68 58 21 126
10 43 10 33 24 60 32 66 120 92 37 3 112 116 81 122
4 2 36 26 2 51 126 77 84 18 103 24 76 124 23 86
39 33 119 63 93 24 2 85 116 39 89 100 27 42 94 31
44 2 57 46 54 55 123 10 74 98 35 22 95 58 109 6
91 100 70 56 124 72 14 112 111 103 84 10 17 50 41 61
70 89 103 34 113 106 106 122 51 17 48 12 35 81 20 59
120 57 40 107 102 103 108 70 120 27 118 114 3 62 15 73
23 118 107 8 96 85 2 20 103 51 32 10 4 52 69 124
109 110 103 83 85 83 25 77 111 16 63 114 78 78 60 101
68 39 109 37 125 111 57 100 34 89 110 39 14 52 35 123
34 11 79 119 94 104 68 77 120 4 64 70 82 124 43 23
35 24 60 32 8 117 4 42 78 115 81 92 39 117 88 73
0 39 64 94 15 4 44 8 8 108 78 91 104 122 114 11
18 46 44 26 35 48 69 113 35 22 78 74 11 38 19 11
77 83 106 92 88 22 100 96 2 51 59 106 45 45 117 63
91 33 90 126 82 31 112 117 53 62 64 65 100 83 76 49
39 54 13 127 76 114 95 78 37 27 56 82 72 46 17 36
79 107 34 33 10 18 23 64 80 87 1 52 42 77 101 81
4 115 80 80 101 48 31 10 75 87 92 19 5 109 55 85
89 90 118 99 108 13 35 61 100 36 113 15 114 87 96 118
74 49 70 47 97 101 57 44 61 21 63 66 2 119 23 91
81 14 63 61 27 98 122 0 7 108 15 121 67 111 111 13
32 53 60 1 27 117 45 88 10 109 26 12 100 50 104 53
64 39 114 91 9 109 91 16 89 106 9 28 90 120 41 122
46 101 124 73 90 41 33 100 22 59 112 122 109 88 47 45
127 34 9 9 15 100 25 104 79 35 4 41 27 45 35 73
18 31 18 108 73 51 80 95 111 64 90 92 25 9 10 24
43 19 33 58 119 59 34 70 94 38 111 121 83 19 67 101
50 85 81 123 9 33 91 120 98 53 84 123 62 94 19 106
113 53 36 105 112 71 47 78 109 31 71 65 50 10 38 100
96 120 96 105 25 59 97 123 112 53 118 46 20 10 24 5
63 61 110 47 4 30 125 113 61 68 50 111 79 89 83 47
81 51 24 106 110 121 102 94 46 92 13 66 102 37 72 37
98 54 84 102 84 81 88 17 22 10 0 101 99 84 20 52
7 44 31 118 37 5 84 83 97 97 22 72 7 94 109 105
20 66 80 105 19 40 122 41 50 123 14 22 79 34 74 86
78 105 76 115 110 33 71 80 2 93 24 9 59 5 115 79
15 18 63 39 75 98 64 105 2 44 120 115 56 123 17 77
100 87 102 8 51 67 113 19 19 122 34 121 42 107 98 58
125 34 97 72 4 33 50 6 78 42 122 6 37 11 84 9
98 58 17 21 125 2 40 17 125 74 10 39 54 109 97 51
15 67 124 19 100 46 25 50 88 19 57 126 30 13 7 1
71 25 22 69 27 63 86 24 9 96 64 63 77 33 115 92
100 111 111 73 29 9 123 117 28 52 115 59 65 123 60 9
20 82 78 47 17 36 72 27 4 8 90 82 41 77 46 14
60 30 87 89 39 82 79 67 7 66 126 72 61 58 81 81
13 31 1 30 67 73 57 72 81 20 26 122 97 72 8 30
102 95 119 13 50 70 81 57 9 79 1 70 10 83 24 23
114 25 53 54 98 111 126 51 3 24 45 100 96 54 2 71
21 122 84 71 64 37 0 73 117 2 16 127 85 40 22 71
65 75 125 35 58 123 86 61 19 3 34 116 57 36 59 79
30 15 22 95 53 23 40 42 25 56 41 110 96 63 53 33
10 51 68 69 46 26 2 66 30 36 54 87 73 113 38 103
0 61 70 53 84 111 95 109 39 8 91 8 71 16 41 82
67 110 23 114 8 25 52 38 62 106 126 7 91 36 110 91
97 53 17 53 36 112 34 75 121 125 83 64 14 125 18 81
107 41 67 115 67 119 26 1 97 24 8 60 60 118 24 30
43 41 83 79 25 118 27 18 115 110 83 1 107 101 83 86
15 22 74 82 14 100 83 111 124 91 44 56 81 68 86 125
109 42 76 6 32 103 25 19 86 108 21 65 81 104 24 96
126 98 50 12 70 5 124 66 96 40 122 50 108 81 47 89
123 123 95 27 99 120 46 57 100 67 122 54 43 18 22 42
116 73 54 58 78 50 124 47 90 119 97 70 72 16 31 67
11 127 94 110 119 12 39 92 80 34 18 123 52 40 37 41
113 92 99 64 14 96 111 105 87 80 47 31 96 79 98 107
78 64 90 69 76 1 33 28 35 51 24 88 92 61 1 77
25 100 13 40 68 124 17 27 76 64 58 44 15 28 24 93
92 114 35 41 115 68 69 23 120 93 111 84 27 112 33 52
84 47 92 25 43 109 52 120 46 111 36 61 11 60 27 104
5 97 61 114 17 127 66 69 49 42 58 48 30 5 53 72
92 1 13 106 55 53 43 21 84 96 7 90 101 94 61 106
64 122 92 81 121 30 23 43 72 81 91 102 86 16 47 50
18 60 28 73 113 72 94 69 40 102 31 13 68 92 120 4
86 84 86 80 115 109 123 59 62 86 34 20 102 81 70 120
13 98 66 126 42 32 68 83 6 99 96 75 64 88 79 22
45 37 102 32 18 97 91 80 55 125 100 30 78 42 22 91
13 88 90 55 121 30 10 127 1 107 74 65 67 26 88 112
63 62 16 82 32 108 34 87 105 7 117 56 49 12 19 62
100 109 118 93 11 0 93 13 107 39 78 47 65 38 31 1
101 48 83 5 28 117 92 5 124 82 61 46 94 81 108 66
62 98 32 74 99 125 87 78 36 37 125 102 76 29 103 49
77 58 54 105 47 18 110 44 100 44 90 66 125 70 5 59
41 37 5 12 34 92 90 70 2 88 44 78 117 19 127 66
77 53 43 125 71 25 41 44 69 3 110 66 73 115 126 114
24 3 126 58 96 89 1 98 49 45 48 38 65 47 104 14
100 19 11 43 44 52 87 114 55 70 52 1 57 50 115 82
54 114 12 22 75 13 120 124 59 40 34 124 87 10 10 59
29 22 102 73 74 62 59 2 4 112 3 61 34 118 15 88
104 28 110 51 41 102 47 100 14 81 96 101 91 107 32 120
1 7 66 75 69 125 77 73 109 80 6 16 71 22 104 47
50 87 99 91 61 18 64 76 100 32 49 63 11 82 56 12
89 122 88 30 119 37 103 101 118 109 117 61 3 93 108 53
52 79 17 114 98 81 62 70 113 111 5 125 65 61 9 26
55 97 56 47 7 31 20 125 13 9 58 16 102 38 70 27
118 87 13 88 40 75 30 25 58 35 22 124 97 32 22 24
1 79 71 8 110 91 5 123 100 63 12 75 102 82 102 92
41 115 52 81 62 82 106 120 117 1 116 86 33 11 111 34
90 54 43 72 18 48 68 118 112 80 65 86 34 39 50 75
26 102 28 88 56 6 81 45 7 69 4 40 80 115 75 42
41 118 115 59 38 55 50 22 7 115 108 41 27 30 116 53
4 16 14 60 22 95 106 30 36 110 70 117 97 17 31 10
31 79 91 123 30 82 117 86 39 114 88 58 17 10 74 116
9 42 64 3 95 36 99 46 79 114 100 110 0 30 8 31
109 99 27 12 53 16 98 93 3 58 23 20 68 97 8 78
12 73 81 107 109 52 26 61 38 126 43 38 28 51 70 10
23 97 22 76 113 120 41 116 51 64 9 119 34 17 69 46
90 22 25 72 74 51 5 112 50 48 23 78 100 93 88 123
62 110 71 47 103 113 36 26 49 45 17 83 62 87 1 25
109 27 97 56 78 102 40 0 22 63 79 122 28 39 117 90
22 61 10 125 46 46 23 95 91 40 51 25 127 52 50 109
79 19 37 30 121 77 30 16 13 109 10 41 21 0 4 43
61 14 40 107 60 63 74 23 103 125 48 103 50 99 84 1
118 121 31 112 70 62 0 83 43 10 125 64 10 1 107 71
15 19 50 75 82 125 98 58 122 18 33 44 117 117 46 108
110 77 92 52 11 92 8 55 102 5 119 113 6 99 56 21
118 107 96 73 104 66 3 98 84 36 15 74 25 61 54 7
10 18 59 22 110 67 77 84 72 68 69 78 39 126 99 30
105 67 103 81 5 106 51 90 14 66 36 39 127 90 46 10
108 105 32 90 45 109 46 117 49 116 68 89 114 39 119 91
107 94 44 112 72 95 74 86 34 110 125 33 72 43 43 52
20 75 14 65 56 61 55 106 49 123 67 35 34 58 126 13
24 42 126 96 9 72 54 43 55 51 77 127 94 120 52 114
68 66 52 124 127 107 102 48 102 41 83 8 99 81 22 123
123 20 91 5 92 17 48 19 68 125 19 34 118 71 21 58
9 73 54 9 52 29 57 26 70 13 34 42 94 56 37 90
76 1 95 41 18 15 60 87 13 79 121 3 22 14 61 32
87 115 41 11 16 98 37 87 111 72 1 78 0 38 40 77
39 7 118 58 22 50 17 35 2 10 38 24 25 99 56 112
87 97 124 103 68 33 62 51 105 63 1 106 102 41 55 13
48 45 71 71 95 88 106 97 99 17 122 124 116 50 108 75
20 104 51 88 10 113 11 115 49 13 93 23 54 20 36 103
65 108 46 33 68 24 2 39 41 124 35 30 47 16 105 67
120 28 27 2 14 38 118 63 51 83 86 106 104 122 81 41
102 9 102 54 83 105 52 50 8 87 37 112 120 91 12 124
111 6 98 119 41 89 98 40 31 6 16 35 105 75 44 79
84 18 5 39 123 57 89 3 16 127 115 8 90 0 5 74
6 103 65 47 64 35 87 95 41 104 2 18 51 46 97 7
64 102 46 59 31 8 63 48 7 50 56 97 50 61 43 56
36 108 103 100 16 63 67 57 39 69 76 90 115 45 97 51
20 15 111 51 23 46 99 30 96 28 0 19 89 43 75 126
24 51 98 40 114 38 97 25 107 45 115 95 91 84 18 111
99 1 34 123 47 6 25 16 34 25 35 123 69 110 121 93
33 92 5 19 2 102 44 109 20 31 76 111 115 95 94 87
96 0 82 16 6 107 32 40 5 67 36 74 49 29 39 83
121 44 102 123 18 19 105 38 50 53 21 38 20 115 125 117
116 79 5 122 58 37 35 63 104 71 9 25 100 48 108 94
92 83 89 111 102 66 21 24 120 43 62 12 30 59 1 18
10 6 13 69 43 48 4 19 119 14 45 91 62 25 57 27
108 19 10 82 85 31 107 77 74 41 90 105 101 91 123 111
98 8 52 13 56 57 33 47 71 78 11 5 103 68 32 84
87 42 38 45 74 17 122 20 59 84 125 32 48 121 15 18
1 68 31 58 125 64 105 68 14 116 73 118 57 106 74 16
20 112 61 94 2 56 115 61 12 112 93 60 105 108 78 107
48 110 37 45 46 14 113 61 3 59 51 60 37 125 76 57
109 10 24 111 66 11 44 78 123 9 11 101 118 89 80 38
71 117 84 118 3 69 51 6 0 102 66 37 99 15 95 80
25 119 64 91 2 108 41 125 118 52 98 108 14 50 18 85
39 102 75 43 44 126 49 44 100 116 82 71 3 49 24 28
40 88 119 42 68 32 39 58 85 10 38 99 60 57 56 100
31 4 15 75 2 64 120 103 52 74 46 55 123 70 83 35
30 74 77 99 107 116 29 64 126 68 35 59 125 91 31 28
95 46 104 98 110 96 73 35 42 119 90 37 62 46 72 92
120 21 63 99 9 93 35 8 33 70 67 30 34 98 58 1
16 34 99 126 2 44 33 44 36 124 81 98 42 25 62 34
46 126 6 56 91 41 64 124 112 3 26 18 101 84 19 117
