40 117 52 65 81 22 115 117 82 68 58 10 30 64 39 20
60 6 34 17 87 63 26 39 103 110 62 4 42 100 118 82
90 42 19 43 65 6 32 19 75 90 29 105 26 68 126 87
75 32 104 34 96 2 73 71 112 8 76 27 108 66 109 70
108 1 114 45 7 18 64 82 109 93 60 7 34 58 94 109
90 70 15 58 72 88 2 57 96 78 84 77 16 65 19 124
66 5 42 74 24 106 28 5 72 88 12 106 18 107 87 109
49 102 39 122 62 41 51 31 119 7 108 7 72 127 4 11
5 46 85 29 24 113 34 96 74 46 74 92 25 33 73 75
7 113 69 70 26 120 101 18 127 81 25 71 80 29 82 85
75 39 114 100 25 20 68 99 67 15 63 92 48 9 39 56
122 108 126 20 100 99 38 99 52 64 43 4 93 125 90 41
37 76 13 62 97 81 33 36 96 96 0 17 105 40 73 99
20 71 120 121 42 30 92 94 94 7 98 60 5 60 101 42
9 114 104 106 67 9 14 36 105 14 53 83 54 126 54 75
69 46 68 111 77 32 77 43 40 47 103 45 108 76 87 117
62 63 95 2 72 109 38 49 123 91 4 50 89 59 125 30
105 65 13 54 97 90 98 9 9 73 54 117 22 13 106 84
76 73 86 20 54 124 70 50 87 74 100 48 5 97 78 111
34 91 37 3 53 7 13 63 81 67 52 103 81 31 59 29
104 18 50 31 14 120 81 102 66 53 22 72 22 101 55 56
64 92 59 118 100 72 53 53 12 105 28 93 8 87 122 113
105 44 16 120 36 97 94 103 22 116 47 44 89 102 100 26
66 31 16 38 104 69 91 116 46 119 81 55 79 75 40 56
120 56 48 28 25 14 3 47 3 50 91 92 24 63 118 91
94 6 1 70 75 93 58 122 84 11 49 35 87 89 92 79
17 12 107 42 27 111 89 30 33 52 122 58 115 113 21 81
119 22 24 67 115 82 61 72 94 110 107 53 71 71 4 88
84 111 2 111 94 91 13 0 15 7 58 2 120 79 83 112
101 107 51 89 62 112 33 28 94 12 81 37 84 85 125 40
68 127 23 35 90 36 35 105 43 93 107 36 44 62 20 17
42 71 106 104 55 11 4 21 24 85 58 108 42 55 20 110
20 25 76 5 48 125 34 86 45 64 52 88 101 127 50 107
28 32 72 51 117 122 4 47 109 83 48 75 108 125 97 0
22 46 6 71 43 40 29 88 105 82 49 78 81 99 58 110
4 2 33 121 125 37 40 106 120 89 53 100 86 23 101 108
69 107 51 112 19 81 73 124 35 122 75 116 93 5 98 97
7 3 90 4 40 3 111 32 92 36 5 50 59 106 30 0
85 82 113 104 35 58 101 70 52 48 58 17 53 29 115 60
32 77 65 73 80 48 105 44 84 110 94 16 88 125 16 45
79 1 22 114 59 123 56 111 43 114 1 96 15 116 28 48
65 93 121 18 13 98 62 98 81 29 114 41 26 2 87 105
4 109 91 63 104 19 47 19 5 48 115 21 36 15 69 101
109 62 119 122 32 54 92 113 83 78 27 109 81 114 86 85
95 49 20 71 68 67 90 73 115 77 94 23 92 35 125 73
97 116 68 2 42 32 115 125 111 14 106 64 0 64 21 95
113 41 38 53 109 0 127 96 77 93 120 42 1 117 115 98
105 55 100 20 88 88 17 71 102 124 7 103 60 28 70 46
69 109 99 50 109 98 19 59 64 11 101 65 0 88 35 105
16 8 125 104 96 15 47 70 11 54 45 71 82 116 117 23
97 89 74 78 59 93 9 123 104 110 60 104 71 96 81 87
104 79 63 72 94 110 14 105 36 60 48 118 48 38 13 17
127 87 95 58 52 105 54 28 87 114 4 30 82 86 117 58
37 52 2 3 34 17 108 70 77 28 60 125 66 74 14 65
33 109 124 86 86 50 114 46 36 119 76 119 77 66 49 114
118 52 117 25 69 97 95 18 125 28 15 64 102 29 1 7
10 125 93 97 47 80 15 84 71 91 75 20 29 124 6 20
48 123 45 117 92 12 7 89 40 22 25 14 51 27 22 62
24 115 31 72 67 46 28 10 9 103 30 39 99 36 59 20
31 104 9 123 116 17 85 29 39 110 43 91 9 65 25 34
53 56 106 120 102 6 3 111 109 33 22 80 70 81 100 101
57 110 97 46 127 54 75 38 36 118 1 46 56 26 80 109
82 58 101 56 64 104 40 45 10 62 125 80 16 98 53 73
80 22 119 79 76 66 117 113 57 119 31 113 17 111 94 100
88 115 2 3 106 91 25 81 2 3 86 109 61 23 23 39
23 32 82 100 81 80 46 42 68 103 68 33 35 39 125 123
27 127 126 5 91 23 86 93 26 44 74 87 67 97 126 90
2 81 62 83 33 108 126 101 84 66 7 119 106 4 114 5
4 113 10 95 8 96 60 35 12 6 122 79 104 121 41 106
74 103 61 107 83 59 81 39 126 88 30 104 92 17 109 96
2 119 63 10 87 123 45 99 2 40 50 106 33 91 84 107
66 17 86 21 77 39 61 75 127 91 51 92 108 32 60 110
23 124 121 110 119 38 81 121 78 3 99 111 94 55 90 32
73 49 53 22 88 114 97 88 78 20 52 58 52 112 41 75
108 34 57 100 72 10 93 23 13 65 6 107 120 97 11 65
18 64 87 106 51 56 66 1 76 118 59 0 103 100 75 83
6 4 55 79 14 21 102 27 86 108 6 78 77 17 16 95
82 103 74 5 32 12 6 108 3 65 109 106 38 56 61 44
61 117 123 75 10 97 103 96 78 109 46 27 127 62 123 81
38 69 86 70 81 92 50 84 29 31 62 67 88 124 112 21
113 107 96 123 77 71 91 27 53 9 54 52 72 49 5 110
118 91 52 72 55 102 28 84 6 91 24 94 87 8 115 72
115 83 67 64 27 30 91 80 39 18 4 111 67 9 93 58
100 17 2 27 120 30 111 126 121 7 92 80 15 79 24 3
34 91 67 61 121 31 13 33 49 17 16 116 26 110 46 126
127 48 25 119 79 9 117 72 16 81 25 32 32 49 35 67
13 102 0 6 5 14 39 54 31 56 43 58 38 89 56 37
10 82 29 89 91 18 33 107 100 58 11 4 108 46 71 121
21 72 127 26 86 39 81 117 95 124 47 5 85 104 42 95
58 71 56 21 90 90 0 62 20 12 66 0 58 10 121 79
82 121 106 40 32 59 29 127 55 77 4 12 53 46 108 111
118 36 4 80 126 4 14 19 16 80 19 75 90 13 26 44
6 4 84 38 63 114 37 118 63 41 3 116 87 111 99 77
19 103 29 18 107 43 37 124 124 56 71 86 69 97 3 75
102 87 113 37 73 22 28 8 63 31 124 23 14 95 100 33
70 2 51 50 45 88 46 41 17 117 0 86 86 3 34 60
101 103 0 124 50 89 20 14 83 114 79 18 98 123 30 62
89 111 48 26 96 123 62 90 104 107 113 104 80 29 96 53
4 97 49 54 58 69 68 14 55 19 32 25 15 62 87 104
46 7 2 14 3 65 104 107 44 89 84 124 119 52 49 123
21 98 50 80 39 118 94 95 10 126 120 25 60 80 1 106
87 4 121 90 69 97 70 113 59 26 110 50 78 31 45 100
2 95 52 41 86 18 8 96 16 1 121 76 81 122 55 40
126 48 3 67 17 73 53 76 99 35 126 49 66 44 21 68
11 73 110 97 91 118 65 107 119 58 56 72 53 111 113 51
31 116 119 48 61 44 125 32 79 123 81 17 39 103 86 51
48 68 20 12 58 86 119 50 16 47 122 69 30 107 121 61
95 112 110 28 28 107 60 107 102 14 124 14 117 82 65 37
22 85 49 81 43 41 3 60 88 125 1 119 105 122 52 72
106 34 101 6 13 33 113 116 47 110 2 36 64 67 74 87
24 123 40 68 36 43 0 125 40 1 116 17 124 40 90 102
75 63 109 88 96 94 76 16 76 78 52 13 17 126 100 42
122 12 110 30 55 110 27 95 111 15 113 107 56 75 82 3
10 63 91 106 29 40 122 106 118 47 119 8 45 91 50 39
103 32 70 30 14 97 125 125 113 110 105 41 57 59 44 67
122 7 46 23 47 40 1 38 87 120 46 5 83 96 44 58
0 114 88 14 84 86 11 69 68 116 110 126 47 26 65 41
33 111 65 81 24 66 119 111 59 37 116 14 5 33 73 5
19 33 19 103 119 30 44 60 19 26 58 66 52 123 108 86
107 45 39 3 111 30 114 42 67 103 57 72 8 2 77 27
35 96 3 27 126 47 87 17 74 17 84 126 12 64 84 119
109 123 122 92 25 109 7 92 84 64 36 92 66 113 119 101
81 122 0 80 42 87 97 116 104 53 114 117 117 71 108 98
66 103 63 92 84 70 56 40 6 93 4 72 78 123 45 32
118 46 112 32 5 81 20 110 7 6 99 124 77 79 95 16
54 30 108 10 100 36 50 106 1 54 50 80 50 95 112 40
13 96 72 19 49 92 1 56 98 100 53 48 51 20 64 106
50 44 116 22 80 39 0 82 93 50 34 15 17 18 55 31
77 53 77 18 8 5 91 83 111 16 61 2 39 65 47 29
30 15 43 0 71 109 86 117 59 55 4 98 5 1 99 82
54 49 100 63 54 63 18 37 80 79 39 119 16 86 20 46
101 63 47 44 45 5 33 104 60 37 74 66 39 46 20 93
95 121 28 21 56 47 59 8 126 98 127 15 57 19 61 30
83 108 75 0 114 108 104 46 18 50 112 57 96 5 22 63
126 51 85 54 98 16 63 96 114 62 111 43 82 45 74 37
25 21 37 11 1 13 58 19 63 42 76 32 47 99 95 45
22 52 100 120 68 35 88 55 97 72 98 51 117 44 88 14
65 125 26 67 10 84 86 74 126 35 106 46 6 73 91 28
126 63 20 66 98 108 121 68 52 92 119 41 8 80 56 74
77 82 13 88 38 99 34 36 6 12 82 12 85 46 40 83
109 60 22 80 41 15 20 93 107 11 7 116 91 63 62 41
17 75 1 55 46 35 91 53 47 46 65 4 92 106 88 73
38 110 25 79 125 45 45 105 57 52 93 20 115 27 61 4
102 62 59 20 97 22 73 16 68 11 21 32 117 109 106 27
91 3 107 88 49 24 65 106 76 30 126 63 57 60 67 31
122 126 52 92 20 125 108 89 8 1 121 125 110 99 25 73
103 4 34 24 28 99 2 104 2 0 39 59 60 106 91 55
104 15 19 124 12 127 85 21 1 79 18 111 50 43 57 25
47 91 49 75 62 51 51 64 52 90 124 112 68 87 39 44
102 58 41 114 58 126 7 59 77 26 42 0 69 99 25 117
62 75 64 125 126 116 61 50 78 57 35 19 16 74 63 118
5 104 105 63 103 112 122 52 10 36 52 80 8 78 69 70
25 5 67 23 121 1 74 72 58 109 91 75 55 26 65 60
3 42 123 106 27 117 30 37 26 83 117 34 33 58 104 58
64 44 81 57 45 27 1 103 8 92 50 64 119 116 124 122
30 120 100 57 109 2 95 7 85 84 41 118 15 18 48 79
62 2 8 107 29 10 82 38 102 5 102 93 121 98 87 23
90 59 81 72 62 48 79 19 4 121 10 19 11 58 98 73
60 107 52 90 117 6 0 91 11 102 57 4 72 16 28 35
76 109 107 10 29 58 29 33 51 39 53 62 98 23 7 30
69 44 73 106 60 116 112 82 10 9 99 59 36 56 79 124
32 45 20 85 39 46 124 19 43 26 13 39 90 38 7 31
83 80 9 15 69 122 98 79 3 69 10 39 126 89 35 30
6 55 116 46 101 112 65 16 10 79 55 100 117 63 4 72
15 13 88 84 7 58 35 10 127 45 49 125 7 84 28 13
11 16 59 113 0 125 1 10 76 57 110 65 120 114 10 7
0 98 92 7 28 127 18 27 45 67 25 52 24 53 65 35
69 125 20 69 122 22 79 70 79 61 7 71 48 17 78 48
115 42 55 15 42 73 43 87 13 68 11 37 121 76 72 62
73 93 3 67 115 82 9 66 15 17 9 63 34 87 111 22
2 39 37 44 112 80 3 125 20 14 34 13 90 107 75 36
72 78 103 59 32 113 125 48 2 6 111 36 93 95 58 95
6 96 11 118 48 14 116 69 28 22 82 119 1 30 27 73
108 2 4 13 115 1 61 117 7 44 26 101 11 84 68 17
52 80 8 101 94 124 42 123 18 124 114 20 26 13 93 7
15 98 20 3 99 81 120 107 125 18 80 9 103 20 26 27
100 34 0 67 30 42 62 49 39 48 69 65 61 34 72 76
4 92 79 104 45 72 83 43 90 35 52 65 55 78 93 28
113 93 95 15 8 29 64 47 77 5 112 10 40 57 86 44
21 38 20 67 110 103 110 72 10 34 10 66 112 103 94 97
68 61 113 76 90 49 123 39 55 108 49 95 37 7 11 58
45 32 125 27 7 107 100 18 13 110 84 126 85 50 95 25
111 80 102 73 2 97 112 57 77 33 24 114 40 35 45 86
67 42 113 75 22 85 93 35 67 49 33 24 99 1 50 82
81 24 27 83 121 11 12 71 44 36 57 84 72 102 42 11
17 28 86 39 113 51 74 53 100 108 77 71 109 127 25 62
23 52 18 17 63 30 88 107 67 17 64 11 120 106 22 9
6 109 48 120 32 122 45 5 102 122 76 83 122 102 18 17
26 36 34 90 66 122 69 5 12 5 16 4 112 39 13 118
20 61 110 52 55 27 57 30 22 6 113 16 108 3 33 6
39 68 96 106 62 38 111 74 43 0 78 27 39 91 18 59
24 0 111 80 28 41 110 50 47 95 66 27 99 99 33 10
6 37 60 59 51 118 96 43 40 87 126 118 77 117 29 78
47 83 40 51 77 67 36 91 45 41 75 90 42 24 84 49
61 17 108 113 7 76 28 47 35 26 38 112 15 67 63 62
22 103 113 99 42 21 62 87 62 9 49 105 33 6 26 94
23 6 79 30 82 107 77 117 5 115 101 20 54 36 82 76
11 67 47 53 89 109 12 23 118 62 0 23 68 26 118 91
32 69 121 114 49 70 103 54 58 77 75 112 113 29 61 125
97 108 50 58 90 63 81 80 125 82 104 65 108 94 28 13
35 21 127 84 91 103 11 21 52 86 6 37 115 67 34 84
47 85 14 9 20 96 90 17 50 66 82 30 32 110 43 67
3 43 24 94 18 35 116 70 121 122 107 108 61 14 65 108
99 79 118 119 47 80 8 97 18 90 0 50 72 43 117 75
86 13 41 104 48 29 46 41 23 26 22 84 40 87 65 11
38 55 2 86 7 10 55 25 100 55 75 44 99 64 119 57
78 32 34 126 62 80 40 85 106 62 42 18 21 107 29 59
34 31 17 41 41 73 66 13 0 13 57 99 77 48 29 27
81 63 26 15 15 66 100 122 0 14 12 21 121 42 80 27
73 98 68 115 43 6 0 43 19 58 15 97 106 44 124 59
107 22 74 122 88 47 116 88 61 1 109 55 43 62 82 116
32 23 103 75 29 104 118 49 34 5 18 12 49 14 72 28
37 18 23 125 65 11 86 127 12 67 54 55 1 8 44 33
31 19 108 61 123 99 110 29 104 0 42 26 14 114 54 51
4 77 49 70 89 7 69 101 74 123 29 76 3 73 109 35
92 90 96 88 61 78 117 37 78 31 63 92 17 118 16 22
67 65 92 28 72 33 2 18 28 31 94 31 104 76 66 68
38 34 28 99 112 18 8 62 49 72 27 67 62 43 89 1
108 53 30 52 86 32 70 114 63 37 17 39 113 84 107 23
118 8 122 103 26 2 37 75 74 64 14 8 107 103 10 87
28 40 11 114 72 82 100 7 119 118 46 104 74 25 127 64
33 121 39 59 123 77 7 70 13 21 78 121 125 88 80 25
0 92 12 72 46 112 79 37 102 125 13 48 23 12 113 56
5 24 116 0 101 123 70 115 16 21 108 13 109 60 39 110
51 117 28 45 70 91 55 50 33 38 68 7 8 73 91 46
22 119 96 88 84 118 15 118 126 120 26 28 98 94 61 21
83 89 67 25 52 122 75 86 32 16 93 40 89 56 86 112
48 55 72 4 45 87 122 44 80 21 72 50 115 6 71 70
95 10 95 20 4 42 106 36 58 71 76 20 127 35 4 47
90 76 52 7 35 46 51 115 67 124 37 54 2 109 124 97
119 91 117 124 6 95 32 64 38 109 84 38 16 88 85 106
36 9 113 72 56 37 59 123 33 97 50 35 78 46 4 69
10 122 65 16 89 98 80 0 79 37 38 95 125 123 73 34
5 58 106 61 95 37 56 0 6 106 35 84 25 40 26 35
34 91 51 123 61 3 123 12 40 33 107 38 29 52 72 34
111 50 95 78 87 23 79 94 2 114 50 27 26 76 62 60
40 113 56 101 116 51 114 29 85 93 67 114 18 11 20 1
61 115 79 20 10 30 114 12 17 37 39 43 113 101 104 25
86 32 127 75 83 113 104 40 78 43 26 96 54 46 97 115
33 49 7 44 79 122 56 96 31 96 12 16 69 116 42 28
20 41 103 103 26 79 16 104 122 42 73 48 89 42 35 122
91 42 38 43 36 95 11 67 63 23 84 4 11 126 32 31
39 7 7 65 86 23 41 80 65 114 0 26 29 35 21 120
78 59 35 114 26 47 54 89 70 10 94 82 8 126 113 47
6 120 112 92 15 25 45 81 12 45 107 41 81 0 33 31
60 69 17 86 116 71 48 58 81 14 12 89 12 126 8 18
118 120 111 6 18 28 87 30 73 66 71 26 67 104 57 127
45 75 85 33 18 5 92 100 19 104 61 32 102 70 50 93
62 33 99 80 61 58 110 7 124 53 33 63 30 91 62 75
38 20 109 56 25 73 28 45 49 90 77 24 32 127 117 94
33 88 47 94 18 29 101 14 83 7 78 113 98 12 60 8
32 41 64 58 114 93 103 36 55 52 60 87 51 49 53 84
9 100 51 27 2 24 41 85 31 119 70 1 4 2 9 36
44 74 94 30 39 69 66 94 121 126 53 45 47 106 1 56
79 52 83 81 77 125 38 108 116 108 110 120 110 119 29 26
65 123 57 104 65 123 70 58 122 123 103 41 102 105 98 53
110 126 36 32 17 16 19 59 66 113 94 82 73 48 41 39
116 52 97 127 31 104 18 38 84 103 44 25 41 111 60 23
110 96 56 127 113 75 58 51 60 24 5 6 72 47 45 60
99 14 59 3 119 78 41 75 53 85 100 95 68 32 118 50
1 46 49 114 121 107 37 54 3 43 60 75 90 105 7 61
120 67 64 111 17 105 58 70 62 31 37 3 63 28 53 64
74 103 50 68 82 88 122 86 3 54 33 93 31 41 26 23
108 91 6 125 68 65 67 3 96 105 6 31 5 59 96 79
34 18 19 117 106 13 75 109 67 108 74 99 21 101 122 1
64 1 126 4 66 66 7 34 43 13 65 48 73 33 127 107
52 19 96 30 32 43 12 100 24 86 71 45 59 65 47 123
66 45 0 4 111 7 38 26 21 104 74 94 9 74 73 61
93 42 92 125 85 104 97 109 62 40 27 122 106 74 117 44
119 117 49 103 125 87 1 18 63 76 112 73 22 57 6 115
99 98 112 57 74 82 38 9 122 65 3 100 11 120 17 3
110 66 106 107 25 107 125 89 55 109 34 77 38 40 64 10
11 49 67 85 3 105 94 125 43 97 98 54 90 115 57 72
53 35 51 78 15 48 39 70 29 73 20 67 114 84 77 125
5 16 82 8 122 49 6 37 18 104 91 108 91 21 52 16
56 103 94 71 23 6 14 52 79 34 120 65 118 69 62 124
86 17 4 80 66 10 117 84 114 80 65 77 101 117 93 30
93 60 101 116 66 115 41 17 21 33 83 12 102 17 8 60
34 12 12 100 23 1 57 9 82 122 87 55 111 52 85 76
112 59 65 50 46 106 68 68 11 23 80 113 40 88 46 75
100 58 47 123 60 104 5 14 98 92 69 82 16 27 30 1
86 95 51 4 73 119 72 84 14 24 70 55 112 116 2 85
46 49 80 106 26 85 120 124 49 62 78 66 89 109 67 47
76 118 51 22 110 124 106 124 20 48 51 5 36 53 90 83
103 42 61 1 0 54 125 49 116 76 115 77 57 54 124 5
45 47 27 27 43 6 23 64 54 75 69 91 0 31 46 103
73 107 104 73 33 102 123 21 50 110 98 107 37 94 112 82
14 12 109 57 18 4 121 72 79 62 35 80 93 81 55 39
2 64 114 36 32 12 117 77 31 2 43 63 14 86 105 46
32 27 11 23 106 31 27 44 1 78 22 75 51 114 110 53
50 96 89 82 108 78 31 11 80 74 74 94 32 52 13 65
79 24 88 58 56 115 102 57 65 124 5 116 110 115 41 33
84 2 115 64 81 19 76 33 93 22 0 126 74 13 63 26
37 23 84 93 10 58 23 75 54 28 64 37 15 105 70 99
108 57 36 61 76 112 94 42 6 94 40 81 107 103 107 17
126 63 110 8 121 5 83 47 33 19 84 49 125 26 20 105
84 56 38 32 40 4 74 47 99 114 0 78 89 107 95 87
42 78 95 35 83 51 82 117 70 39 38 67 65 58 44 21
115 82 54 27 87 0 74 58 115 74 8 76 53 104 36 95
54 3 2 9 54 85 126 125 124 36 64 61 95 109 83 82
63 9 109 22 9 56 80 124 2 89 73 56 65 109 23 119
112 26 0 39 111 127 36 107 35 100 40 2 81 123 84 17
4 66 39 14 122 120 10 124 81 83 52 18 64 76 9 49
102 9 88 85 8 124 64 44 96 104 46 50 100 3 67 104
69 106 118 63 98 1 59 51 84 112 69 21 60 78 70 34
88 30 119 96 26 55 12 122 31 59 44 3 62 111 108 3
90 98 66 60 99 125 112 56 109 53 77 41 4 19 75 92
49 66 60 75 121 73 69 25 4 114 28 66 97 8 69 59
107 7 120 78 4 104 6 114 29 83 27 33 102 103 125 23
41 58 98 35 3 40 60 7 26 88 73 123 97 14 55 76
21 47 26 25 23 33 11 52 116 39 86 91 14 83 114 55
13 85 90 16 125 22 23 23 111 96 18 80 110 73 28 3
120 54 29 15 87 40 68 76 79 26 39 93 109 25 21 123
110 111 11 107 6 35 2 117 3 21 69 114 94 97 117 87
23 18 102 111 59 42 59 10 68 98 104 50 123 125 45 106
108 56 85 114 91 88 103 95 109 44 81 75 13 70 34 37
89 9 20 20 51 79 30 120 49 6 42 44 3 87 22 112
15 108 98 107 68 74 74 49 118 27 124 4 97 31 41 58
40 61 78 91 12 109 83 61 115 125 105 119 84 0 103 100
108 73 79 48 19 25 97 10 52 93 14 21 124 55 80 36
