24 64 19 76 12 4 16 85 121 44 40 113 23 3 45 95
9 24 127 80 51 69 113 75 5 45 30 60 100 43 29 125
107 49 73 119 53 89 76 47 5 116 32 29 119 77 124 1
101 124 81 24 65 67 99 70 112 2 3 85 45 32 82 24
81 27 16 7 116 92 54 122 81 86 23 72 35 19 73 8
15 27 33 81 94 4 23 78 6 26 35 51 59 117 76 12
16 92 19 5 56 73 127 9 31 22 82 66 41 27 75 57
54 108 10 20 112 33 99 119 60 6 42 119 124 118 3 12
82 23 17 11 96 16 20 0 38 102 66 80 2 13 9 56
121 19 77 106 52 48 97 112 54 11 103 50 2 107 63 84
2 80 95 98 97 116 98 7 90 37 87 92 50 96 21 44
115 98 22 40 18 119 24 72 2 0 123 4 107 58 89 109
10 56 79 107 44 50 115 7 87 74 99 9 43 120 53 30
90 75 70 108 66 95 53 69 95 48 73 74 106 34 55 116
91 6 96 7 56 83 14 15 29 114 25 72 106 78 103 69
26 45 49 92 12 102 33 107 22 107 53 0 13 108 117 104
115 85 112 43 40 126 59 69 112 84 14 91 34 117 32 60
34 81 25 47 56 58 26 78 37 80 79 51 60 68 27 47
25 11 91 65 10 22 6 122 106 20 85 12 9 117 73 44
71 98 91 127 28 117 77 66 69 28 117 2 96 16 49 121
28 12 58 38 34 65 32 12 85 118 25 95 107 98 11 50
68 102 49 96 91 127 34 33 27 23 35 124 40 84 117 68
97 48 106 3 113 10 16 70 0 41 37 108 11 48 30 79
22 80 47 114 79 82 19 106 105 54 102 17 10 92 85 107
12 63 111 125 74 127 67 74 40 105 54 51 25 85 2 48
37 49 34 116 3 53 94 109 107 69 126 117 33 84 97 45
19 80 42 93 79 109 40 119 86 94 42 112 51 44 32 88
93 66 76 97 119 43 78 98 112 76 87 17 32 56 62 52
8 104 17 87 85 57 78 44 24 120 28 75 36 60 36 2
126 112 99 117 27 49 87 11 125 46 28 30 103 90 82 111
66 99 71 24 29 21 68 53 14 96 0 50 28 36 52 26
21 23 15 48 72 102 60 70 20 88 100 123 51 54 107 117
3 29 106 73 26 125 5 85 50 61 110 42 74 67 71 71
109 113 45 124 1 22 110 50 41 114 61 75 111 35 83 114
64 61 59 90 59 65 47 109 126 30 23 72 97 94 15 79
79 60 75 80 83 57 3 124 43 64 71 26 99 27 12 36
88 72 126 19 9 46 0 7 76 24 79 45 118 94 124 70
27 71 22 110 1 25 106 44 90 50 71 61 77 83 97 37
27 96 57 36 14 57 43 90 81 122 7 72 89 4 14 116
75 36 98 76 62 76 121 24 126 64 85 75 19 55 113 47
23 42 83 37 99 127 127 53 121 6 125 82 10 11 70 86
47 40 34 109 117 27 5 115 91 91 63 111 18 48 30 41
90 113 78 61 112 77 114 106 83 111 60 94 122 3 52 42
43 86 23 32 114 29 20 77 120 83 60 10 3 90 51 93
76 1 26 60 78 13 38 33 124 99 127 119 102 51 33 17
10 56 50 124 85 70 73 77 25 6 87 28 96 10 121 44
11 19 105 89 32 15 123 29 114 122 20 88 46 53 106 56
109 28 52 67 98 125 16 123 3 104 23 100 114 16 16 126
35 121 87 68 9 82 97 123 77 117 84 123 42 62 51 23
90 103 90 60 100 107 55 104 83 78 76 69 94 92 67 1
86 27 69 95 109 38 90 58 27 46 53 69 108 104 93 70
79 55 2 52 34 57 28 117 7 104 59 101 68 126 103 26
25 44 121 7 83 84 65 110 2 119 52 111 95 17 53 47
72 56 99 107 113 127 96 121 103 27 94 43 26 69 70 51
114 63 58 69 19 124 51 22 115 103 5 82 120 58 1 65
114 100 44 100 99 12 93 74 40 59 118 66 1 60 117 115
123 48 56 15 44 107 37 31 83 42 113 75 100 115 12 87
87 56 59 59 69 24 5 109 83 123 47 84 55 36 71 51
84 127 66 0 107 103 31 62 17 17 9 117 4 22 76 91
78 7 22 19 31 28 0 115 23 47 71 79 84 15 2 40
14 68 41 121 43 72 55 60 89 65 49 93 87 126 57 37
5 79 57 37 107 57 24 3 105 95 82 61 110 84 101 125
24 14 118 67 87 46 127 48 111 48 14 70 46 71 107 52
22 36 89 2 94 113 5 71 80 87 4 63 43 105 60 67
81 87 55 0 93 11 98 24 4 51 57 94 12 64 118 96
1 3 124 76 19 114 78 42 95 39 51 71 64 57 46 18
16 101 18 109 112 116 6 116 40 63 83 52 127 73 21 0
76 17 76 95 3 26 9 98 66 60 42 2 117 88 20 5
61 38 115 45 27 121 33 67 56 116 119 55 62 12 56 10
30 4 106 33 31 115 4 97 48 46 99 37 6 120 43 67
30 30 112 57 23 17 124 79 6 116 6 68 0 62 78 30
67 56 64 98 44 68 67 92 114 38 1 120 30 44 59 61
74 43 118 97 60 115 48 66 103 55 6 103 117 85 6 56
13 70 26 57 10 93 21 124 4 23 116 34 67 47 95 14
90 86 111 22 73 32 89 48 87 95 23 76 52 29 5 66
99 31 123 109 125 17 105 1 40 93 35 107 12 3 121 102
89 105 125 34 9 86 82 96 53 105 44 106 7 49 44 106
81 39 88 78 56 65 79 96 31 114 76 43 117 69 18 78
46 15 112 55 101 66 23 26 44 68 4 51 117 48 29 70
88 117 20 16 55 99 113 86 86 61 1 75 2 19 26 49
34 10 104 7 77 0 34 121 68 38 44 57 87 73 0 47
63 20 63 118 120 48 76 78 109 77 25 112 97 51 33 3
62 9 11 11 9 45 4 77 83 48 7 42 121 7 89 56
27 25 46 19 73 122 97 55 72 123 39 41 46 72 44 108
81 55 119 91 100 123 40 56 43 47 98 37 54 60 93 82
85 12 101 30 6 71 85 78 66 124 119 112 68 36 93 22
91 84 113 64 80 25 120 123 73 90 32 127 22 126 81 107
10 55 10 16 126 95 95 64 92 86 48 32 122 13 54 86
98 39 22 50 65 14 45 10 104 78 9 127 76 91 106 86
18 116 102 16 84 69 80 48 28 0 80 22 14 7 108 112
46 2 34 111 16 79 121 121 29 3 120 105 94 98 63 112
87 38 0 43 107 80 91 7 80 43 30 94 50 10 78 97
13 112 80 29 64 74 22 93 77 14 71 43 113 6 27 72
44 27 115 24 107 78 31 59 121 61 26 44 72 104 13 85
89 93 114 25 39 9 118 116 23 61 31 8 68 58 80 112
85 67 8 64 17 40 124 11 101 22 55 45 126 68 2 87
67 33 49 101 54 4 65 42 41 46 10 98 121 72 105 63
88 53 82 121 39 95 101 94 10 5 27 53 52 124 121 119
29 42 92 84 46 29 126 88 76 9 58 69 81 35 4 41
88 87 34 127 54 7 94 65 13 121 118 65 117 111 57 18
26 21 102 72 51 101 32 127 110 90 68 63 126 73 104 86
32 11 86 86 18 52 23 31 45 14 97 34 125 26 52 23
47 27 96 98 0 0 97 110 91 38 45 89 111 21 47 15
32 5 101 51 57 125 82 102 11 51 8 8 77 61 32 125
88 0 95 88 0 65 70 91 103 115 52 86 8 100 101 41
105 74 92 35 71 46 9 82 98 18 91 47 79 123 44 39
123 12 127 123 77 69 87 52 56 11 10 64 111 111 105 89
57 69 124 1 116 5 83 86 23 46 5 102 41 50 13 36
62 12 32 11 81 119 63 9 2 73 74 114 56 51 75 113
121 71 114 109 76 70 67 100 116 72 74 30 122 88 66 56
100 98 67 54 89 2 63 92 75 9 78 3 61 25 117 54
96 103 35 44 45 102 16 34 46 91 64 41 51 2 97 23
101 37 77 62 39 13 26 115 22 104 118 83 1 107 9 97
83 44 14 0 18 30 34 65 121 98 106 44 101 75 68 74
112 17 8 24 30 35 11 53 11 1 8 13 109 18 110 64
62 124 64 81 27 99 18 20 69 124 65 42 71 5 116 56
22 125 80 53 32 91 106 43 92 114 56 73 4 39 9 67
35 74 20 62 45 38 83 114 34 20 29 105 25 17 33 47
14 113 100 46 76 78 90 41 65 18 114 69 57 124 8 93
70 28 27 115 66 110 101 100 2 2 78 27 20 111 75 34
97 47 81 45 126 43 86 63 61 73 4 119 69 13 84 11
41 111 126 108 94 99 80 96 102 30 124 122 14 71 28 111
118 109 28 116 24 115 51 86 60 56 77 1 69 33 12 110
16 10 90 110 109 43 79 83 73 75 77 87 18 106 70 8
87 99 125 112 86 48 70 18 104 19 19 45 52 31 28 68
41 118 51 22 33 2 106 107 77 55 66 95 33 9 103 121
108 100 105 66 21 47 84 125 66 103 43 118 6 71 58 47
61 109 69 95 111 47 74 60 103 12 27 8 21 3 1 1
97 101 58 37 125 73 89 51 59 76 99 25 86 30 114 49
104 31 2 92 28 45 107 43 123 100 94 90 62 37 2 32
10 61 69 7 6 30 58 66 107 30 91 65 60 77 114 36
108 117 0 9 34 108 52 29 80 18 119 14 55 121 46 65
54 115 73 61 18 3 127 125 33 90 62 93 40 49 1 20
38 2 29 72 110 81 101 62 99 92 76 26 85 123 92 12
110 37 73 0 40 72 125 74 34 60 39 74 109 41 95 19
43 124 91 25 78 64 87 49 28 35 76 113 30 40 125 13
77 70 13 117 14 11 63 49 71 103 123 52 16 90 71 59
87 34 84 37 98 43 86 126 78 34 111 109 74 109 122 23
51 7 13 66 18 76 115 89 51 110 13 67 73 84 126 32
118 82 69 88 125 27 86 76 62 70 57 8 51 51 32 102
58 45 40 77 121 27 38 45 10 52 112 83 8 111 115 127
65 56 87 63 83 46 11 17 116 68 26 39 119 58 13 49
103 54 126 96 81 37 13 91 89 126 46 97 109 33 96 46
89 56 109 45 102 120 62 90 60 88 1 51 18 14 101 121
68 99 90 22 8 103 113 97 101 32 67 82 65 35 1 27
91 110 72 65 103 6 27 35 95 28 87 113 43 60 107 111
31 69 5 40 44 119 9 18 23 76 100 88 112 101 115 75
84 59 13 59 66 40 94 33 69 53 18 112 113 125 95 17
66 101 57 111 92 66 1 115 15 101 75 127 75 63 74 31
122 87 90 60 0 56 93 69 110 112 53 95 109 20 112 48
121 41 31 85 108 32 72 123 5 20 122 80 83 68 111 77
28 73 10 28 2 103 97 112 87 22 79 69 42 64 117 36
105 20 121 85 52 66 80 57 86 74 10 41 15 121 118 43
67 0 71 69 104 40 53 63 62 4 4 104 68 121 12 46
13 6 3 65 72 84 123 30 30 5 71 45 126 61 88 65
62 31 6 38 71 59 101 5 64 106 110 4 99 122 50 113
0 54 50 72 10 45 102 40 50 45 86 49 107 46 114 41
78 121 79 21 52 52 27 116 30 9 121 2 3 43 115 4
97 37 76 107 83 51 20 5 96 106 54 75 24 41 116 102
34 67 124 86 120 23 75 22 32 68 24 35 111 11 39 81
70 127 126 104 55 116 59 73 38 117 96 35 82 118 83 45
107 44 77 106 106 63 92 50 31 109 18 8 101 78 97 44
77 95 20 5 83 79 78 122 69 46 29 23 37 112 68 16
29 18 122 7 81 86 57 112 67 75 120 41 26 89 85 103
56 105 108 12 57 58 6 126 105 35 21 14 19 89 30 48
107 24 56 60 111 113 44 50 61 37 91 87 126 48 62 55
26 43 67 83 101 73 81 78 108 102 92 127 63 122 48 43
19 104 103 2 89 20 52 22 57 16 109 55 64 44 110 90
87 49 45 60 122 126 11 102 100 103 102 36 98 22 79 117
126 54 119 87 74 43 110 3 59 91 59 124 7 41 86 94
91 4 27 85 2 38 60 103 13 34 11 111 56 90 100 54
16 91 13 91 7 123 94 66 87 25 62 94 67 21 61 30
25 88 115 27 126 47 2 11 81 13 123 9 103 95 63 120
59 77 83 66 72 49 4 31 75 67 126 14 88 59 44 113
19 31 12 17 79 15 28 32 28 23 42 4 119 105 124 50
54 79 116 127 0 120 30 75 59 28 89 19 87 5 4 106
37 17 123 116 32 24 20 60 47 62 64 38 40 60 88 94
11 76 93 12 69 124 87 0 24 49 20 112 54 24 90 91
41 86 79 73 110 100 6 29 34 70 68 74 3 28 41 14
105 6 26 46 2 114 46 27 35 66 11 89 91 101 53 4
59 4 78 41 104 84 71 11 26 11 85 29 39 126 44 16
5 70 62 7 56 109 34 91 47 45 53 10 19 106 15 78
110 93 120 87 49 63 98 75 74 55 105 113 54 21 2 59
91 64 66 20 45 101 111 93 18 36 103 37 14 118 116 125
83 108 84 4 43 54 80 117 109 57 102 35 78 104 94 41
41 33 61 86 6 45 51 24 81 27 62 96 17 50 93 101
30 49 105 73 103 57 62 84 114 36 120 64 13 86 106 54
119 39 12 125 84 64 22 38 91 84 6 108 6 99 81 36
20 59 109 123 116 43 79 103 79 71 39 92 30 17 18 21
57 31 19 13 95 41 51 58 125 57 38 3 28 120 39 48
51 20 43 39 63 123 14 14 66 54 107 96 71 125 118 0
28 9 14 123 50 65 53 47 123 92 50 23 84 89 72 7
0 84 123 53 112 56 1 39 90 18 69 77 47 79 51 13
58 58 1 103 44 21 56 61 47 118 2 80 28 94 21 28
50 16 81 34 72 82 74 34 100 15 112 19 94 35 32 25
93 34 0 10 55 56 71 102 46 73 55 74 40 76 102 90
92 56 125 36 10 71 71 111 86 55 2 52 90 35 77 55
69 77 65 124 6 9 98 52 82 25 127 122 101 101 85 65
29 82 102 40 25 45 23 111 100 25 35 62 60 113 117 1
62 55 125 68 64 96 121 18 121 120 13 95 93 98 32 123
52 6 35 77 51 58 60 23 83 95 85 16 80 75 17 15
2 15 83 66 111 76 84 104 68 97 71 34 67 104 29 119
110 64 68 34 122 0 57 77 96 15 93 48 90 111 63 92
126 19 30 109 95 114 85 36 84 29 70 23 5 99 15 115
35 83 21 29 84 79 106 52 94 72 100 56 55 36 20 53
55 50 34 22 36 119 58 120 20 0 16 25 99 31 13 6
114 34 35 70 113 14 122 79 86 95 7 13 3 27 66 58
77 100 80 114 91 11 106 112 11 122 9 111 25 22 117 12
57 25 82 42 39 77 122 125 44 1 10 47 29 76 105 106
48 57 92 11 68 71 123 80 65 5 63 91 27 52 103 84
77 57 127 116 6 121 113 50 122 123 97 23 71 74 2 119
4 94 3 72 37 126 24 103 3 87 66 31 12 41 115 89
98 114 78 105 107 63 27 102 59 125 125 2 71 127 122 75
94 125 20 3 123 44 106 127 4 44 30 16 85 17 105 56
4 55 33 111 119 60 85 50 57 83 52 1 82 46 76 48
43 96 52 39 13 30 38 17 75 68 33 32 85 10 88 89
66 121 73 57 54 30 107 111 113 31 112 68 78 61 116 121
29 40 32 42 71 70 59 18 10 92 50 96 103 11 57 41
4 2 98 58 33 77 42 18 108 26 86 58 87 75 52 117
115 84 31 58 27 91 76 37 55 127 5 30 10 63 71 14
65 41 73 98 118 115 117 99 13 75 29 101 22 81 90 10
38 121 68 65 84 17 102 12 16 108 42 26 43 114 40 108
27 113 79 18 100 68 117 114 15 18 87 38 100 49 48 10
42 116 75 127 5 49 11 21 29 53 47 72 39 88 53 67
24 96 76 107 86 24 48 30 47 33 119 17 78 115 102 38
52 18 101 20 25 118 9 39 56 38 19 111 9 89 117 33
57 65 13 15 89 61 45 9 94 36 26 44 23 0 82 76
18 55 96 44 45 106 83 102 16 103 85 26 64 74 59 121
12 72 8 101 6 53 110 100 90 9 17 113 9 99 61 28
27 30 72 72 8 27 46 24 2 3 50 66 78 110 59 90
54 67 63 60 121 46 33 83 55 50 68 64 21 2 92 48
32 36 121 40 64 39 64 66 43 115 5 121 97 64 83 23
4 18 84 125 64 117 80 119 39 20 56 60 22 20 109 54
57 102 94 121 13 31 59 56 18 64 49 115 1 4 10 5
23 94 2 87 83 82 79 122 102 7 55 125 27 36 51 84
10 18 77 23 49 9 80 67 73 1 54 74 6 64 79 29
31 81 116 114 35 67 109 10 74 36 7 102 72 58 58 82
76 8 105 125 17 57 64 90 59 118 37 65 55 116 94 86
70 82 72 105 22 53 115 96 89 122 70 33 53 1 115 1
9 93 127 26 22 63 116 81 54 25 18 109 14 112 67 84
67 11 61 89 65 49 57 26 43 0 60 96 1 47 98 10
12 97 36 35 32 24 116 86 50 7 67 64 119 6 20 58
18 81 19 83 2 77 109 46 77 41 14 78 89 112 88 101
81 124 8 114 20 125 72 70 4 12 6 123 18 26 54 36
108 73 119 110 22 101 28 99 14 43 49 103 27 9 77 109
5 85 95 26 82 39 96 86 51 103 82 70 1 8 106 109
81 98 92 104 71 120 75 85 35 125 61 63 6 10 44 12
95 11 38 50 50 6 8 102 109 90 44 111 98 22 92 52
120 56 28 63 49 103 21 84 100 82 19 107 92 63 119 59
74 29 109 125 35 118 99 17 80 15 0 51 37 92 103 30
21 3 93 70 106 114 26 79 68 46 58 32 109 49 92 56
78 73 53 113 63 24 2 16 39 2 67 76 95 42 106 116
45 72 58 23 58 84 102 127 2 32 31 112 81 123 40 31
69 93 17 4 117 19 20 28 22 87 104 117 1 83 105 46
27 35 70 85 119 44 84 122 77 116 106 30 111 18 62 52
111 79 57 100 98 77 0 120 37 104 109 38 59 86 85 86
38 3 33 69 60 78 114 86 82 115 103 111 24 56 55 2
22 85 112 12 104 112 15 118 17 113 103 109 38 109 116 76
112 22 17 44 100 3 3 55 118 106 38 14 34 93 16 56
50 0 69 26 112 84 16 1 69 119 111 107 100 99 55 85
121 73 1 94 76 4 21 67 111 59 81 17 24 98 74 74
98 15 100 83 99 116 84 40 107 67 19 80 39 74 37 32
19 38 126 96 43 19 35 26 78 116 43 102 86 117 48 57
4 20 12 103 8 96 15 116 36 34 68 75 109 105 107 0
15 106 96 58 125 3 84 76 120 0 50 78 117 99 7 122
119 19 97 0 116 113 116 24 19 56 99 0 33 78 1 48
56 97 107 54 101 63 2 93 63 52 43 53 23 51 47 15
70 16 15 58 1 3 82 21 59 53 21 92 4 22 12 60
120 119 114 93 55 116 58 118 41 101 43 64 24 90 79 95
107 94 25 108 97 108 1 28 33 23 120 37 45 5 98 37
124 84 2 51 73 60 42 114 34 85 50 58 48 2 25 27
96 51 7 66 31 9 94 64 32 87 102 77 92 72 115 88
28 117 12 101 50 54 87 84 11 10 14 59 12 40 86 108
91 94 46 122 103 13 58 7 100 32 84 64 104 71 24 5
61 36 106 111 90 66 67 102 76 81 33 88 121 120 68 84
86 115 78 61 0 9 68 100 41 24 36 18 96 60 23 29
97 1 12 59 67 79 33 15 32 67 103 26 59 44 110 17
31 61 78 31 70 18 3 111 42 39 1 10 99 24 39 68
26 51 0 93 2 33 109 35 100 84 61 31 0 43 48 31
104 126 62 46 16 65 30 59 104 31 69 76 56 109 16 82
32 16 47 35 50 28 70 22 113 3 54 113 46 102 17 23
101 79 69 117 17 99 48 121 3 118 69 59 99 86 13 3
102 60 38 24 89 108 47 74 111 101 59 30 75 76 53 48
28 122 38 45 94 86 38 97 76 108 28 47 66 41 51 40
101 89 65 62 70 112 8 53 85 68 83 32 16 8 81 44
3 119 89 97 77 0 66 26 108 94 73 46 7 124 86 108
86 23 43 28 7 51 81 92 119 37 125 8 45 78 52 48
69 14 17 18 14 83 44 122 49 118 40 56 114 126 37 72
0 45 65 11 48 15 99 38 71 58 84 95 120 72 5 51
110 11 45 115 28 46 51 8 126 3 84 3 54 61 82 54
107 19 65 27 34 36 65 105 94 21 72 86 93 78 9 76
89 54 63 117 101 114 125 99 117 81 102 43 15 56 98 122
75 35 21 109 72 86 87 38 108 31 125 73 109 6 21 70
61 84 60 34 70 57 5 60 11 107 103 26 35 73 20 110
109 41 91 53 127 50 91 107 82 88 53 63 95 74 6 28
31 66 62 101 123 67 33 6 46 9 32 81 82 52 63 63
93 26 116 93 77 80 72 31 40 125 94 7 72 100 35 103
38 97 76 34 36 110 40 82 119 73 35 73 125 98 9 91
125 125 56 74 77 0 105 118 126 71 125 70 44 33 45 82
2 121 116 39 103 29 121 94 102 29 40 99 127 49 62 124
46 118 70 124 119 47 114 117 119 111 59 35 16 104 117 19
97 106 58 73 7 51 39 109 80 79 80 80 0 15 76 47
5 19 43 124 66 29 113 57 12 44 92 29 20 82 48 118
60 106 63 67 29 102 48 110 54 0 62 54 15 10 101 21
29 16 17 96 45 3 25 58 47 118 87 68 72 7 58 4
113 121 71 14 95 119 124 21 119 58 76 7 69 49 28 98
66 45 66 111 48 92 41 96 82 0 36 26 7 94 30 120
87 101 7 54 92 3 76 83 62 24 90 3 73 118 101 11
36 40 123 84 4 36 52 86 37 88 112 44 54 14 37 13
115 44 68 79 47 16 34 109 40 125 112 113 115 86 125 23
126 120 108 2 28 32 88 65 121 72 110 47 86 19 61 73
63 1 24 110 17 58 92 57 55 76 42 43 34 39 66 32
31 46 34 60 79 122 125 72 66 107 119 24 126 52 97 61
53 121 44 70 52 8 127 107 84 42 22 119 81 89 23 113
7 58 45 86 52 42 30 119 22 22 15 20 74 113 82 0
106 126 70 30 6 70 10 90 112 32 81 65 121 105 50 1
35 95 87 87 10 118 78 32 12 94 52 86 79 6 86 57
4 29 88 10 99 98 101 83 2 54 20 124 31 71 125 66
38 84 26 48 74 104 80 86 70 5 45 21 11 3 79 16
32 39 26 3 9 127 86 11 54 107 7 85 50 4 24 88
