126 122 108 87 50 110 118 118 99 88 80 60 36 43 37 46
27 111 88 43 5 29 54 15 58 48 116 84 75 25 7 73
20 115 33 70 97 23 60 69 111 12 1 19 56 38 65 83
21 25 127 26 55 53 41 113 101 30 70 48 55 77 122 75
64 27 18 34 50 78 103 34 91 104 53 19 14 119 102 35
16 101 61 71 27 103 57 0 5 127 49 60 76 43 8 12
70 26 46 120 104 21 26 67 125 80 86 11 71 61 46 87
34 108 31 61 83 88 62 88 87 111 20 35 26 28 47 96
54 94 88 31 115 115 98 113 67 57 124 10 118 43 97 24
23 0 86 106 88 20 66 47 3 86 82 29 115 2 125 41
96 85 72 83 72 43 68 11 100 65 21 90 108 119 114 3
119 72 109 80 92 47 127 95 5 82 124 120 84 121 34 52
79 106 7 23 21 76 35 121 13 56 83 121 47 70 124 39
14 105 119 107 24 118 74 29 72 71 22 28 64 56 80 15
34 88 39 56 36 74 49 49 2 5 42 50 75 38 89 89
15 80 68 39 70 15 68 15 86 90 43 22 18 124 38 53
84 77 109 120 23 30 41 25 35 83 75 110 121 36 72 8
116 12 47 59 27 115 74 113 78 117 8 96 113 46 21 69
123 2 61 18 33 102 43 68 57 119 51 50 27 123 58 16
7 105 75 35 93 21 20 43 10 28 11 124 74 33 65 69
35 127 87 68 101 3 9 31 122 60 81 21 55 12 37 62
117 112 97 82 5 118 125 16 18 9 12 93 42 77 34 77
76 122 18 50 125 27 81 119 87 34 12 14 46 50 76 36
34 46 118 40 36 116 56 54 125 68 19 39 17 54 116 94
48 6 16 45 33 97 36 120 3 48 6 50 98 83 86 5
1 76 45 37 64 101 91 61 41 111 100 58 37 89 24 85
95 40 2 1 9 38 121 13 86 0 63 57 83 21 62 84
97 107 121 34 80 84 95 121 67 68 51 104 29 76 61 124
116 63 125 126 101 119 11 60 119 74 117 74 95 51 30 64
30 23 98 110 107 66 103 47 6 26 23 35 102 85 31 91
20 29 89 122 20 100 54 11 46 43 85 13 94 115 77 124
10 48 106 117 114 81 36 120 107 60 27 82 17 58 45 37
96 96 100 123 85 33 15 69 24 3 52 20 68 113 90 105
58 18 63 68 0 67 118 91 0 21 51 32 115 8 77 84
104 50 79 61 83 95 2 107 98 55 127 38 40 89 15 98
107 78 38 108 17 28 71 18 49 123 50 37 3 127 121 107
49 72 40 4 39 42 111 9 97 111 47 9 72 62 108 52
12 18 32 30 47 103 48 96 98 98 5 101 97 126 80 19
71 120 23 110 35 7 120 4 118 39 14 62 102 122 114 114
12 18 16 59 122 64 28 92 34 33 66 4 32 18 23 103
11 46 85 46 53 77 50 43 117 64 106 91 58 92 77 71
111 94 2 105 30 30 69 65 64 7 69 96 26 92 71 37
10 28 83 64 106 5 107 95 70 85 58 0 50 7 71 33
101 74 10 4 104 79 69 40 87 10 8 113 102 79 22 112
108 105 48 86 110 28 53 52 113 111 53 35 118 124 68 92
70 78 96 47 30 37 87 117 47 96 102 21 47 124 5 27
101 54 113 83 82 38 8 67 21 61 103 12 57 43 104 0
122 72 47 24 109 6 13 28 102 115 49 22 111 54 49 84
108 35 39 62 73 47 2 95 108 105 107 38 20 83 38 14
27 85 38 8 91 51 36 66 38 85 88 21 11 9 105 120
44 17 54 118 64 56 85 45 33 64 83 54 19 121 68 46
78 107 54 41 30 90 107 69 47 67 90 58 77 68 50 121
85 105 111 21 33 68 66 67 4 21 121 23 14 61 69 92
40 123 6 71 85 113 12 4 53 102 63 2 42 113 123 127
90 107 21 124 47 87 63 52 109 56 75 123 117 17 88 30
12 94 101 98 79 113 102 4 87 37 6 2 23 2 1 113
109 22 109 28 110 44 80 91 100 28 86 90 45 46 120 57
12 93 27 92 78 2 96 37 39 103 39 62 105 41 48 86
63 29 114 45 74 67 8 46 95 95 8 12 13 0 69 26
93 97 118 43 99 86 81 10 61 120 73 38 33 121 124 97
22 111 14 96 50 23 15 17 118 23 29 3 24 98 29 117
67 19 33 38 106 114 49 39 106 122 78 12 115 74 109 9
57 123 106 107 18 121 124 8 16 25 12 40 124 41 30 63
61 63 102 39 49 23 78 27 17 28 39 4 103 20 13 32
42 105 81 54 90 42 114 117 56 110 36 125 47 58 5 12
43 47 121 108 17 125 53 18 29 70 87 123 125 22 101 39
127 54 94 89 96 80 79 24 63 115 21 110 45 26 122 89
74 115 69 91 112 123 109 14 65 69 9 62 91 110 102 90
37 68 52 5 20 3 30 83 118 51 65 35 78 59 124 24
47 66 115 31 61 96 45 126 37 54 60 0 37 34 91 74
102 15 79 123 18 109 78 8 33 16 43 111 75 40 7 122
106 122 26 39 90 71 37 0 126 97 0 35 4 91 109 106
106 60 101 124 42 52 4 75 68 48 58 15 88 65 10 66
59 36 105 21 107 14 21 105 111 22 12 115 113 121 94 92
54 67 88 96 119 93 43 59 13 101 75 101 38 85 39 97
121 16 118 100 30 12 78 13 34 90 1 19 84 95 111 10
34 72 106 26 37 21 85 50 122 32 23 32 117 62 1 110
78 119 83 108 3 33 121 37 123 122 57 79 89 40 89 124
112 67 22 21 88 107 71 82 12 94 114 1 28 115 112 106
107 67 86 110 100 80 20 95 74 77 47 36 117 8 32 102
76 54 123 36 33 67 119 45 33 105 47 62 93 31 40 72
98 127 54 70 79 74 37 25 23 84 61 13 93 93 115 41
19 110 77 53 49 68 98 83 46 17 17 11 48 57 83 18
56 9 88 7 84 126 33 107 82 94 120 47 60 107 88 79
90 38 4 11 106 103 94 24 120 111 35 41 41 118 59 97
0 20 105 84 18 10 63 100 104 56 20 36 35 108 116 125
18 120 9 125 95 103 21 88 87 57 1 0 47 60 97 47
80 74 3 98 84 67 71 61 123 91 97 30 71 85 28 90
78 37 87 45 12 108 5 99 37 6 99 85 67 69 4 19
15 8 118 100 75 61 33 70 24 2 100 95 88 0 57 38
37 16 83 50 125 89 21 34 95 121 119 34 62 124 54 77
4 44 49 79 105 82 21 1 85 121 96 45 122 26 83 31
42 38 81 39 127 103 74 95 96 65 1 30 61 55 107 65
99 29 16 76 111 37 77 68 31 46 113 25 72 68 56 114
107 10 26 106 113 100 73 81 37 75 111 99 2 90 36 102
119 53 50 103 90 0 43 121 46 29 18 118 97 75 104 76
76 125 4 40 127 4 57 76 69 93 126 104 58 24 47 5
73 82 113 65 15 25 32 30 42 33 55 125 76 96 111 24
93 115 65 93 119 122 41 60 87 40 36 17 64 83 23 9
38 8 74 53 33 107 83 75 12 11 72 88 107 55 113 73
42 50 38 33 44 79 94 3 119 2 21 56 86 44 65 124
52 12 49 85 119 4 32 3 15 105 91 123 32 76 68 75
126 106 108 42 57 74 46 49 77 67 105 35 111 42 31 35
54 80 120 45 84 24 48 100 1 12 95 34 88 35 109 87
13 89 1 70 36 47 119 113 114 96 20 97 11 51 4 65
3 124 111 87 21 31 59 22 43 26 56 4 61 37 91 74
127 92 17 35 12 8 20 126 105 40 96 116 91 100 53 94
97 36 53 118 68 113 12 111 11 69 115 73 106 78 19 105
43 36 12 55 45 32 53 22 72 21 10 35 122 63 1 91
100 55 81 40 40 93 23 51 34 11 124 13 89 16 118 4
52 3 59 97 35 113 119 108 6 1 15 0 65 17 91 37
72 44 77 112 10 100 35 44 111 32 57 73 48 48 77 100
51 9 70 86 122 61 66 0 63 82 1 0 99 92 37 43
9 114 27 19 86 62 63 70 94 121 15 14 41 92 115 92
101 57 50 95 118 117 96 53 71 97 53 42 61 90 85 70
76 112 89 35 46 25 105 13 18 120 27 59 84 14 23 58
71 73 25 62 62 121 115 5 90 41 47 24 3 4 94 80
116 56 115 35 81 92 48 99 84 75 30 40 90 53 98 33
126 124 95 61 117 83 66 80 124 114 104 127 118 70 79 107
126 66 14 79 30 62 50 114 9 80 27 99 5 125 5 4
121 100 65 111 55 3 63 51 117 39 51 108 109 2 87 108
69 101 59 99 35 110 86 44 62 113 16 68 110 21 72 104
121 9 87 49 12 22 100 2 61 23 110 42 26 69 22 95
42 82 66 77 64 24 121 126 9 9 66 120 30 10 96 24
19 55 73 32 77 45 34 10 69 16 52 95 85 75 62 127
29 0 76 93 25 69 91 34 79 30 26 109 40 122 5 60
49 78 92 126 124 126 8 65 14 61 32 99 8 94 98 37
94 46 2 119 115 93 26 66 123 52 48 36 47 53 96 96
15 119 112 48 1 88 77 72 90 106 85 46 86 83 62 30
95 65 75 124 69 119 112 17 100 68 47 79 63 54 26 78
45 10 126 47 99 76 119 61 54 76 107 13 31 42 43 126
107 118 123 48 110 107 65 82 48 112 33 111 38 59 62 84
70 60 3 41 8 122 102 63 70 82 76 101 124 119 100 103
109 95 23 91 74 88 45 122 72 78 106 110 10 40 66 80
100 69 121 109 63 95 44 5 49 120 107 45 111 79 20 92
46 43 56 120 3 101 115 75 52 93 58 62 5 124 14 105
66 7 86 1 102 2 7 24 122 114 69 105 65 90 70 111
5 126 103 9 99 90 84 23 55 14 85 60 11 99 38 77
106 124 78 81 127 85 105 121 71 46 99 8 8 41 119 14
39 95 23 10 57 107 34 113 122 119 45 5 91 83 82 69
80 32 22 79 118 127 72 61 46 43 70 54 84 61 68 123
28 91 6 86 71 40 71 65 31 116 70 122 72 24 64 24
56 86 103 46 86 47 108 4 91 50 58 47 111 127 43 12
90 49 98 33 89 41 98 120 29 40 115 101 64 51 125 121
9 100 39 95 20 19 99 111 69 30 30 53 29 73 65 119
122 35 25 83 76 123 76 105 36 63 79 100 114 76 93 123
49 5 91 69 24 62 52 94 92 82 19 121 28 84 113 22
119 10 106 67 5 54 44 41 117 123 14 103 72 107 98 121
112 61 62 9 124 114 103 88 68 122 82 96 78 67 119 69
77 97 8 82 23 52 124 12 48 10 115 120 117 85 113 102
19 47 111 15 33 86 103 101 80 57 70 30 124 61 99 73
30 107 28 53 31 24 65 79 34 52 71 23 9 56 125 28
103 108 43 8 66 19 110 18 76 52 48 73 113 19 18 15
126 46 68 30 70 5 109 104 57 53 0 66 109 125 95 85
106 10 93 44 29 75 63 106 127 111 51 112 3 69 127 1
116 67 31 58 72 13 35 1 66 35 68 47 32 35 4 10
45 98 55 75 45 118 53 45 101 104 29 104 45 29 106 33
96 9 92 41 22 127 42 88 34 110 8 66 17 12 77 63
110 4 10 28 122 63 73 95 39 102 72 84 3 50 118 100
59 82 13 82 81 55 42 115 38 50 53 55 63 2 118 45
71 114 105 58 100 121 45 94 27 94 100 51 27 45 111 71
120 88 122 7 57 101 26 17 9 114 124 0 37 111 26 108
97 3 38 69 124 83 35 23 50 7 75 77 52 58 20 44
18 14 51 75 115 77 93 124 63 89 125 100 72 23 81 41
26 119 110 22 75 17 45 125 24 120 74 77 51 94 121 69
108 45 17 95 122 110 91 58 71 88 30 16 111 111 57 9
103 40 31 50 57 77 47 82 69 121 31 120 87 24 62 67
69 79 34 64 61 125 122 4 86 24 20 69 8 78 79 111
118 110 33 47 59 80 1 1 73 32 121 32 57 55 99 126
6 5 62 67 2 56 72 88 81 92 30 89 42 109 72 32
91 105 80 23 57 81 24 2 114 17 34 43 73 5 41 79
10 104 19 12 32 91 101 113 55 3 74 98 112 18 2 75
123 82 98 52 36 122 54 22 12 88 65 85 93 106 36 103
82 55 116 115 18 89 100 74 92 47 44 76 65 46 23 61
1 122 113 37 116 40 59 0 0 124 85 94 102 122 69 57
49 57 44 68 18 16 14 110 63 58 58 1 104 82 62 105
76 47 14 64 87 73 65 88 69 22 54 44 16 123 101 66
53 17 6 71 33 20 54 97 78 112 98 54 66 32 32 14
79 46 79 39 120 16 127 61 38 53 105 55 48 78 121 101
95 127 45 1 19 99 98 97 83 68 23 22 100 55 36 51
102 115 90 94 3 89 27 42 14 5 97 63 83 90 36 51
89 81 52 108 52 22 77 8 90 100 30 62 28 66 113 2
54 76 96 57 37 123 99 52 0 68 115 84 30 23 7 119
105 59 99 29 81 48 37 43 21 67 105 49 6 90 51 60
38 19 117 76 14 89 0 15 29 115 99 60 10 106 51 115
37 23 17 118 71 54 33 92 122 10 13 0 100 64 60 11
83 49 87 98 10 87 113 40 74 84 100 84 62 23 72 99
46 89 89 118 15 122 82 9 4 96 9 104 32 69 115 116
119 74 86 1 33 71 41 107 27 13 64 89 37 8 60 83
97 21 73 112 15 28 122 19 124 3 123 28 73 111 16 64
57 102 65 91 45 107 70 72 120 6 33 29 14 93 113 111
114 58 96 1 86 90 20 82 93 16 111 38 127 127 102 56
38 71 75 52 76 67 2 5 75 29 66 100 124 11 114 69
57 6 68 44 92 15 61 33 54 114 57 97 85 88 78 123
32 25 47 108 93 49 113 40 78 52 12 74 63 126 15 120
4 84 36 97 99 97 2 25 83 59 123 40 20 73 35 52
98 82 32 63 3 17 103 81 69 115 28 4 113 43 124 118
127 32 87 98 1 89 124 84 21 119 124 41 64 31 93 34
113 125 98 116 14 73 70 84 61 98 88 46 13 85 36 13
117 123 111 119 85 107 75 106 98 72 19 34 103 112 69 89
109 39 77 123 112 19 79 45 117 40 92 3 125 0 16 114
124 127 105 81 107 53 59 77 125 78 112 100 62 53 61 43
92 11 38 76 30 118 122 20 30 86 23 27 86 39 13 82
38 119 35 17 44 94 95 41 44 79 13 106 4 75 21 96
86 60 44 116 50 38 8 80 124 31 107 83 70 120 37 109
111 73 126 27 39 93 68 84 44 82 62 48 29 84 16 115
16 61 103 66 99 112 18 96 15 125 51 86 117 88 67 101
33 65 0 73 31 69 29 75 23 91 124 52 47 12 39 63
73 14 1 45 126 19 13 14 16 64 100 6 24 39 107 58
104 107 3 7 48 32 83 71 123 79 123 43 91 34 106 37
49 108 82 47 127 95 61 16 31 33 22 55 72 1 113 49
108 116 56 29 20 11 100 16 90 96 59 54 2 37 91 51
17 45 99 17 12 32 33 43 66 55 98 10 56 84 59 36
72 116 65 93 127 38 109 90 6 40 16 8 77 107 60 95
24 31 112 36 63 17 79 1 72 49 12 0 5 71 36 78
59 102 43 59 12 24 21 18 64 37 26 13 16 86 108 40
117 92 76 53 109 27 54 53 76 66 53 82 10 90 32 69
64 75 0 76 99 21 94 35 58 120 48 74 79 29 114 68
121 62 121 103 89 48 28 38 114 82 120 124 44 24 66 108
99 66 56 70 88 22 105 18 14 25 93 93 54 79 34 48
14 27 23 103 75 51 13 62 5 5 58 49 29 124 29 0
63 85 70 23 107 47 41 122 73 6 87 127 86 121 47 100
21 70 75 96 122 89 30 127 94 89 49 124 85 78 124 20
36 67 43 15 114 85 9 59 91 97 59 49 90 106 21 111
34 83 39 46 84 20 12 118 40 60 17 29 42 105 65 114
106 54 97 121 97 69 68 45 5 62 91 123 102 37 22 9
121 61 55 77 81 67 67 121 127 84 22 41 62 87 28 40
14 125 33 111 67 101 28 72 36 119 68 10 28 90 19 21
24 74 98 105 13 38 99 13 122 121 54 56 81 82 96 95
80 1 78 19 103 106 91 11 97 31 21 125 122 41 19 18
115 117 123 1 27 94 14 22 88 68 78 41 23 47 8 103
48 86 122 23 64 85 34 33 117 56 30 111 97 49 1 84
39 124 85 66 91 99 88 51 40 39 92 63 86 100 38 6
58 32 30 122 117 64 27 106 120 57 89 89 107 90 46 18
87 3 84 50 103 45 101 15 84 65 78 42 37 116 48 95
20 78 89 9 15 116 116 7 45 77 97 24 40 15 42 127
18 127 49 121 44 22 8 0 87 86 42 124 74 90 91 94
41 52 104 56 40 92 63 85 41 32 110 81 47 24 80 66
23 1 59 67 23 68 67 110 26 109 106 101 72 69 67 113
121 43 41 33 7 104 119 49 9 101 2 56 125 83 122 21
84 54 88 108 122 28 90 20 9 69 121 81 10 61 66 4
104 107 37 112 84 28 33 93 1 35 21 127 118 16 20 75
70 108 55 64 8 17 84 18 86 78 99 97 11 38 101 115
17 10 99 101 39 4 66 40 40 88 39 30 104 59 105 46
40 32 110 48 50 66 66 8 16 38 105 27 76 78 15 93
89 114 67 0 119 5 40 31 93 80 61 69 11 39 115 51
71 97 100 121 36 38 2 52 76 107 80 24 58 95 118 19
81 57 19 72 62 59 103 28 11 37 97 23 76 85 74 19
54 46 13 90 85 15 15 33 122 95 58 52 62 48 71 15
105 90 88 39 22 63 67 33 100 37 56 48 122 3 68 48
49 81 11 6 96 26 40 90 121 98 15 55 18 86 70 123
49 30 34 71 94 102 104 66 11 33 115 5 36 55 53 85
8 64 92 104 90 4 66 83 102 81 10 120 40 81 115 89
111 21 32 77 123 8 16 6 41 3 11 77 58 65 35 66
1 127 42 92 3 108 47 105 62 58 97 102 11 84 63 122
105 95 72 101 103 88 107 17 91 119 94 21 56 1 87 57
76 15 101 68 115 21 44 79 53 8 69 106 122 80 125 1
55 24 2 23 36 123 19 32 93 96 105 127 78 37 99 26
52 72 94 39 93 10 118 19 19 60 125 13 12 122 15 68
19 17 91 55 12 111 88 105 79 65 104 29 103 75 56 27
20 22 67 113 33 57 4 52 117 1 65 2 124 80 70 15
97 33 70 109 16 30 87 95 96 63 125 71 11 53 98 31
75 37 16 108 95 21 32 84 22 98 86 18 50 28 33 20
62 104 1 78 6 88 46 102 24 43 45 35 96 16 66 43
53 82 24 20 103 56 105 126 26 63 16 77 92 50 97 26
26 98 104 32 59 22 7 83 65 52 118 33 68 56 77 122
10 101 14 114 29 119 112 56 55 0 5 19 50 102 45 76
72 21 109 3 44 116 86 109 40 76 15 109 4 92 103 15
65 117 1 94 109 113 22 36 113 27 55 36 1 100 112 74
121 93 77 37 81 36 19 122 112 34 103 117 126 78 4 63
67 5 29 48 118 52 84 103 79 11 11 81 111 124 27 105
89 104 14 43 12 33 37 125 67 12 114 65 90 118 0 29
123 30 78 113 82 34 88 33 46 100 114 29 96 13 6 57
118 21 100 2 54 9 127 122 21 113 59 111 103 60 13 98
90 91 83 44 125 44 77 43 16 64 73 112 77 79 41 67
100 14 70 27 23 69 21 45 55 80 28 30 12 41 1 102
4 84 18 2 0 96 45 16 32 118 0 109 70 42 49 42
56 119 69 79 60 90 124 115 43 25 18 55 66 19 30 71
103 48 73 104 16 118 120 48 109 121 30 51 35 79 93 91
70 35 42 2 125 39 118 40 64 8 96 2 27 126 73 2
46 18 106 63 9 99 111 118 92 13 41 127 92 6 90 34
41 4 37 39 43 27 79 107 35 47 110 62 45 55 64 92
74 43 27 83 14 10 73 106 24 114 105 116 120 67 23 34
71 60 73 115 87 24 94 122 72 76 56 117 4 120 81 78
35 108 33 49 119 106 27 15 92 4 3 84 71 26 118 15
86 63 2 45 88 96 39 32 45 95 21 49 88 103 127 123
83 32 45 74 10 72 89 102 77 93 58 20 119 49 35 78
112 37 123 72 6 35 104 51 2 126 100 90 101 99 86 56
75 61 15 30 33 52 9 127 70 112 42 126 51 87 91 39
75 59 2 103 83 119 38 6 63 109 14 106 112 85 19 60
18 35 90 52 87 99 51 29 83 94 28 6 53 119 45 1
50 48 104 5 39 14 11 102 124 26 81 108 111 100 40 1
7 2 53 94 101 105 124 56 71 24 62 124 15 108 125 66
28 102 71 67 116 83 42 112 109 123 93 92 95 5 93 103
8 19 69 109 124 65 38 67 89 100 63 105 80 61 43 108
35 114 48 23 69 90 8 50 85 101 14 52 106 108 27 114
127 97 96 123 34 6 62 124 106 125 101 59 58 16 39 93
2 87 117 72 49 125 122 6 98 9 59 76 117 86 63 116
55 31 111 90 37 45 86 15 42 59 74 101 75 114 66 77
73 55 21 123 52 16 1 22 25 60 99 14 19 34 2 74
65 113 36 102 30 122 117 72 53 64 45 0 50 112 78 123
39 99 118 92 115 120 114 12 52 85 26 71 119 28 18 56
13 54 30 43 49 20 116 102 84 33 103 6 17 53 1 57
24 120 21 12 112 7 24 36 93 51 108 84 79 126 13 93
52 43 8 101 63 124 76 19 30 51 25 47 104 27 104 0
19 125 12 3 5 37 39 98 88 19 54 39 17 67 4 70
111 13 43 46 9 119 66 39 42 91 87 18 118 63 19 9
61 31 12 66 68 52 36 28 71 90 68 89 30 72 31 13
85 74 59 95 66 125 6 108 89 93 127 79 29 18 89 90
49 101 28 118 25 64 18 97 26 86 58 56 31 89 69 116
35 1 83 101 126 90 82 87 55 81 39 84 99 0 46 20
101 74 10 127 10 29 96 37 115 26 93 18 115 35 7 22
36 90 124 34 52 78 122 108 31 33 64 2 33 111 22 6
57 33 5 68 62 101 105 49 127 70 68 114 105 75 9 13
37 5 48 90 83 42 70 114 75 6 116 108 117 10 114 47
43 120 115 105 93 92 27 93 34 95 79 12 42 88 25 79
93 73 41 48 115 111 34 62 118 22 42 107 33 29 26 76
21 13 54 114 105 81 79 12 48 31 24 90 119 49 41 85
123 83 5 110 66 40 45 56 62 87 36 95 116 62 44 9
76 98 124 53 51 75 65 99 106 89 61 98 11 102 55 6
