19 30 84 98 76 18 61 73 17 45 52 75 19 13 124 37
44 110 127 50 91 10 108 76 60 66 88 5 72 8 90 91
38 46 61 114 64 122 59 82 40 112 29 59 125 25 96 41
7 96 91 98 106 72 47 39 10 7 44 82 15 6 46 53
53 107 40 117 102 99 71 14 83 100 73 80 126 41 121 5
9 85 104 116 29 23 27 39 30 71 122 46 78 40 99 3
19 11 120 121 111 64 7 66 36 80 19 34 122 12 40 3
97 16 119 126 39 18 38 69 90 32 115 40 72 87 43 91
98 35 85 81 99 92 20 8 45 39 42 39 51 82 42 21
98 34 19 9 52 57 79 14 89 66 54 33 25 97 125 124
5 82 77 104 46 97 112 91 8 27 2 60 109 45 81 80
79 100 89 3 30 40 18 119 107 72 25 4 42 22 0 47
104 78 23 22 47 8 114 56 35 116 116 16 33 69 96 112
41 58 116 71 98 6 63 77 78 88 82 120 110 82 39 86
32 63 108 80 71 94 8 106 83 124 122 116 65 91 101 106
21 89 50 119 95 113 69 45 73 23 38 55 105 77 13 10
12 121 90 83 88 98 61 43 94 56 31 31 19 4 9 40
93 59 31 60 44 100 106 117 123 16 44 101 93 57 111 106
51 73 61 11 43 123 54 9 51 85 40 70 90 49 110 55
109 13 116 25 114 94 15 109 110 59 82 75 117 65 53 40
10 115 51 53 110 105 62 33 62 102 103 24 24 85 80 5
98 68 30 84 34 45 66 16 105 20 91 94 86 17 6 96
4 57 22 114 34 84 19 96 59 122 121 83 79 73 88 49
13 118 6 47 36 72 63 13 92 26 107 50 43 113 19 47
42 41 33 76 125 52 44 56 46 37 11 125 110 99 47 123
90 53 42 126 125 105 11 89 4 118 12 47 103 31 95 17
72 0 93 69 53 9 126 99 47 9 97 29 109 16 25 71
69 67 69 66 45 80 27 49 70 39 96 45 70 63 62 14
64 27 84 117 36 82 88 83 91 57 113 72 73 10 15 14
77 84 80 122 36 108 43 106 19 12 23 90 75 85 104 11
112 60 0 21 14 89 104 106 18 89 50 92 99 66 106 49
22 59 43 59 39 87 37 58 99 61 20 46 18 125 58 3
81 18 127 62 86 30 33 0 29 19 93 64 117 68 87 108
56 108 40 108 66 23 60 53 43 22 39 93 82 122 45 35
12 45 98 99 75 3 99 104 22 64 40 12 4 0 120 61
108 32 41 46 55 101 100 98 124 11 63 78 6 109 113 18
26 83 117 101 87 88 77 109 24 118 121 29 118 114 90 98
18 3 16 74 104 116 44 100 0 108 50 6 89 36 24 115
119 14 88 78 102 37 60 127 27 53 28 17 39 118 115 58
121 4 4 97 120 48 70 120 28 120 126 117 28 23 104 20
37 64 98 11 102 30 10 1 84 38 19 123 28 6 53 21
10 57 119 3 106 61 123 6 53 122 124 82 17 100 102 54
37 72 65 11 103 76 12 59 114 31 54 15 38 108 36 48
37 27 51 15 88 47 22 14 41 18 96 58 118 70 112 27
14 49 38 117 125 51 48 112 82 103 127 120 83 35 41 120
63 92 8 23 11 30 37 52 48 5 110 38 75 94 66 90
16 104 79 13 27 0 125 110 103 124 102 58 32 15 50 95
108 58 118 119 88 28 44 8 33 26 47 109 121 113 71 9
89 22 22 117 22 20 99 125 16 73 55 48 89 106 15 69
36 6 60 125 34 104 5 67 3 52 48 124 37 119 5 127
14 27 116 36 47 87 34 64 32 89 112 121 67 0 62 104
6 123 101 40 99 106 107 102 31 28 98 68 19 103 67 33
3 55 70 50 14 104 114 47 65 99 40 5 99 103 109 105
98 82 17 69 60 124 44 91 24 14 32 44 118 99 77 121
27 19 43 41 123 30 88 61 1 1 66 100 104 47 77 74
1 94 15 61 90 59 25 115 74 57 31 64 28 108 57 55
0 100 97 123 2 57 56 3 58 122 103 34 41 52 108 42
18 124 104 109 55 1 96 1 58 127 65 86 107 122 14 107
95 111 103 97 40 31 101 99 26 76 5 67 1 114 110 19
110 86 0 37 87 96 39 17 95 104 103 75 99 117 54 66
100 29 35 13 61 8 112 87 85 117 26 86 103 8 105 85
94 106 123 53 74 34 70 42 10 46 117 109 35 43 47 8
73 83 21 6 91 5 93 48 122 119 6 98 0 112 55 94
90 50 20 36 84 90 78 95 8 67 76 44 111 124 52 56
60 100 74 31 97 50 7 94 9 111 55 55 126 45 31 25
74 41 105 10 68 99 62 42 83 49 108 7 124 48 118 56
20 64 87 118 115 94 84 124 77 11 51 76 56 82 101 2
124 78 12 64 49 74 106 4 123 86 11 120 7 1 48 27
66 8 17 53 102 101 49 52 112 101 0 40 55 101 42 51
51 55 116 100 1 94 104 125 53 116 117 60 117 37 87 55
45 105 108 20 78 30 72 63 3 72 103 58 45 18 110 96
73 98 68 74 64 44 71 117 32 60 49 22 98 9 77 15
114 58 35 64 88 107 127 91 51 103 21 96 121 3 64 66
101 4 12 38 49 84 27 81 16 77 103 114 86 53 2 72
111 37 8 71 17 8 34 68 111 55 37 104 59 101 42 32
106 54 70 27 10 98 108 27 47 84 13 5 9 15 77 120
53 85 63 70 93 97 10 76 24 47 52 83 21 94 116 127
21 58 26 31 28 6 58 75 90 72 80 99 87 29 91 12
115 26 82 80 123 93 29 20 12 81 103 33 48 91 32 69
22 58 100 50 65 31 126 27 103 78 127 62 108 90 75 95
117 29 47 112 122 76 4 7 30 108 40 78 71 73 19 93
3 119 16 68 22 14 96 125 92 95 60 72 57 7 39 46
36 87 31 31 35 35 38 65 15 78 15 87 23 34 52 27
26 68 95 48 82 63 46 47 30 106 119 88 113 31 6 21
118 37 52 25 73 90 91 88 41 106 47 64 13 100 91 39
40 59 87 123 122 5 42 25 111 33 113 96 64 119 118 54
29 42 80 102 5 43 62 46 21 110 110 34 82 74 73 122
5 33 117 127 38 31 24 22 65 9 118 1 1 108 56 30
23 8 4 28 51 66 74 72 48 56 107 2 2 52 125 7
85 114 7 124 18 31 18 83 41 8 84 42 117 12 72 12
20 76 40 71 14 114 16 63 42 123 65 45 47 62 52 5
49 59 1 67 91 19 22 4 27 106 46 16 119 118 28 11
66 68 83 80 54 99 15 97 94 81 14 13 15 66 18 64
126 19 3 89 38 25 93 66 4 11 82 123 1 111 6 67
51 89 19 106 60 35 75 26 116 89 40 3 27 58 68 25
78 71 114 116 97 79 54 101 90 9 96 91 120 102 30 43
114 97 37 25 116 58 83 27 10 34 100 88 67 51 124 16
19 116 92 115 112 53 14 125 23 39 28 107 112 54 6 99
24 43 124 12 101 79 39 111 114 12 71 53 63 67 70 82
55 34 69 40 87 83 37 111 122 65 90 107 119 96 78 15
11 74 28 112 26 67 95 12 79 38 65 14 106 7 97 33
42 38 73 1 122 110 112 116 47 75 95 39 43 45 54 55
120 82 39 18 22 7 30 101 45 95 116 23 103 85 57 17
123 2 18 117 113 3 106 32 78 73 71 121 119 126 48 111
80 88 1 102 95 31 76 12 126 64 36 101 21 93 118 16
95 9 6 80 12 112 113 90 57 56 83 48 54 4 31 7
92 32 109 59 63 57 71 62 121 107 35 14 72 26 31 40
35 37 120 47 21 105 9 78 34 92 127 88 96 30 95 60
63 77 119 126 6 63 60 0 42 96 14 115 122 45 27 29
82 19 76 103 125 85 54 31 49 53 119 18 83 87 78 18
36 70 17 42 5 77 42 47 45 57 34 39 102 61 68 57
81 16 32 78 101 86 109 23 11 100 41 95 59 119 113 95
61 2 10 66 80 52 114 125 109 20 37 84 82 105 13 35
122 45 113 95 4 94 118 15 66 31 110 126 23 96 93 84
98 103 23 50 28 9 48 9 29 85 93 111 62 106 18 56
24 3 24 28 97 14 43 36 46 26 34 69 122 127 25 92
103 48 15 3 57 63 12 87 20 106 70 82 84 89 11 108
92 35 8 62 49 52 98 95 78 4 36 72 3 62 36 106
110 51 109 40 114 122 127 6 100 69 89 56 30 100 37 123
7 45 57 56 97 27 24 47 31 60 119 34 122 28 13 105
79 122 17 66 116 16 72 88 85 33 17 116 5 54 111 12
99 40 69 69 67 93 116 98 25 108 4 20 8 17 125 87
12 14 25 0 30 98 89 115 3 106 103 9 32 86 21 3
126 90 72 65 55 61 35 81 41 40 101 49 57 98 8 69
112 34 70 14 4 31 1 7 9 105 16 41 63 38 44 62
0 117 127 56 50 35 9 91 75 110 12 4 80 20 74 64
54 16 78 58 47 79 66 56 56 82 97 120 120 13 54 121
2 53 49 52 88 58 15 35 40 27 40 120 48 114 56 102
123 89 0 80 124 6 23 117 123 53 29 92 100 84 18 9
62 54 120 26 21 102 84 63 51 63 84 20 127 80 81 123
41 81 75 38 87 98 27 82 23 57 46 123 13 64 5 75
118 125 101 11 99 57 75 23 120 31 43 120 111 124 115 25
77 62 63 36 32 90 119 56 19 37 51 32 102 56 107 92
54 80 104 25 10 51 48 2 82 92 122 65 88 109 90 38
43 25 74 76 116 65 4 7 103 55 40 77 112 19 41 38
100 17 63 110 68 112 112 22 76 107 88 36 88 50 74 4
76 21 80 64 86 84 71 61 11 111 10 123 3 52 33 103
69 97 85 10 81 69 32 29 48 120 65 9 43 12 13 119
33 93 55 119 49 126 53 60 110 63 56 113 115 89 88 57
58 45 67 11 114 99 40 35 92 106 44 7 118 57 126 23
22 53 14 71 51 67 3 33 3 59 18 118 21 106 47 79
23 114 91 10 86 3 45 50 109 89 57 99 18 55 122 40
108 9 111 31 76 114 65 79 46 83 70 67 62 117 18 85
104 109 95 62 113 12 112 94 101 41 66 119 96 60 31 76
69 14 107 18 1 44 97 47 0 39 114 62 29 4 19 5
114 115 67 99 127 51 65 101 92 3 92 60 64 124 8 5
10 115 23 11 32 121 58 32 32 44 94 61 49 113 66 35
100 5 6 100 56 71 73 20 75 37 80 11 33 88 16 44
76 40 55 108 33 114 12 65 30 106 127 79 91 65 114 64
71 120 36 127 64 109 20 11 18 100 22 52 61 38 96 9
78 23 117 111 9 1 49 40 107 48 119 70 113 106 6 56
98 42 56 34 23 76 45 42 48 67 94 109 106 62 118 56
85 107 40 95 108 89 7 87 9 126 30 122 104 36 51 75
79 107 109 102 55 27 16 103 94 110 85 72 44 75 1 2
55 41 97 35 2 104 123 11 102 25 5 79 61 56 26 12
35 7 115 90 34 3 66 1 114 23 73 30 98 74 32 25
115 1 61 117 105 56 0 80 81 6 31 14 62 57 27 98
64 14 60 99 17 126 100 3 21 45 34 120 120 66 17 107
68 78 97 45 6 97 125 87 103 28 102 38 85 1 8 22
15 68 121 32 67 93 36 88 10 70 80 2 8 98 110 76
111 80 122 52 103 0 67 48 97 8 62 82 19 52 102 84
8 117 31 52 41 58 86 116 117 116 65 56 9 61 89 121
13 83 45 117 83 113 37 52 121 99 6 13 24 108 97 32
97 0 84 10 59 43 126 48 31 63 104 41 125 65 34 10
20 79 127 103 64 37 27 58 8 33 71 32 14 40 64 111
40 21 122 99 64 120 20 95 56 124 8 53 62 42 63 82
122 63 58 58 100 85 116 108 119 59 13 5 99 77 116 12
98 110 111 34 103 3 2 31 0 10 84 62 53 19 16 47
82 74 105 54 32 94 35 23 25 48 28 125 125 16 9 96
127 120 2 102 124 4 5 124 15 89 58 68 108 74 115 63
21 92 117 53 58 24 76 84 72 104 81 70 120 90 38 119
82 40 93 78 45 98 74 60 59 4 0 40 79 115 103 100
79 92 25 10 117 101 94 61 77 47 3 69 9 41 61 91
82 26 42 127 125 116 59 56 121 59 96 72 46 71 44 125
36 69 7 25 42 101 86 119 20 90 60 29 3 121 121 85
20 35 84 17 23 15 73 16 74 42 88 120 113 4 118 21
73 125 46 115 99 5 106 119 95 39 21 98 32 14 56 52
49 12 69 72 28 15 89 102 57 49 95 42 54 85 64 127
82 110 115 53 115 93 45 82 4 66 53 37 80 109 89 1
121 31 73 21 46 34 124 103 84 91 17 10 48 81 9 2
64 124 56 51 90 101 6 94 39 59 3 119 40 93 120 33
124 65 55 42 100 51 17 56 14 34 66 62 116 75 64 52
72 120 103 34 93 109 0 4 40 4 123 80 97 115 114 93
53 41 7 25 92 24 81 106 58 19 40 46 94 104 98 38
97 74 72 62 55 73 67 96 77 62 48 46 50 34 11 103
75 18 0 39 42 81 17 100 100 57 19 66 34 117 105 3
63 49 65 119 122 4 87 71 67 7 117 117 42 0 92 117
18 92 29 60 45 46 33 17 104 52 83 10 41 60 13 105
110 78 96 104 83 55 48 22 62 37 11 104 38 103 94 56
67 123 117 112 41 22 1 17 74 84 27 115 17 40 92 127
119 60 103 74 115 23 96 50 61 107 26 99 82 120 27 21
115 16 5 29 38 6 46 112 90 74 100 107 114 64 106 105
44 105 50 60 121 19 73 17 57 111 55 84 57 44 57 90
30 22 50 11 4 116 45 37 57 47 69 24 30 38 101 74
15 23 6 8 42 80 26 99 63 81 55 120 125 112 82 27
6 4 38 10 120 84 48 50 3 117 74 33 27 47 107 42
70 113 51 113 65 77 84 1 30 12 121 28 124 76 55 3
80 94 13 73 50 61 123 53 50 69 86 77 117 65 120 59
50 43 44 116 120 1 117 22 13 110 50 9 58 106 12 11
72 26 84 122 87 79 47 10 20 5 87 9 70 79 69 120
122 113 108 114 114 97 9 127 80 59 9 10 37 21 21 109
47 105 103 7 56 22 17 77 27 104 86 97 56 27 90 50
13 70 37 127 40 46 127 120 105 8 2 15 29 24 124 77
1 100 84 58 122 101 7 22 77 93 119 5 121 81 56 6
24 93 5 64 11 4 56 116 12 58 3 42 82 0 119 84
100 75 14 94 48 21 116 125 114 108 3 107 61 59 113 85
24 119 21 35 123 77 23 8 8 27 50 90 27 41 46 127
116 60 93 36 81 82 33 68 62 36 47 123 95 33 81 119
24 102 26 19 52 50 27 60 77 77 22 104 118 69 103 106
1 68 14 83 22 48 23 84 84 70 80 52 103 33 43 127
7 70 19 59 120 46 119 69 124 14 45 114 83 20 93 84
88 107 39 111 27 62 67 112 5 19 36 108 52 79 108 60
21 127 119 13 45 111 82 41 125 127 28 80 19 121 36 108
100 76 91 0 10 30 112 15 50 20 124 102 99 104 34 121
103 26 6 20 9 89 62 6 88 90 86 108 83 122 88 55
70 51 55 81 81 39 96 3 59 92 106 31 68 12 24 43
38 30 64 47 119 126 53 80 88 11 60 43 6 20 98 76
71 26 29 24 65 126 28 125 90 6 28 31 18 52 74 57
82 10 104 74 8 30 26 96 41 86 11 47 106 110 124 49
8 25 73 73 23 101 70 114 107 98 17 126 22 91 55 105
102 31 51 110 61 77 79 103 35 90 22 13 72 18 62 80
44 7 26 67 109 96 53 88 67 70 86 89 34 13 66 8
45 117 118 106 66 69 81 101 32 104 114 104 122 48 57 38
56 83 106 37 51 31 125 118 102 84 80 8 97 18 16 14
126 118 70 101 24 8 40 7 79 11 51 51 13 66 87 1
72 10 115 10 50 64 10 24 102 126 17 22 10 68 64 9
59 6 110 83 14 22 91 94 34 14 17 47 80 105 48 25
115 35 35 37 99 46 61 73 44 78 95 55 19 32 64 78
38 46 33 53 68 124 19 102 10 36 21 91 13 70 116 1
105 23 38 77 69 100 22 114 50 118 41 69 22 105 19 60
23 53 113 91 49 4 66 60 41 87 23 54 29 11 55 7
34 94 84 104 66 106 90 116 96 3 58 118 108 77 51 3
2 36 94 52 41 32 112 82 120 7 8 21 18 64 28 52
30 112 28 96 91 118 84 59 121 14 50 101 92 101 104 94
9 71 18 50 103 2 4 95 9 13 117 27 77 17 80 107
2 108 75 93 99 31 24 92 46 74 66 10 47 42 104 57
113 123 107 89 125 112 56 7 125 45 34 74 63 114 53 65
95 0 30 66 31 54 30 77 1 96 87 48 11 64 105 124
59 85 85 56 69 14 63 66 59 98 12 122 84 65 59 51
65 89 117 96 16 20 46 17 116 5 65 127 69 43 124 0
0 81 57 69 95 120 7 27 90 19 21 47 84 81 98 21
42 88 117 58 108 35 75 96 41 13 96 110 56 92 111 56
45 40 125 13 32 4 40 123 23 61 42 107 14 12 0 57
100 117 115 80 25 63 49 66 76 17 48 4 109 31 60 26
71 57 39 104 61 79 99 84 13 13 63 27 25 63 84 126
52 72 78 77 7 127 15 83 16 64 87 125 95 19 24 39
76 63 15 9 15 114 93 28 127 28 55 24 91 12 22 15
84 101 93 91 100 108 46 117 44 5 114 12 24 10 51 100
74 66 109 89 52 74 117 51 102 44 75 65 56 98 80 12
71 45 103 43 26 21 32 70 26 19 82 50 29 5 22 103
71 3 64 123 77 53 46 51 98 122 116 26 92 69 39 35
114 14 78 12 36 111 83 62 2 37 113 31 43 7 7 114
11 71 110 88 125 28 12 95 22 0 121 114 69 32 21 56
47 100 68 83 83 23 17 85 61 2 116 104 10 123 90 21
67 72 109 64 101 121 31 123 122 24 110 63 57 3 119 104
103 60 59 58 83 76 15 16 79 4 120 89 127 83 110 66
87 76 112 67 122 112 48 33 73 67 26 56 37 24 87 70
87 82 80 115 72 0 4 62 1 69 14 96 110 20 20 70
96 5 9 91 117 58 124 62 125 22 118 34 46 78 104 5
32 57 120 104 57 125 38 58 66 52 26 48 72 47 118 41
52 0 4 41 58 0 104 55 22 94 90 68 44 66 73 76
123 65 52 52 62 90 111 0 14 9 49 87 56 39 0 108
39 4 22 97 4 126 25 26 92 115 94 9 53 39 85 49
104 10 101 39 100 84 39 115 94 88 74 22 0 74 3 39
78 25 9 82 23 34 108 115 21 74 124 74 113 82 123 89
92 97 0 64 53 40 51 19 0 125 42 0 71 45 40 21
70 49 103 93 83 83 80 104 29 77 50 14 31 46 104 123
15 104 59 68 16 111 88 17 108 2 17 52 47 57 73 117
106 49 82 61 4 34 37 34 111 88 48 14 6 24 9 21
1 69 89 17 52 49 34 32 51 52 84 98 109 30 87 88
79 41 21 83 76 59 117 59 19 38 74 25 62 83 46 63
24 7 81 76 57 115 109 108 39 65 79 21 95 38 109 46
80 2 2 28 61 119 87 80 29 33 105 92 117 23 27 13
31 108 90 88 96 71 68 7 8 19 28 104 58 9 22 10
12 24 38 73 16 125 26 45 31 3 9 20 27 37 33 58
17 123 18 113 66 86 121 75 106 21 51 36 31 73 46 43
98 84 116 114 81 14 31 112 18 41 4 45 78 38 103 95
33 121 81 100 79 74 47 57 95 98 93 126 43 11 41 13
95 30 127 49 44 31 33 62 72 38 107 22 76 82 117 109
75 70 81 27 16 0 84 112 98 50 110 14 61 24 27 29
54 27 78 98 58 111 33 2 21 12 24 97 95 13 79 42
84 32 69 100 33 26 84 3 76 67 17 9 91 45 38 17
72 116 115 2 100 20 4 121 33 28 91 0 41 42 42 125
74 112 98 107 10 54 111 86 121 0 95 84 45 6 101 117
122 89 119 94 109 123 88 14 23 51 14 65 93 57 62 39
41 32 19 51 87 2 9 80 2 104 37 48 110 10 37 105
99 29 71 81 24 31 95 48 82 110 113 47 39 47 87 80
80 106 3 39 108 12 119 110 116 28 30 99 39 68 76 10
116 78 92 70 55 48 96 21 81 17 101 125 49 105 109 1
111 91 78 114 87 58 53 66 65 85 45 106 25 13 31 13
92 123 83 19 44 51 40 125 68 13 122 118 118 103 119 101
66 69 87 25 0 12 91 65 98 8 43 123 22 74 8 114
69 91 5 113 15 45 110 83 59 104 73 49 79 64 23 17
6 110 42 6 123 6 71 93 14 114 88 36 60 96 22 1
59 27 115 74 73 97 30 4 74 103 53 25 40 76 43 46
59 85 52 54 91 123 19 106 109 107 14 41 75 37 42 6
64 29 81 9 127 111 13 73 86 67 98 126 15 13 44 74
99 96 0 62 91 19 40 72 126 55 113 73 92 28 80 28
57 33 38 56 16 51 1 102 118 100 101 6 113 17 80 84
114 81 19 77 100 59 22 99 114 7 44 78 35 124 107 93
29 17 21 45 68 23 20 59 123 121 65 108 10 17 65 124
98 84 74 71 15 96 42 2 103 86 80 11 83 59 104 112
76 125 30 17 20 50 76 15 43 13 124 53 30 61 50 1
17 124 72 32 92 114 34 67 72 115 78 27 46 54 12 123
52 42 12 72 92 88 88 7 101 84 60 3 17 110 4 34
106 76 66 70 62 101 10 7 88 88 34 6 15 46 1 67
88 13 11 52 101 99 59 74 55 120 78 72 102 82 106 81
31 45 23 93 18 33 100 106 122 7 112 9 53 114 76 14
127 87 66 101 59 126 47 114 118 125 59 92 80 37 45 111
82 69 76 100 102 49 78 96 56 63 105 109 49 53 123 48
13 62 21 72 60 69 58 50 66 117 14 18 27 60 1 109
1 78 82 103 127 32 72 55 95 49 36 16 103 32 65 116
94 86 60 26 27 118 76 94 108 90 112 7 22 114 116 23
64 70 127 63 103 71 118 70 120 26 87 95 58 24 83 24
110 15 50 10 6 126 104 114 89 88 121 111 74 109 7 10
52 6 73 27 77 63 97 69 90 56 37 20 80 120 45 63
8 95 73 14 94 49 0 55 9 121 38 84 102 45 94 26
51 40 53 0 103 23 70 65 79 107 86 32 99 3 95 107
98 40 121 64 89 121 119 98 114 30 54 89 75 21 115 127
61 41 127 36 64 69 102 15 48 60 47 20 63 14 127 33
