113 75 21 104 19 37 105 60 101 68 109 100 79 90 125 62
29 52 115 22 123 73 5 83 56 76 90 110 114 74 126 100
21 20 76 41 57 53 101 30 122 82 3 73 44 0 7 74
52 122 96 47 68 101 2 124 50 93 106 36 39 104 8 61
124 84 102 53 10 75 84 4 30 87 77 74 87 84 20 11
79 116 58 19 90 61 15 12 26 121 48 65 97 57 126 94
13 100 19 23 48 103 27 78 62 104 24 21 61 45 32 12
33 91 31 123 24 46 7 50 39 56 115 8 113 114 102 126
86 122 22 6 97 49 84 32 26 109 53 87 26 86 99 59
49 2 55 73 48 62 123 87 118 110 95 103 96 70 102 55
64 124 61 33 45 18 65 71 127 119 30 25 77 1 84 126
3 11 71 51 74 66 10 64 48 106 40 17 48 14 72 112
10 5 17 55 23 83 127 22 74 29 47 23 31 4 21 34
15 92 86 89 30 96 26 78 74 66 95 122 80 39 106 90
45 124 17 68 79 16 91 25 46 10 48 77 14 69 111 30
33 69 119 63 38 17 13 112 83 109 107 35 20 85 125 65
81 15 6 32 31 97 57 77 107 105 26 122 46 10 24 79
79 15 14 117 33 28 102 116 9 81 24 29 38 21 95 120
36 101 24 68 70 82 17 49 59 44 43 106 54 67 57 5
83 72 123 116 100 97 104 109 50 0 10 88 22 105 80 58
78 105 126 20 59 16 70 118 60 113 96 114 53 26 119 8
98 114 124 70 83 100 51 5 101 61 94 123 39 46 53 117
23 52 10 82 68 80 73 0 65 41 114 118 67 105 126 37
92 122 107 47 95 30 53 68 92 19 63 3 65 116 120 89
40 2 43 108 82 116 108 20 30 94 10 97 72 9 7 36
3 114 83 98 17 8 38 109 27 101 112 93 90 104 54 2
107 97 111 61 86 91 81 116 58 92 85 2 101 92 38 104
79 121 75 96 2 113 77 29 87 61 122 49 37 48 51 16
18 34 78 104 126 31 92 56 123 49 58 96 14 96 73 93
89 20 61 91 5 10 121 92 71 115 13 108 36 65 125 54
99 75 30 97 106 122 25 102 43 83 70 57 51 15 22 13
35 83 104 41 93 97 5 36 85 19 17 121 84 14 47 55
102 62 117 7 87 97 127 25 120 89 27 115 72 95 7 105
38 53 13 55 77 3 125 44 58 46 52 8 76 68 70 50
3 59 58 90 28 57 115 21 18 15 8 90 110 15 67 20
69 81 75 18 84 72 62 14 119 114 23 67 54 93 118 57
24 48 19 53 105 7 74 124 22 82 86 4 98 26 24 39
107 100 57 63 44 119 78 35 105 101 103 31 66 93 89 90
13 108 15 118 115 89 114 9 44 73 13 14 99 38 53 78
10 110 13 54 101 91 90 78 64 65 109 2 30 70 93 43
51 108 33 38 70 20 48 114 93 61 0 64 99 53 14 109
35 27 36 8 119 126 86 55 63 67 58 93 10 23 8 61
3 41 99 73 61 19 59 26 81 59 90 52 112 104 34 19
4 70 27 123 68 113 50 3 53 108 96 63 3 104 124 7
17 95 80 79 115 12 105 68 71 68 120 56 44 26 75 48
96 103 43 36 88 94 39 13 74 7 76 78 111 72 85 1
40 37 80 27 49 57 95 121 125 87 49 42 114 124 90 82
99 6 119 60 100 30 73 46 38 22 124 21 94 81 22 6
119 102 33 40 32 0 33 29 88 82 71 74 79 34 28 50
40 19 110 12 50 56 58 88 78 55 109 44 8 4 51 127
106 84 40 10 85 73 40 45 28 111 119 107 17 19 29 57
39 12 69 89 68 0 49 18 55 30 62 63 34 113 63 13
70 103 23 27 48 63 72 76 47 63 55 64 82 85 122 121
97 63 82 37 63 3 55 118 34 117 54 68 103 117 81 45
92 105 72 12 40 16 89 87 79 16 24 33 101 18 27 70
81 109 107 17 113 34 7 19 24 61 87 127 50 41 44 14
18 116 27 58 4 116 18 83 4 42 116 106 60 15 48 13
125 28 30 110 62 38 1 86 99 88 85 22 1 1 36 19
117 63 78 121 51 96 76 56 10 65 34 70 80 82 83 77
110 114 59 45 24 60 3 123 21 89 17 22 90 54 42 80
117 120 73 41 88 22 97 98 87 3 40 39 85 123 117 68
109 48 113 5 109 116 1 2 77 18 24 40 72 66 120 62
58 65 103 18 87 72 116 46 75 28 86 32 24 75 100 5
123 85 11 104 74 12 106 23 30 3 63 103 69 55 37 0
26 36 15 79 31 119 110 123 15 110 4 63 57 56 0 38
99 89 0 51 55 19 33 1 91 124 40 85 42 103 57 68
11 72 19 42 63 2 37 78 112 41 13 41 97 13 79 69
103 79 120 30 99 25 31 62 21 72 19 63 47 76 4 58
20 23 100 83 25 9 33 9 51 46 50 20 60 1 89 35
81 81 65 52 107 96 114 0 40 5 64 87 81 68 17 101
91 117 56 117 127 89 126 50 7 49 70 67 50 32 102 3
113 39 55 92 8 41 93 48 46 29 8 127 97 25 100 60
15 28 49 14 117 48 64 125 97 6 64 19 38 39 23 24
78 78 116 86 120 81 7 38 110 15 38 79 40 10 12 55
39 61 69 28 109 5 25 78 12 90 98 50 1 121 74 79
71 63 38 63 16 45 102 127 60 12 78 100 22 90 28 61
24 97 90 5 103 115 84 115 77 54 37 78 47 112 30 118
47 68 54 63 113 28 62 45 40 13 17 62 103 45 124 127
15 86 5 118 73 89 105 23 15 14 101 62 126 3 52 45
71 106 109 56 6 43 101 46 56 119 109 32 36 105 31 51
63 36 41 8 125 18 31 12 33 5 74 31 8 127 77 80
105 58 8 112 101 110 30 30 101 11 62 9 116 93 61 51
2 102 60 127 121 91 12 26 96 86 57 105 85 6 57 63
64 65 47 38 47 77 68 20 89 2 30 77 95 91 1 97
65 61 97 58 24 109 84 121 67 14 98 25 20 27 88 85
92 7 123 12 84 63 32 45 65 62 123 32 25 124 2 91
57 99 21 81 80 106 74 19 120 44 44 12 71 4 97 36
11 92 48 96 27 80 13 92 15 8 125 40 4 127 3 61
98 25 15 50 3 89 69 123 6 114 7 77 118 105 113 2
69 33 98 97 114 111 61 1 120 58 41 124 57 45 58 27
70 73 77 73 34 19 68 40 5 75 118 123 52 103 125 122
9 95 91 123 79 24 124 71 83 37 67 12 82 125 40 24
70 117 97 105 8 37 17 13 113 7 9 37 111 6 31 120
102 122 115 53 19 111 124 102 20 63 114 103 61 26 127 3
16 97 108 24 6 126 38 119 5 47 29 116 53 60 108 27
55 95 80 74 78 76 48 99 12 34 74 73 61 73 76 77
39 13 79 69 80 122 30 127 91 56 100 28 56 42 120 112
96 16 64 99 49 115 19 49 19 91 2 42 60 5 3 100
18 83 41 99 77 72 98 40 0 70 68 57 113 61 41 81
77 105 52 126 92 71 47 112 34 49 26 95 55 30 67 73
113 108 44 62 52 14 103 53 85 43 110 70 104 23 23 53
0 75 51 92 18 98 76 53 20 103 20 75 5 87 20 118
67 65 52 120 79 27 45 36 71 27 106 47 50 1 101 50
76 24 14 95 123 91 20 15 66 40 90 71 127 110 61 66
47 113 58 127 13 103 35 84 2 14 3 52 15 104 102 92
1 117 59 124 80 79 11 18 119 101 89 118 83 22 56 3
7 115 2 20 90 37 104 93 51 108 17 67 84 120 31 85
109 90 81 61 41 92 79 32 65 40 22 21 62 78 24 69
65 26 90 28 63 66 121 115 46 10 54 3 2 85 88 111
47 42 44 88 6 123 120 72 35 14 93 97 92 117 39 30
15 1 58 78 67 51 65 114 61 119 117 64 76 77 47 123
119 92 83 126 87 75 70 123 89 35 92 54 24 3 84 39
4 14 117 72 65 55 58 126 46 47 62 123 124 110 118 116
74 74 114 33 21 56 28 111 91 121 37 115 124 121 26 1
7 15 73 72 70 3 70 117 50 5 112 46 115 102 34 61
48 20 94 70 76 123 53 39 116 90 26 112 83 52 113 90
68 58 34 10 61 104 127 111 109 111 30 96 86 64 29 6
85 124 76 33 119 1 73 107 91 99 91 46 24 77 8 92
7 42 102 69 19 102 52 0 85 82 97 43 19 126 50 104
122 126 9 113 0 82 92 91 54 56 10 78 5 18 42 12
61 16 81 80 118 6 80 76 88 49 119 107 48 41 83 42
40 93 28 40 47 120 3 101 48 13 51 53 32 93 66 93
110 19 45 100 25 125 48 114 47 40 93 95 81 49 9 121
14 37 33 61 30 37 35 78 50 86 4 82 52 70 47 34
89 92 6 115 90 55 101 9 95 66 104 48 115 113 42 1
23 75 63 53 112 98 3 35 56 7 117 108 77 37 14 39
1 21 26 91 76 127 100 43 65 76 91 53 62 5 54 85
81 117 10 65 87 13 100 16 21 90 124 98 127 11 9 0
114 18 54 47 90 31 93 18 1 109 45 84 54 57 112 65
41 12 13 41 71 6 124 40 52 67 55 63 7 109 116 121
0 42 41 90 73 6 108 74 115 25 31 42 82 15 107 124
28 120 37 99 126 33 11 50 101 66 114 108 48 102 102 48
16 15 10 90 21 119 36 8 16 67 50 99 83 29 95 111
21 4 82 19 37 94 70 10 32 56 119 80 30 93 0 46
108 11 8 1 2 45 9 18 112 60 117 67 89 84 50 111
88 5 2 126 99 72 8 3 0 127 84 30 92 84 77 72
95 85 73 97 2 83 116 115 15 105 54 104 62 105 87 22
110 90 20 81 34 29 84 35 28 40 65 121 125 14 65 92
100 11 62 102 94 50 89 109 27 16 85 89 121 45 112 103
7 4 56 41 33 12 76 62 53 14 55 50 28 120 14 0
3 76 103 97 126 64 78 26 80 36 115 73 81 99 48 88
104 104 1 9 117 78 71 42 92 126 92 120 119 106 121 122
55 96 92 53 32 42 79 113 78 67 58 31 38 107 119 14
83 121 24 72 71 95 114 35 94 78 27 85 57 20 79 112
116 43 37 21 86 117 6 36 56 64 68 94 43 59 109 127
52 5 71 123 100 58 30 66 8 58 23 65 78 103 49 67
18 87 88 104 76 94 13 4 30 81 98 74 12 79 73 65
84 16 60 57 74 91 123 83 21 19 20 99 122 70 38 12
29 126 117 105 92 2 109 123 83 79 69 95 31 14 32 115
30 93 44 105 56 40 60 77 59 80 48 53 22 87 65 51
85 54 28 50 56 9 45 11 89 114 107 120 0 11 107 30
104 24 7 32 64 67 109 123 20 30 48 42 117 113 94 74
40 122 124 96 4 41 108 93 27 87 85 27 98 64 58 75
88 65 107 24 5 89 19 25 119 67 67 108 53 33 54 93
28 51 61 32 92 41 125 120 0 82 19 99 18 77 46 107
15 25 3 20 114 23 45 105 90 112 85 15 18 12 108 46
63 42 78 27 83 75 19 84 29 39 55 47 116 101 26 3
126 30 23 113 53 68 90 15 53 48 31 71 60 11 117 123
53 67 22 9 14 42 93 43 81 20 90 69 121 117 73 119
19 96 104 72 37 67 87 90 115 118 33 47 2 22 42 55
112 28 112 27 28 73 20 98 5 77 14 38 120 46 19 40
23 56 13 127 79 29 92 62 28 27 17 48 48 11 37 32
39 22 59 68 95 79 38 100 28 52 10 20 98 29 60 122
85 73 121 36 102 85 99 3 113 116 51 33 0 88 65 39
110 124 107 77 75 18 49 103 70 59 123 41 88 55 35 46
0 28 82 103 114 53 106 99 42 29 4 42 117 69 81 100
65 61 49 12 79 99 115 21 30 110 62 119 37 97 37 37
126 119 12 112 45 118 83 87 19 87 1 9 28 82 109 93
15 30 105 94 1 92 116 32 74 50 23 111 20 60 20 18
51 33 2 96 23 85 55 43 44 56 52 72 11 33 37 26
63 14 121 65 106 109 97 52 31 120 35 51 52 55 69 103
88 71 72 112 28 127 27 72 56 79 16 67 112 53 93 47
67 86 112 45 67 81 97 99 73 4 22 125 60 92 101 20
35 45 4 64 44 31 8 100 110 25 39 94 78 5 14 18
91 126 63 31 80 33 2 25 37 24 23 97 116 124 118 24
41 122 88 85 26 96 58 8 121 97 103 72 102 117 90 66
115 25 97 67 58 99 93 96 123 116 65 112 112 55 8 25
50 96 110 76 64 40 84 58 10 59 2 112 48 92 50 36
117 19 103 48 118 68 16 114 56 81 98 40 9 106 65 59
74 48 7 10 88 91 68 98 23 70 83 71 34 5 107 24
25 83 72 15 23 88 1 80 41 99 120 50 77 58 109 23
106 116 34 66 80 102 37 103 45 120 46 79 125 26 103 22
109 47 38 4 7 39 84 49 11 77 99 88 7 81 112 113
69 18 51 21 120 88 124 37 80 43 117 78 69 92 100 50
12 10 54 19 50 11 68 61 88 40 21 95 121 5 80 62
23 3 84 16 92 80 53 44 123 42 122 64 7 95 114 19
105 41 38 27 52 107 88 12 19 110 107 12 115 59 74 11
62 30 27 26 111 80 71 106 123 65 43 2 32 29 21 10
70 59 37 122 38 126 6 57 108 113 69 95 44 16 106 107
46 5 5 29 86 76 8 81 14 51 83 46 80 104 56 23
35 94 17 74 92 24 3 72 9 73 39 54 89 18 33 7
23 38 37 109 115 45 62 1 96 17 47 48 121 104 71 29
84 119 59 106 101 67 28 68 114 115 92 106 54 52 110 25
59 14 101 32 117 21 36 36 101 43 43 36 75 63 86 32
55 18 10 28 85 38 96 71 25 61 49 79 113 31 105 44
45 78 77 34 99 113 70 72 28 114 108 103 49 67 7 104
85 17 5 42 55 101 113 80 34 35 32 20 66 9 64 112
87 13 18 58 126 89 2 26 75 111 2 124 50 9 101 7
27 106 49 82 79 34 35 114 69 67 6 8 76 70 120 35
84 10 93 82 99 95 109 46 78 111 43 0 120 16 7 19
122 56 102 73 91 9 59 32 76 65 40 24 8 32 59 92
43 24 46 14 119 27 61 70 10 104 70 3 120 78 22 114
6 124 59 97 5 119 2 81 56 42 105 64 75 36 28 118
60 75 4 52 102 65 122 113 41 64 116 33 14 10 19 21
7 79 118 12 70 120 94 126 35 71 63 110 108 91 100 40
38 104 92 13 42 86 126 83 23 114 117 37 124 8 58 3
87 49 16 29 41 110 28 76 53 91 58 33 54 30 74 93
7 38 106 49 125 104 4 20 90 121 57 86 2 116 90 89
37 106 119 78 88 19 27 13 110 85 47 36 116 121 1 123
31 107 44 28 83 48 48 45 42 106 4 44 94 94 5 3
72 124 81 32 15 108 45 125 66 92 34 54 85 35 49 117
15 93 17 98 13 66 16 55 44 20 99 10 114 105 13 58
101 94 90 117 75 7 114 13 100 20 67 57 56 116 46 71
81 64 41 94 2 57 22 46 77 121 56 63 98 69 121 72
35 83 61 110 91 47 123 63 68 62 120 124 50 39 67 3
103 108 98 105 38 120 23 115 113 79 51 84 20 44 28 55
0 89 38 91 8 33 26 76 96 18 72 18 57 11 22 32
120 120 9 30 112 32 17 97 111 68 53 3 113 81 59 113
42 97 76 51 2 102 127 98 120 72 117 50 83 11 82 75
3 92 105 115 124 123 84 108 63 10 111 48 91 42 33 6
11 109 57 14 83 56 112 76 0 101 126 84 112 80 31 115
44 9 102 41 4 59 21 67 69 4 116 32 47 21 38 58
3 95 72 86 24 57 34 24 30 32 108 15 113 12 2 29
21 105 70 25 36 91 92 105 96 80 9 15 102 48 73 105
5 87 95 124 29 88 51 16 121 66 51 16 21 3 10 23
34 110 21 13 116 101 0 16 81 105 70 27 120 70 96 125
30 63 121 59 24 44 76 17 111 127 33 4 2 43 28 37
25 49 50 14 22 50 30 103 28 100 2 20 43 98 17 73
33 10 4 57 55 80 74 38 80 108 42 82 23 70 119 49
119 42 63 13 92 93 116 120 66 118 12 109 88 29 54 122
40 58 51 95 11 126 5 91 106 47 45 1 118 37 50 109
79 113 123 43 79 111 36 17 102 48 126 62 78 52 56 118
110 108 85 121 106 90 84 84 9 2 85 127 39 8 109 118
121 104 33 72 87 69 89 61 118 87 124 68 11 52 58 122
32 15 115 10 105 72 94 114 74 52 114 113 60 95 103 53
71 8 126 30 78 87 92 68 47 88 8 58 12 66 52 45
81 40 55 58 112 22 44 58 74 30 43 6 125 18 59 68
26 57 99 104 17 63 44 64 23 52 122 35 118 47 80 71
87 8 1 71 30 46 1 104 76 44 110 74 62 41 14 88
99 113 65 116 48 109 52 71 34 46 107 24 93 59 96 52
67 97 123 97 15 124 73 92 40 55 38 102 97 52 63 68
38 0 56 86 109 108 30 15 26 9 40 120 68 8 44 8
105 40 105 121 36 51 85 77 106 123 51 75 47 114 15 85
114 71 44 96 51 74 111 78 83 23 70 23 31 114 31 9
26 9 2 63 60 87 12 38 82 63 114 1 50 1 87 36
73 3 4 124 77 116 74 32 11 16 55 43 3 87 52 29
96 54 92 28 13 104 66 95 40 52 96 90 54 55 126 127
58 3 123 7 119 70 39 2 86 95 45 89 54 97 119 22
23 83 50 36 60 116 3 100 41 100 62 95 27 60 94 86
63 89 93 54 31 5 57 118 100 102 79 26 72 70 48 95
26 98 4 86 86 7 58 127 107 120 94 7 52 60 93 116
22 58 42 53 63 99 43 35 74 123 61 18 65 109 113 91
79 117 49 38 125 107 37 104 99 4 111 24 64 76 12 86
7 54 12 70 26 55 106 100 50 39 118 116 21 103 79 100
93 1 10 90 108 48 66 80 52 50 104 116 126 116 75 5
42 87 76 68 14 54 40 65 93 30 53 114 6 4 87 99
62 50 45 99 59 5 112 1 21 35 98 21 95 35 6 116
83 72 109 110 81 16 102 1 71 7 83 74 97 48 4 31
98 49 2 29 54 114 30 75 21 0 96 117 36 103 105 119
47 86 101 0 102 75 1 45 83 84 119 52 4 123 84 102
44 86 3 98 73 34 45 94 34 14 83 70 117 60 61 36
18 34 36 120 110 38 37 65 122 28 117 127 23 73 101 67
32 105 37 105 11 83 71 45 97 27 116 86 87 49 122 106
84 30 98 66 68 8 3 63 36 120 62 60 66 35 127 98
12 37 75 23 120 18 69 89 45 57 47 5 106 41 111 62
71 81 0 12 89 3 75 126 124 9 58 62 44 57 32 57
94 107 80 86 125 21 47 43 78 94 48 57 7 31 119 79
112 120 91 74 123 38 72 119 47 2 53 91 59 85 20 26
64 101 112 62 122 32 105 73 126 25 2 6 56 121 85 40
113 48 114 109 86 58 100 5 60 26 96 120 111 117 18 48
90 2 110 84 34 87 29 33 112 31 39 40 25 124 80 10
44 67 119 2 125 92 7 58 118 103 50 101 92 68 21 54
70 3 11 105 90 40 10 74 72 49 114 97 45 67 107 89
6 99 91 3 63 98 61 53 73 111 26 38 51 48 92 122
51 103 99 14 16 109 88 88 30 75 57 75 14 36 36 20
7 127 23 70 97 85 123 42 68 22 80 120 70 45 114 121
20 85 7 36 66 96 124 96 43 53 43 57 90 79 77 97
78 100 40 47 57 35 89 126 57 42 118 127 87 104 121 107
61 0 16 127 96 12 95 11 66 10 68 28 89 17 125 39
118 37 86 47 73 47 45 2 89 35 2 48 11 123 28 72
123 44 71 92 56 38 103 122 48 44 22 9 61 20 48 51
57 6 99 2 54 16 5 15 52 7 64 63 2 92 8 125
8 79 89 64 118 65 59 38 109 81 48 42 101 96 94 31
103 65 33 29 81 38 44 5 45 108 69 47 72 77 45 80
28 6 17 18 71 76 57 52 29 105 95 3 73 61 34 48
126 67 77 79 106 122 85 23 102 26 71 47 103 116 127 3
122 16 22 66 92 79 118 122 56 85 125 1 18 31 50 16
98 127 96 76 121 53 100 96 79 43 15 54 31 14 57 25
122 42 85 71 94 62 62 75 23 116 79 71 39 125 86 17
5 64 11 24 102 120 93 6 39 82 93 101 123 121 108 118
35 65 61 2 127 123 77 22 111 28 94 22 26 52 40 31
116 51 55 91 43 21 97 82 103 63 55 98 56 35 88 92
100 22 94 99 17 43 121 1 71 87 23 97 12 63 1 0
114 56 91 29 77 61 111 52 124 38 23 52 73 111 16 45
5 110 16 23 25 10 24 97 97 47 66 109 111 67 110 97
124 73 127 73 6 110 126 2 21 21 55 94 4 71 12 10
54 28 33 79 38 57 48 8 104 115 117 87 54 99 57 50
45 56 124 51 38 122 54 59 15 109 26 19 52 38 29 106
66 62 58 105 119 106 113 96 93 102 55 20 74 112 70 119
40 66 42 79 60 96 10 75 77 36 95 2 74 124 108 13
59 38 118 50 17 103 18 110 77 74 2 23 58 73 14 99
11 57 50 72 25 60 19 103 97 114 105 43 111 85 56 42
124 46 92 13 21 111 123 99 57 126 122 115 71 9 86 82
66 8 26 91 69 46 66 38 32 43 81 15 1 10 57 125
56 22 10 78 5 5 49 62 3 43 49 74 52 8 29 118
16 55 82 85 101 20 123 6 64 77 21 65 87 79 62 15
101 72 93 106 77 14 40 81 58 89 27 110 97 56 101 114
112 55 71 85 75 67 91 11 16 113 76 103 64 10 118 37
82 84 15 32 98 55 113 28 16 12 11 114 69 112 100 53
39 43 10 114 110 102 126 126 87 74 101 23 85 92 60 39
48 75 71 18 2 56 47 18 69 58 4 10 42 104 63 81
20 73 67 2 47 65 1 6 12 102 29 97 66 89 8 114
36 80 5 38 8 52 57 77 110 61 87 24 38 22 105 58
96 44 60 15 110 61 22 122 36 51 91 102 13 99 89 49
51 94 88 60 18 17 9 0 78 97 24 116 119 1 46 87
45 107 103 27 40 125 21 76 48 112 51 61 84 12 111 7
106 71 67 124 88 77 124 38 46 20 27 37 21 73 125 66
52 100 94 93 97 115 41 17 100 92 79 56 104 62 63 82
5 3 78 93 80 74 3 126 94 30 35 115 104 32 54 28
4 20 121 101 7 35 119 107 127 70 35 104 4 99 58 9
