69 49 83 102 31 77 112 20 109 69 120 62 103 55 105 14
49 46 126 77 87 48 43 113 124 58 36 94 3 89 78 72
10 33 47 41 111 31 61 92 101 53 26 76 108 3 90 29
49 88 106 9 8 21 122 4 79 30 98 82 119 48 27 1
81 74 42 64 105 104 28 78 29 55 26 10 58 116 39 108
76 18 117 84 39 111 88 119 13 58 73 4 106 100 5 60
46 47 124 24 23 25 102 53 80 1 63 10 117 102 118 66
120 107 22 32 90 111 23 103 41 96 107 20 69 112 80 115
32 76 11 55 101 114 108 53 115 43 64 104 18 54 42 10
34 65 42 124 48 65 100 89 34 79 109 103 64 61 90 96
10 102 23 111 88 4 37 75 47 101 51 65 27 94 76 61
31 118 58 79 56 30 40 90 109 22 65 45 83 27 13 93
1 37 77 89 41 114 36 88 87 88 26 114 54 102 48 85
92 106 36 20 8 76 110 117 98 47 35 54 75 48 19 76
85 96 38 126 82 74 87 41 34 113 28 88 87 76 45 51
54 81 72 62 30 54 51 0 102 86 54 49 7 74 125 92
42 35 91 125 110 50 38 16 35 66 105 122 14 22 45 68
104 117 2 6 44 54 6 18 12 61 67 19 7 64 112 49
100 75 46 82 125 85 98 32 23 75 26 38 98 71 106 74
61 109 80 105 35 86 123 47 19 62 67 26 126 51 76 98
126 122 52 123 79 23 27 103 98 53 13 68 124 119 14 57
100 94 34 7 53 29 55 72 91 122 99 90 45 47 60 43
41 113 38 121 8 65 96 106 118 109 47 114 100 61 44 73
28 78 80 81 108 7 25 71 1 124 33 46 43 94 89 85
79 127 78 87 64 46 65 54 27 112 41 127 46 85 72 74
35 25 27 15 32 52 87 34 49 120 80 92 86 42 49 37
41 127 124 106 45 62 32 72 46 73 72 92 30 16 38 66
41 65 81 74 118 40 108 39 33 60 3 119 102 53 29 16
52 25 122 98 87 26 42 6 100 114 98 2 3 9 68 44
74 22 118 64 62 98 103 95 31 107 87 5 32 116 21 84
13 15 54 101 42 97 107 14 83 77 16 86 86 85 3 33
107 121 97 41 92 73 9 123 52 96 0 84 84 22 40 97
58 77 75 52 8 74 105 108 11 122 1 85 0 8 54 34
125 67 37 10 30 9 36 60 99 86 12 23 54 63 37 113
12 112 37 20 58 15 1 69 9 2 26 10 11 81 44 8
20 81 18 50 90 54 111 61 12 123 85 66 58 122 51 71
107 89 91 37 104 92 107 113 95 5 123 106 86 39 114 106
120 4 29 83 58 12 16 70 7 101 8 65 96 60 8 75
21 100 112 125 64 91 110 31 97 106 9 55 17 123 34 10
127 63 93 57 75 109 127 82 83 8 19 51 68 28 126 89
0 110 86 64 74 68 96 43 46 105 98 64 101 4 74 100
67 39 30 14 20 29 96 103 37 116 26 105 16 24 66 16
7 24 80 81 93 48 124 11 26 94 75 127 99 21 99 38
60 1 53 81 31 21 56 68 9 83 46 25 107 112 41 114
9 122 67 102 42 63 113 68 30 61 67 1 82 39 39 15
40 92 96 71 114 24 12 123 107 58 21 87 42 62 73 51
56 13 25 99 76 11 39 106 72 107 107 26 18 19 41 58
111 9 2 97 34 14 93 13 72 114 100 114 48 46 38 105
59 63 76 7 74 115 114 18 94 93 45 112 112 86 43 96
96 45 65 2 59 30 15 3 16 116 117 65 34 27 42 93
91 118 100 37 105 86 56 72 52 101 56 36 59 99 4 27
16 70 29 75 100 45 78 117 33 68 54 67 95 96 32 58
86 4 96 63 91 24 7 15 125 64 51 56 35 56 84 52
126 113 127 98 30 78 87 63 18 13 2 113 109 34 44 67
39 12 3 2 36 10 17 33 74 68 89 110 124 45 34 122
31 33 93 61 111 52 125 1 66 127 115 47 34 31 115 73
43 118 75 79 0 92 112 75 32 73 57 29 119 91 23 22
124 116 83 108 41 80 109 107 80 96 26 114 127 13 59 42
3 6 121 4 98 105 79 2 51 8 31 42 99 55 64 95
43 19 75 84 100 57 63 52 25 90 38 25 103 97 67 107
103 61 111 73 38 62 75 89 70 107 3 41 34 67 8 77
87 84 34 59 13 97 111 38 59 21 63 35 118 3 14 93
64 125 38 102 59 113 64 1 92 67 42 126 7 50 76 94
6 110 25 19 79 8 58 11 29 121 46 19 124 60 112 60
34 65 42 55 77 45 22 72 100 39 54 117 91 99 73 23
3 60 116 36 76 34 6 80 39 82 103 62 40 70 111 74
7 25 1 85 70 23 29 43 62 83 32 26 55 105 49 58
37 37 95 114 71 101 66 110 55 41 44 95 112 27 41 119
53 42 76 123 66 105 38 0 61 70 26 116 47 75 46 85
112 13 71 56 114 9 38 41 51 83 8 35 110 49 26 35
92 103 31 30 80 69 30 13 12 57 1 59 4 48 16 117
61 87 45 48 97 83 89 20 38 98 55 21 19 81 56 111
56 87 13 9 29 44 22 41 101 24 100 105 72 117 94 5
76 11 53 45 95 15 65 5 113 120 26 4 74 83 116 2
42 1 11 71 45 34 112 18 58 85 124 2 74 90 7 22
102 61 68 69 76 5 74 61 126 101 65 72 56 53 74 98
55 86 42 100 120 26 119 50 111 115 52 57 77 59 80 51
120 20 120 68 25 67 1 23 40 67 95 96 120 42 66 47
0 108 20 120 7 11 42 118 126 94 48 75 25 0 127 18
20 119 86 45 58 88 69 98 27 36 66 19 78 5 67 78
113 87 70 120 98 112 111 96 78 31 43 104 31 42 122 51
34 80 96 92 40 37 63 67 74 1 87 24 6 26 103 120
113 45 112 83 30 95 51 108 126 94 84 29 9 78 80 43
31 49 7 71 86 70 11 32 72 98 57 78 124 32 70 109
77 55 64 107 22 115 88 21 81 44 50 90 123 3 5 26
52 13 97 10 83 108 43 27 78 100 106 74 4 48 55 81
103 119 61 126 106 21 19 60 65 69 22 60 72 28 86 124
41 56 7 124 36 50 24 115 22 2 61 26 50 117 107 26
108 40 24 87 61 43 19 127 112 41 59 57 69 18 53 110
74 60 107 110 110 3 97 4 5 31 30 55 20 10 81 0
50 105 87 112 20 106 111 5 20 42 62 89 60 115 72 6
48 51 117 30 54 86 35 59 117 65 114 9 75 68 10 126
45 97 110 66 76 93 71 96 7 5 57 68 120 1 74 40
52 63 71 106 22 106 37 11 43 24 21 119 92 31 117 9
0 99 75 76 64 18 44 71 23 102 11 16 103 86 56 28
21 127 6 43 105 44 55 21 68 76 12 32 107 1 41 107
84 45 100 72 80 38 86 3 88 55 124 42 114 98 54 90
94 30 82 58 56 58 55 74 88 114 17 52 52 50 30 8
96 2 80 48 40 38 52 0 93 48 42 79 18 97 41 113
127 124 43 55 54 98 2 14 84 19 66 8 70 96 17 38
98 97 86 10 8 10 10 101 58 53 53 77 22 94 62 21
90 105 76 16 75 78 30 31 98 97 40 40 65 57 78 36
26 36 46 34 47 57 8 105 110 61 54 4 27 116 25 118
93 101 6 40 52 37 72 22 6 112 62 71 41 12 107 67
48 26 102 95 83 110 73 65 43 127 69 70 116 94 60 81
67 67 122 119 104 66 13 110 50 75 53 91 87 33 30 8
59 4 103 14 114 48 79 29 48 20 100 36 114 32 117 53
99 111 45 75 49 58 57 99 6 111 62 93 16 93 101 75
97 77 89 84 125 40 113 45 60 85 81 46 118 71 99 89
54 16 37 104 75 94 75 81 77 10 46 93 103 20 40 72
97 1 28 94 41 14 12 101 99 93 19 89 36 119 51 91
7 88 67 82 54 14 35 4 24 82 97 127 102 10 72 71
11 100 37 53 114 49 26 86 15 46 47 51 37 98 14 44
58 81 127 113 96 34 117 120 116 86 120 90 96 64 33 108
36 71 33 23 120 59 109 7 105 28 59 14 127 73 59 57
27 58 42 123 92 31 115 81 118 107 43 86 43 77 66 80
20 99 103 12 31 84 20 8 112 79 23 111 24 82 41 51
12 83 46 104 115 34 57 105 13 101 63 57 50 2 9 70
101 112 82 4 68 102 13 52 53 36 36 78 118 77 1 2
32 48 106 19 82 36 124 95 9 60 24 59 62 33 1 35
17 83 40 85 58 53 10 111 89 46 61 79 123 63 81 27
111 59 47 65 95 43 32 104 103 57 35 37 90 36 73 108
120 113 65 50 38 75 33 127 121 95 78 116 30 31 16 13
90 63 78 58 106 110 34 82 39 70 119 2 106 64 110 98
49 47 20 87 123 54 86 116 21 36 105 51 67 121 64 30
56 14 88 34 124 122 116 36 64 108 38 43 44 20 13 94
67 34 53 62 88 12 51 109 48 28 32 116 21 96 18 77
110 106 111 106 100 100 14 37 80 52 80 124 72 93 90 12
25 17 93 111 3 101 51 78 96 99 49 110 95 36 90 113
37 58 56 13 35 127 86 69 81 13 11 77 70 27 117 95
44 82 78 47 56 2 125 24 101 46 6 68 82 97 53 119
27 109 4 62 109 90 4 62 103 15 11 45 42 1 12 86
83 91 5 11 93 2 36 66 48 42 6 2 11 59 121 38
40 125 101 21 87 105 83 63 120 95 108 35 96 121 121 51
84 127 63 49 1 99 115 50 13 121 52 25 52 46 63 92
43 36 114 3 13 69 66 6 36 46 41 4 39 34 56 123
33 119 44 35 90 31 85 103 24 9 0 76 55 64 41 99
100 27 102 114 96 40 120 5 86 33 9 126 67 65 121 101
56 38 8 18 69 93 122 94 102 122 42 30 58 83 1 31
110 103 17 79 15 9 84 101 42 93 99 109 31 93 82 87
3 90 106 72 55 100 38 30 94 81 60 25 36 61 56 19
36 73 98 51 82 54 24 124 19 124 105 50 89 60 10 92
22 116 36 78 88 75 108 54 28 40 79 64 101 7 83 9
80 53 60 34 107 84 30 127 80 8 49 41 68 59 5 90
47 42 40 7 117 20 62 17 60 13 81 33 21 37 42 101
90 102 8 70 59 38 69 11 46 118 53 114 50 58 77 97
100 117 105 89 10 39 106 70 52 60 104 73 97 18 47 59
121 55 1 52 93 70 63 12 61 116 126 111 47 75 80 19
65 57 109 75 96 87 17 21 19 121 94 116 12 13 48 5
68 49 57 34 120 120 46 53 109 44 36 28 120 116 47 57
46 28 4 14 116 21 35 7 15 2 124 27 15 44 32 84
93 89 118 85 81 36 10 62 80 46 90 72 35 10 1 81
38 5 95 26 27 3 34 42 5 30 69 20 74 101 104 39
62 94 125 15 2 7 78 83 54 40 27 89 50 29 42 89
34 9 115 61 12 21 103 17 51 44 38 125 17 14 37 79
109 34 95 111 41 45 66 95 85 94 56 8 123 98 97 29
108 84 91 120 106 66 10 29 111 48 27 0 62 64 80 43
98 47 27 11 92 93 107 49 59 35 57 54 6 26 84 114
111 47 106 89 113 116 118 96 36 17 97 99 81 49 14 51
96 41 63 60 7 42 109 66 77 39 121 83 65 77 69 48
89 112 42 44 7 110 114 111 4 30 47 56 82 106 84 70
63 21 44 105 21 45 123 6 74 79 26 24 100 77 51 61
61 93 105 69 76 91 52 80 122 99 8 76 77 92 18 12
113 62 118 6 108 113 12 54 64 38 79 36 115 2 97 48
96 74 117 44 38 41 124 32 13 4 108 90 96 126 103 81
60 93 87 40 78 99 95 15 9 46 51 124 48 21 44 16
95 34 60 5 75 56 37 88 60 17 51 28 15 26 109 76
119 68 116 69 39 83 84 48 1 8 44 50 29 89 66 124
123 127 2 70 55 39 31 116 57 82 16 72 108 126 20 99
66 9 40 106 92 125 26 94 5 71 16 34 32 82 30 27
81 32 97 9 72 0 125 1 82 13 73 62 11 94 33 78
103 74 56 67 71 82 33 76 25 49 110 57 4 12 84 85
45 54 94 117 54 91 118 9 105 63 71 116 29 105 66 4
51 122 72 122 77 105 70 102 27 52 32 31 64 116 116 109
42 83 98 97 46 88 106 23 24 49 12 53 26 78 58 77
73 2 71 22 107 13 124 6 65 28 37 2 17 26 111 59
109 82 28 27 42 6 51 66 56 63 120 82 13 50 32 86
52 103 108 31 117 105 38 54 5 75 56 22 101 40 82 82
122 110 110 36 117 33 103 45 96 95 127 109 17 31 68 69
7 48 100 124 25 10 50 31 86 107 53 59 19 7 14 13
118 124 49 107 29 24 24 125 119 23 106 8 55 46 77 62
95 50 58 120 60 108 23 18 87 77 78 106 84 92 119 74
88 41 53 117 65 77 114 57 101 92 65 28 11 15 90 106
65 20 98 125 0 122 16 88 71 94 66 27 58 58 102 18
99 27 7 36 105 121 93 78 85 31 106 96 46 68 74 111
88 45 108 88 39 124 48 110 90 115 9 20 45 111 38 16
11 45 52 116 38 18 66 124 49 44 92 95 112 39 78 72
84 58 32 123 55 81 105 17 68 114 38 113 98 76 1 109
122 53 97 32 71 35 28 120 79 121 87 63 32 37 7 116
96 39 111 23 120 88 40 60 74 78 45 44 27 46 25 21
100 122 53 43 29 82 36 108 75 123 43 107 33 50 95 1
90 78 24 82 38 64 15 112 15 60 29 42 107 54 63 79
97 79 107 47 27 106 15 105 78 81 84 1 101 23 81 76
51 48 46 50 81 28 22 17 48 2 126 59 4 62 46 101
14 25 20 41 4 35 18 82 116 102 84 90 126 37 38 49
85 84 99 39 112 121 56 32 123 54 91 127 116 9 100 2
35 120 44 39 28 62 121 16 37 77 106 35 115 16 84 72
100 56 111 84 49 39 116 45 93 79 44 82 89 17 84 124
9 0 35 37 63 28 54 100 106 32 7 93 49 91 37 21
19 21 106 69 60 94 114 26 46 30 108 7 47 64 3 57
65 38 94 0 66 20 100 44 53 107 9 102 70 47 123 90
68 101 31 0 68 17 26 114 47 6 121 95 71 124 24 8
34 118 8 100 11 108 17 64 87 26 38 29 73 33 119 13
7 22 14 75 39 40 61 87 47 54 54 118 50 78 126 84
68 6 56 79 114 73 15 73 100 53 102 45 87 94 59 94
116 73 41 28 113 102 115 32 28 41 22 78 119 20 34 59
26 90 11 12 36 26 85 8 80 60 53 39 26 112 5 14
57 46 42 43 20 29 75 48 70 98 126 61 118 32 121 17
122 4 29 30 30 115 38 110 47 92 21 73 76 26 87 6
72 2 49 92 31 124 12 102 94 10 35 85 42 28 102 37
32 3 67 63 118 106 45 37 70 67 110 18 93 70 24 38
72 73 2 103 70 15 77 36 25 113 121 68 13 95 105 46
99 44 109 89 22 26 127 92 93 109 111 59 51 7 97 123
81 99 99 23 114 48 59 12 33 53 80 47 20 57 93 119
101 74 81 124 100 80 88 66 61 71 125 113 79 94 108 32
65 79 55 52 0 114 64 33 39 16 80 60 73 45 51 46
119 4 42 92 84 3 30 18 74 27 3 25 121 111 57 58
63 112 110 63 99 46 96 10 62 49 70 7 94 122 54 86
126 96 50 83 99 80 101 46 107 104 71 100 87 1 30 22
113 13 85 84 59 54 95 122 103 37 1 69 31 55 27 30
24 77 113 123 29 86 41 8 62 113 108 21 114 11 44 99
24 1 56 83 55 23 77 30 60 79 100 92 6 127 122 30
77 107 26 106 65 67 115 127 52 95 20 38 106 64 10 2
66 66 86 121 89 35 24 21 114 124 113 121 123 107 23 72
99 48 75 125 107 44 0 104 116 111 123 28 118 104 120 38
37 123 60 109 96 80 65 114 84 44 122 80 90 83 90 61
4 38 59 111 82 59 87 70 42 82 98 32 59 90 70 96
86 2 77 54 82 15 40 38 59 34 119 21 117 81 83 121
119 14 104 73 73 64 15 115 18 114 19 77 76 89 46 34
91 123 88 45 10 0 84 69 34 75 91 24 28 46 17 20
60 122 93 5 58 109 120 76 95 11 26 43 100 72 78 63
67 38 108 78 39 64 19 73 11 110 97 40 28 115 60 88
109 25 93 39 6 85 115 101 96 13 17 68 85 95 3 25
5 112 103 44 48 122 118 60 105 87 100 5 74 32 94 55
57 59 94 64 17 82 37 113 95 54 54 53 21 57 78 27
41 53 71 90 47 61 22 24 21 122 30 95 26 124 23 83
55 117 19 72 71 57 58 39 111 112 92 5 41 42 32 83
95 103 45 14 37 67 39 58 61 69 25 87 65 48 42 120
38 62 65 109 119 123 20 102 107 112 107 20 26 11 103 121
115 20 8 24 87 47 82 20 116 107 107 53 28 22 45 66
84 110 47 75 105 68 49 84 52 29 105 79 40 80 72 27
101 80 51 60 127 5 81 115 113 60 40 13 82 86 79 38
68 126 113 46 66 35 2 119 64 107 70 104 60 14 4 33
95 55 93 94 61 46 82 46 107 122 59 61 80 10 100 21
8 85 67 75 120 69 66 56 49 8 33 109 22 37 14 117
92 107 84 25 26 38 71 5 32 2 66 113 12 38 6 21
124 73 96 116 14 34 45 63 42 78 44 64 115 58 54 79
38 10 105 64 48 48 69 80 51 7 65 63 46 71 84 42
16 52 30 31 86 75 94 0 25 11 65 12 69 119 92 107
1 69 43 49 117 112 1 40 120 67 104 38 10 60 80 27
113 110 58 71 58 24 72 83 35 9 96 105 0 60 84 1
1 0 50 118 112 51 31 104 118 7 14 1 67 94 28 52
77 86 124 7 110 68 90 18 77 58 123 77 118 79 78 119
79 0 110 64 51 13 40 42 20 55 43 87 21 71 12 98
29 8 105 11 76 68 29 25 126 24 102 117 104 52 108 55
52 90 119 103 103 32 17 123 87 60 83 108 3 95 79 32
96 71 20 84 58 86 73 117 127 68 67 71 91 4 56 12
5 100 115 31 107 25 39 112 82 14 11 113 97 72 11 65
15 32 22 73 118 95 63 117 36 2 60 127 6 117 11 12
89 127 43 69 24 82 53 107 96 64 92 66 8 104 3 23
8 25 97 126 121 32 115 29 34 47 28 40 36 39 52 126
38 95 67 63 49 120 42 18 57 6 84 65 110 87 89 118
113 58 116 106 90 103 7 124 23 35 36 59 74 89 57 113
56 124 48 106 117 90 124 46 96 80 111 79 39 72 69 24
2 58 2 92 33 9 88 56 44 125 116 119 86 45 104 14
42 24 120 31 114 116 77 82 68 60 33 108 5 103 4 7
33 7 100 66 16 60 123 61 57 111 52 15 28 28 30 70
52 22 101 38 11 50 120 79 111 26 59 116 1 64 123 34
71 95 100 87 28 95 20 85 78 72 101 107 100 3 49 24
25 23 62 36 73 55 116 56 81 47 44 82 111 40 116 54
7 88 14 35 56 34 121 6 107 94 113 79 97 35 104 122
58 38 31 3 93 19 60 46 66 104 0 50 16 116 104 24
77 118 59 5 25 52 11 4 18 125 83 115 32 59 110 90
98 13 93 63 32 25 110 98 2 110 20 18 99 125 42 48
115 102 53 12 26 64 16 45 61 100 32 93 31 14 55 1
27 21 65 59 46 47 30 48 29 50 67 0 47 109 48 35
83 101 47 110 38 64 27 99 36 59 65 67 74 120 69 101
13 6 33 60 53 63 108 82 113 47 83 33 29 3 68 112
105 115 94 15 51 121 114 87 53 51 27 127 44 96 100 57
102 5 117 27 68 98 109 54 17 64 87 46 68 27 31 45
14 125 60 66 119 46 25 44 98 52 43 14 20 15 71 122
21 61 21 89 31 3 15 48 67 102 95 7 1 126 52 16
123 112 82 114 31 107 30 1 32 73 15 52 89 86 47 110
19 68 71 50 71 87 99 11 61 66 18 63 64 71 79 59
55 33 46 86 12 76 87 44 22 102 97 111 61 16 93 80
84 36 3 28 123 102 39 57 40 57 120 104 0 71 35 56
104 81 14 116 30 102 33 52 76 2 35 9 18 0 90 102
36 93 2 32 67 41 89 107 99 81 83 99 24 118 27 0
111 76 120 118 122 52 81 51 127 21 81 44 52 122 63 98
17 62 56 112 6 85 87 40 123 20 123 112 4 112 114 115
61 106 106 55 31 59 106 30 80 59 75 5 54 10 103 71
72 31 55 79 116 14 119 111 35 114 95 39 99 82 27 32
60 5 87 91 64 65 122 16 125 69 21 51 79 124 122 23
27 50 102 15 64 93 127 99 80 94 11 51 48 38 83 109
43 42 72 107 107 66 123 104 7 17 27 86 13 22 110 41
72 84 56 8 50 55 108 2 22 119 53 70 29 8 51 72
50 124 51 29 62 46 6 70 63 33 28 77 55 10 118 127
95 46 8 17 102 116 19 124 107 72 66 8 80 118 80 2
114 3 31 48 49 37 118 113 71 19 62 126 29 52 126 124
98 6 13 72 122 32 68 101 104 7 109 56 125 61 58 111
64 90 31 113 127 22 98 70 41 32 69 70 84 67 67 55
73 80 127 67 113 68 40 89 75 21 18 72 82 76 55 18
38 86 3 38 108 102 108 21 6 49 92 91 116 31 18 61
111 17 0 96 85 40 58 32 61 76 104 15 24 31 33 63
118 37 101 98 11 81 120 17 3 84 108 119 115 126 53 98
16 53 67 101 94 125 6 27 73 110 43 97 14 76 32 4
113 5 102 124 87 94 14 90 50 122 81 37 121 6 8 9
60 75 110 26 72 116 53 17 99 96 114 113 45 19 117 30
24 91 27 111 58 41 73 108 35 27 18 28 33 26 37 93
101 20 119 45 8 45 62 107 13 48 92 58 67 81 89 92
45 116 75 103 29 21 83 64 48 101 93 81 127 2 47 100
22 38 17 31 83 79 10 97 0 103 27 67 56 116 31 101
104 107 76 5 0 32 70 48 5 35 1 5 37 48 105 60
87 123 91 42 74 101 11 74 76 39 14 5 27 45 106 4
24 55 9 24 87 79 72 92 114 74 97 24 122 75 84 81
70 47 124 16 20 7 91 97 46 105 102 74 22 80 78 47
7 87 71 94 39 16 59 25 90 28 49 84 103 5 38 45
52 34 62 73 41 25 42 88 2 16 34 24 96 112 71 104
71 15 70 110 31 1 8 121 30 57 77 5 63 115 51 115
21 113 60 63 10 102 23 12 118 57 36 87 41 108 63 112
