83 7 68 98 43 73 120 64 27 85 37 34 105 60 79 64
67 85 45 42 111 127 103 43 82 53 120 97 125 10 78 80
17 18 51 61 91 43 125 118 0 34 24 106 94 103 42 34
60 87 76 44 86 51 87 41 105 80 10 102 90 88 54 107
107 105 40 70 21 38 61 21 72 85 127 39 61 42 73 121
1 21 37 88 73 125 1 50 77 11 24 39 100 78 18 79
56 59 21 77 97 82 98 41 40 98 80 101 12 25 94 13
47 4 101 120 1 102 42 78 114 66 117 86 16 7 37 72
66 58 21 35 13 120 77 53 90 29 26 102 55 120 115 102
124 89 94 125 63 8 75 49 74 64 7 90 72 44 35 10
103 56 46 116 48 123 41 10 24 67 112 79 59 100 53 56
61 19 53 124 27 1 46 101 65 53 64 9 98 99 20 73
27 66 61 76 61 102 86 85 41 71 37 100 43 90 28 104
110 82 100 9 83 18 111 20 72 47 30 42 18 50 115 45
116 48 121 49 22 80 6 63 23 43 35 66 6 64 42 116
18 14 125 101 33 108 121 105 27 23 19 45 73 6 91 61
54 84 110 76 36 117 11 59 32 46 125 38 110 39 26 0
54 24 101 87 4 95 64 32 118 83 77 64 89 40 125 15
125 108 91 33 97 102 93 1 20 90 40 3 2 66 3 56
90 105 15 95 72 79 127 62 34 76 126 123 117 124 10 114
104 101 19 73 75 112 74 95 75 114 98 77 53 102 5 15
79 20 110 23 99 109 85 5 58 84 0 47 80 10 33 56
111 52 1 58 37 75 25 112 62 124 61 115 98 66 2 49
86 113 72 57 94 29 62 24 113 62 71 65 72 104 121 55
29 122 113 66 70 10 50 4 6 111 119 104 49 121 25 7
106 97 64 73 127 126 97 112 60 41 50 4 17 43 59 46
38 44 112 108 54 34 112 61 17 103 37 66 96 63 73 75
32 9 20 31 7 117 16 67 30 66 71 48 109 2 94 19
46 79 127 101 113 111 34 3 86 71 69 55 6 15 2 39
24 22 70 32 11 86 99 42 24 43 90 6 45 56 25 92
7 25 65 121 8 99 124 95 42 65 22 49 80 24 88 105
46 30 9 57 117 108 99 13 23 61 19 69 118 45 33 125
99 78 101 27 52 32 104 27 18 69 0 106 127 86 115 12
55 52 85 20 112 4 92 18 85 43 47 120 108 105 83 79
55 56 106 107 89 82 6 107 23 6 85 22 93 72 35 20
125 120 41 109 125 5 127 82 49 46 74 29 23 29 108 79
86 86 58 47 41 65 26 64 71 111 87 36 55 122 57 52
114 98 34 111 103 33 66 24 80 12 53 103 42 33 54 0
120 113 47 33 50 73 97 121 56 56 30 111 50 87 36 37
57 70 20 32 103 86 57 55 99 110 31 13 16 85 13 8
70 60 41 120 5 10 114 61 67 16 44 117 103 80 26 32
22 47 64 126 5 121 53 104 104 84 117 120 42 2 0 112
62 41 105 67 51 91 0 118 107 45 108 82 125 6 114 20
53 50 18 59 44 71 35 20 28 25 12 70 27 12 54 90
53 31 29 104 122 30 95 101 75 75 55 72 81 41 92 7
92 110 66 8 54 101 28 82 126 40 24 26 52 78 116 105
110 17 81 104 47 48 78 122 123 5 67 77 47 31 84 11
14 22 19 68 123 47 22 122 87 46 20 11 124 8 116 106
25 69 83 73 118 33 67 113 38 6 62 85 38 18 96 52
40 115 120 36 34 14 30 121 60 50 4 56 58 120 35 83
62 118 28 52 23 96 37 61 102 100 19 12 118 115 64 31
103 56 67 9 70 97 3 2 19 7 59 77 0 94 32 62
84 61 114 107 29 23 40 3 123 59 16 114 47 80 17 22
9 84 31 79 53 34 82 72 42 13 21 42 107 53 104 63
114 90 42 15 113 82 19 109 14 35 95 61 115 112 83 124
68 114 76 121 21 30 65 63 43 86 105 22 11 81 85 126
43 127 13 28 81 32 9 95 67 104 28 55 88 111 51 28
98 127 21 119 29 86 54 72 44 31 94 56 112 51 54 27
50 67 55 4 100 65 99 39 41 0 94 2 111 18 30 81
17 52 72 47 10 126 119 55 29 86 111 13 9 37 40 60
104 96 64 76 33 35 116 74 35 82 76 19 100 107 100 118
31 45 37 41 43 28 96 73 114 79 86 124 116 127 56 93
95 120 41 0 27 29 74 63 112 23 82 84 2 54 74 33
99 111 74 15 12 43 88 126 122 46 122 111 45 50 76 12
98 120 46 64 119 121 105 49 2 103 43 50 76 99 92 47
101 65 113 13 110 106 14 80 3 86 10 58 62 103 88 33
95 6 97 86 127 74 7 2 50 50 52 126 21 16 46 123
81 31 8 63 9 23 15 12 109 25 70 43 0 30 76 95
37 46 53 36 120 61 38 42 111 90 41 5 106 87 0 60
118 8 123 127 31 11 11 12 36 82 56 37 112 4 4 21
50 58 58 43 119 96 85 102 59 126 107 37 85 107 97 75
116 93 74 19 104 86 32 12 40 88 49 24 92 54 46 15
112 104 58 103 72 15 77 3 14 57 41 99 36 10 47 24
103 121 44 79 79 76 92 119 36 13 16 0 67 62 15 51
38 73 26 110 89 104 114 103 33 27 74 69 37 121 94 13
115 10 92 66 86 56 58 122 70 74 122 9 8 10 61 46
83 87 28 44 63 14 19 96 41 94 38 79 87 4 92 74
14 56 13 100 113 71 94 55 17 88 64 25 98 125 71 54
85 99 98 20 114 118 117 27 84 27 106 43 31 70 118 45
127 3 17 112 74 111 39 91 71 103 116 42 101 59 96 58
30 66 78 16 56 67 44 12 94 22 56 125 93 46 42 92
49 59 76 123 42 115 86 114 90 74 28 63 5 124 121 35
62 72 52 119 11 96 3 106 118 59 103 83 105 18 47 26
77 123 21 120 110 107 106 73 53 6 8 58 2 2 94 64
74 18 55 85 114 59 63 104 118 39 60 96 57 107 122 6
103 16 126 85 123 104 30 49 110 39 107 112 41 73 49 115
91 104 72 77 35 8 54 26 47 114 122 104 93 116 110 68
4 109 26 0 85 56 49 68 95 28 52 8 102 101 123 65
78 68 15 113 76 69 11 123 55 5 99 20 122 81 89 126
62 115 126 20 43 47 88 11 76 12 19 50 114 15 115 64
83 2 49 31 71 61 26 126 66 125 19 60 78 108 59 13
95 57 33 10 105 121 21 53 5 41 103 119 56 90 55 11
93 105 42 36 38 68 35 104 65 54 37 15 34 96 28 1
25 61 11 2 54 33 55 60 74 30 51 2 121 107 13 86
84 55 122 122 123 29 98 60 83 7 75 117 103 104 118 1
37 2 3 92 35 59 24 109 89 75 111 82 54 124 40 10
77 66 112 51 15 82 78 105 102 26 44 122 34 92 31 112
86 70 103 20 29 45 107 58 30 26 96 42 61 107 16 10
46 0 61 61 83 12 39 57 38 83 51 73 48 83 57 6
25 32 26 54 77 6 112 108 32 81 22 93 60 38 104 106
38 37 40 121 49 79 51 88 34 102 33 82 57 90 89 82
122 115 9 71 121 121 51 26 74 73 119 7 111 95 113 22
5 25 15 54 104 66 14 11 41 47 93 98 9 54 53 3
42 62 75 35 55 126 61 2 72 53 9 55 20 122 77 25
20 93 80 124 31 94 7 72 14 101 43 23 27 96 27 69
30 102 105 85 100 38 87 44 91 96 100 112 91 49 9 111
14 89 107 46 56 115 118 70 88 33 93 115 1 120 57 31
94 34 117 67 72 76 111 36 45 83 20 8 5 29 119 19
119 98 65 47 85 56 117 45 89 82 33 91 75 90 122 41
124 111 108 68 60 92 104 105 47 124 113 52 26 104 72 17
74 9 64 32 65 53 77 27 7 110 118 82 72 112 124 68
96 104 9 28 68 113 5 116 110 118 40 8 94 112 25 40
122 89 72 59 14 22 86 21 4 76 104 77 61 100 17 29
76 26 57 17 12 62 5 122 52 45 2 18 30 27 58 24
116 3 83 2 25 42 23 29 118 127 106 51 99 124 80 48
22 9 65 34 71 70 28 123 115 30 13 17 57 72 41 45
75 125 47 100 39 71 1 29 70 108 81 42 104 33 90 126
43 27 33 114 97 61 110 84 92 123 102 21 67 15 67 14
12 114 114 51 57 116 81 0 96 34 42 72 67 4 70 110
31 103 97 0 37 79 84 1 74 58 22 14 74 89 28 86
76 15 10 5 3 91 5 99 125 47 43 64 51 113 47 82
89 16 82 126 95 39 127 41 97 21 55 43 111 84 2 59
99 12 64 102 103 70 73 100 117 116 36 41 101 83 123 62
99 78 60 66 117 59 108 86 81 35 2 64 119 4 123 90
16 59 64 119 1 9 91 119 125 127 32 99 83 27 33 54
105 94 121 94 25 101 53 106 8 55 42 0 59 37 90 75
97 27 66 98 36 29 89 34 28 121 5 111 21 38 38 126
4 31 93 30 4 18 8 12 73 51 12 4 88 103 79 57
23 39 107 96 89 54 99 4 8 51 47 83 4 29 49 106
120 34 15 71 71 72 123 9 51 84 43 110 121 122 16 16
33 123 113 122 50 84 126 58 7 45 14 11 75 63 117 67
98 5 10 41 77 5 50 0 89 93 111 82 88 127 99 121
123 84 116 45 40 114 103 47 32 117 58 107 53 47 46 23
52 56 64 2 61 115 2 23 80 113 105 40 113 76 34 108
32 22 25 72 8 0 119 40 118 49 19 43 97 65 66 21
121 2 23 55 117 26 78 70 11 55 110 124 4 16 104 36
38 1 109 47 2 100 87 120 22 107 35 119 44 101 12 38
103 36 93 93 62 43 35 73 98 17 70 102 34 46 11 72
48 120 119 50 92 79 42 114 58 77 105 102 50 118 12 25
26 105 118 88 20 25 33 119 43 103 93 77 22 104 21 70
96 13 120 61 92 34 47 22 111 25 124 33 15 9 58 41
114 49 1 7 74 34 126 117 10 91 66 32 68 88 102 36
101 94 97 65 0 17 87 111 42 83 16 57 92 74 98 79
123 99 86 70 5 84 59 15 47 126 47 115 86 21 24 59
115 121 124 115 10 83 98 52 38 114 109 3 61 79 82 56
50 40 126 56 124 58 71 43 56 119 31 14 12 55 73 0
48 69 115 59 24 86 111 62 72 93 65 5 44 19 62 95
59 60 23 55 118 94 99 46 85 2 60 98 57 5 98 105
74 85 36 98 43 20 33 116 113 98 121 29 118 55 124 49
116 19 105 106 114 76 25 71 78 85 41 7 91 11 112 37
97 21 8 12 41 41 0 26 11 122 55 1 49 52 51 37
71 28 16 57 104 41 1 54 126 42 61 89 54 45 127 23
66 7 35 107 48 36 5 59 30 61 61 79 113 112 117 56
12 5 114 116 46 115 42 44 29 103 6 83 20 5 106 87
12 14 66 60 50 72 119 80 5 52 31 118 36 20 46 48
25 32 36 71 19 78 116 49 53 122 4 74 127 111 33 11
125 99 71 47 43 62 127 48 115 30 38 23 51 85 72 76
117 108 20 9 59 8 58 112 2 62 58 1 45 91 12 42
63 83 89 106 17 88 27 4 119 65 28 42 22 100 118 12
80 10 21 11 18 79 124 20 13 54 21 59 18 33 101 81
17 53 71 13 84 109 100 69 121 109 42 49 41 62 46 119
120 0 121 17 29 30 0 49 117 70 94 65 65 9 104 82
62 47 96 18 29 68 87 22 50 1 72 91 63 118 82 55
118 75 72 19 105 72 68 94 15 34 31 80 43 7 35 105
55 3 123 84 71 82 106 121 84 50 85 19 40 39 75 30
115 19 49 92 92 117 59 107 24 90 59 67 98 94 45 25
97 40 109 41 123 87 34 79 10 119 98 50 31 45 81 18
65 2 110 29 120 41 8 16 4 67 83 102 34 0 127 3
41 108 44 36 67 79 115 77 70 85 0 101 3 81 119 68
83 102 97 75 15 105 91 19 44 47 121 78 47 120 82 88
100 126 124 40 77 111 117 20 69 117 121 72 70 113 12 26
87 109 101 102 86 65 122 2 112 115 81 31 108 35 120 80
33 116 120 111 100 110 3 41 99 124 113 42 109 125 68 68
106 41 43 64 106 37 66 90 24 19 122 4 54 114 85 88
102 77 71 74 59 74 115 31 70 100 73 52 97 13 120 75
54 35 11 33 72 78 123 97 97 117 101 24 103 58 112 78
8 55 24 67 1 12 98 71 112 43 123 82 56 116 29 111
23 41 16 96 119 11 65 88 1 38 112 104 97 96 54 105
23 79 44 24 91 15 96 75 58 91 29 115 79 59 98 103
100 114 71 91 125 8 51 126 46 36 103 15 4 29 120 28
108 37 52 71 52 20 19 110 112 48 97 63 107 67 38 79
53 109 42 51 117 94 49 36 2 24 51 6 54 44 34 34
81 87 106 5 107 125 115 91 45 85 27 25 24 65 104 78
47 19 1 36 113 50 72 115 75 124 121 1 40 28 35 121
115 13 126 94 10 113 58 56 70 85 81 95 22 57 45 69
76 46 106 61 96 50 48 43 46 42 44 86 70 80 79 57
93 77 23 104 63 81 32 5 38 113 100 61 42 17 2 119
63 108 52 32 31 101 75 77 15 120 36 85 72 115 14 37
65 37 13 0 119 45 5 29 30 106 90 73 123 93 64 59
73 116 91 104 89 38 54 104 30 90 61 102 77 75 12 14
113 25 14 104 71 20 5 101 126 96 46 121 61 110 52 6
99 15 111 60 54 37 37 84 127 98 59 76 46 71 91 31
117 8 104 51 35 7 9 56 40 60 49 31 61 67 32 73
43 84 63 30 99 56 86 63 87 94 80 77 122 65 34 112
73 11 35 108 18 45 37 58 105 86 89 39 25 121 112 69
77 48 99 48 104 57 112 63 23 64 13 17 1 47 1 75
58 37 55 76 82 92 6 59 50 95 98 76 88 83 17 38
3 116 86 107 45 70 42 68 7 55 85 8 103 87 83 33
124 11 110 78 103 116 9 26 84 108 102 44 63 119 82 66
107 41 45 24 111 87 92 118 15 49 127 118 8 82 23 4
93 5 82 69 122 92 95 78 72 69 122 7 60 77 73 39
118 118 63 101 77 27 92 92 76 91 82 85 45 106 89 11
111 44 80 105 8 47 55 80 116 50 87 48 127 32 87 117
22 22 90 99 49 54 64 125 17 18 82 63 124 44 74 108
88 26 85 96 73 13 48 61 63 7 109 62 39 68 51 61
90 13 32 11 68 96 8 85 115 91 20 111 7 94 91 95
120 49 63 65 62 111 126 125 118 107 59 29 47 110 90 9
123 122 20 63 91 29 21 78 120 41 61 127 8 25 94 0
74 29 66 8 12 64 5 2 44 64 31 91 46 121 101 41
115 121 105 78 22 126 28 14 39 90 13 47 115 107 48 61
8 114 69 20 50 74 22 94 10 53 58 56 46 31 97 34
24 74 112 47 72 13 61 112 103 75 31 90 54 79 23 63
65 92 83 116 38 106 82 48 31 12 104 78 43 73 112 68
20 96 115 92 109 48 76 84 123 108 46 50 59 69 113 125
33 68 113 71 46 67 119 78 80 95 28 123 41 12 63 61
108 50 25 90 99 102 46 94 82 93 16 13 34 1 10 68
70 123 11 116 63 3 66 15 98 94 10 11 106 74 72 87
124 98 49 95 72 95 62 26 60 78 39 95 80 50 35 22
45 46 10 108 49 77 123 20 43 6 31 22 80 104 109 76
74 30 44 18 125 106 44 58 56 83 25 8 5 60 30 51
106 41 31 28 118 27 48 33 33 79 55 113 55 36 61 1
66 105 19 64 83 63 122 12 19 19 20 24 79 51 75 57
92 107 85 82 6 5 115 39 85 43 24 12 79 85 14 18
63 33 82 18 97 76 30 116 95 51 12 46 102 88 103 66
51 110 121 23 63 50 76 84 74 118 30 74 106 74 104 117
72 49 115 81 39 83 57 111 66 98 35 4 36 125 70 87
108 64 110 43 114 59 127 60 49 29 7 27 103 111 17 47
32 4 0 72 87 57 55 25 27 90 29 63 88 100 22 68
36 5 111 22 64 110 83 113 11 90 12 114 73 29 34 105
33 34 49 120 92 104 18 119 67 47 55 27 19 77 95 55
82 78 78 18 60 33 3 71 123 16 57 68 45 91 45 79
126 95 71 90 71 89 81 10 9 8 37 28 86 4 84 40
82 34 59 14 67 62 85 62 78 15 2 124 106 47 75 104
14 18 66 86 108 20 96 117 28 6 17 114 10 101 27 93
7 86 107 74 20 65 8 99 80 10 95 58 58 42 35 72
60 101 30 40 121 127 29 22 5 47 8 15 20 35 108 28
121 88 102 14 25 111 113 105 121 80 35 51 122 70 124 54
44 26 95 37 25 124 59 30 43 68 46 64 103 26 92 97
114 66 111 11 49 96 116 43 48 24 94 42 94 90 96 10
117 63 48 14 60 107 45 103 47 91 39 23 117 3 120 104
70 103 115 119 71 104 34 119 0 1 33 94 91 1 105 80
65 25 95 125 4 12 100 52 103 12 75 92 15 67 68 85
42 56 77 113 32 111 104 32 112 9 126 76 10 103 28 75
0 123 72 5 7 45 57 110 57 4 75 72 71 15 30 113
71 107 98 103 90 74 7 75 83 6 23 93 109 51 41 110
47 113 115 54 30 44 37 87 48 112 32 119 127 62 104 71
41 74 46 3 20 54 78 103 60 101 68 41 25 109 23 72
95 10 126 125 54 35 85 102 19 117 93 19 51 69 90 92
15 8 95 35 62 46 10 122 19 79 36 44 60 59 116 27
70 115 25 124 22 110 99 42 99 64 61 22 6 23 114 21
31 81 57 94 127 67 88 19 18 124 63 79 56 52 106 126
39 3 122 61 113 93 103 84 30 36 106 36 59 92 57 91
46 114 57 45 54 17 64 72 14 0 23 70 52 2 68 91
5 62 24 119 28 0 75 58 36 54 94 96 18 23 59 64
10 116 110 64 5 46 8 19 46 32 89 98 34 29 61 39
92 86 30 120 86 106 50 122 32 16 90 50 39 21 115 49
31 24 34 26 124 105 124 95 12 10 95 25 77 100 84 121
62 53 80 45 80 63 108 21 100 6 123 38 28 122 14 59
18 48 86 14 26 82 109 38 92 77 64 41 49 20 34 111
73 114 28 26 49 8 47 21 15 42 60 43 36 74 103 54
122 61 68 20 15 50 59 108 127 123 21 48 15 56 31 89
42 59 115 92 67 34 113 82 76 45 126 113 119 101 39 114
34 108 6 49 30 65 29 29 60 51 77 76 107 108 37 21
39 24 113 106 58 99 61 6 16 59 119 8 32 31 122 66
11 0 115 41 66 17 70 126 68 19 74 47 127 111 68 38
7 54 16 65 25 77 72 41 8 63 49 40 94 43 106 105
44 94 18 110 111 88 108 51 107 55 98 106 38 38 16 46
92 33 111 117 110 55 31 119 119 80 31 85 124 10 63 40
104 81 22 87 42 2 10 21 57 108 0 96 18 16 14 111
49 125 100 32 53 3 23 44 84 54 1 80 64 64 120 40
18 14 127 60 16 9 81 74 117 81 42 8 98 56 119 19
53 91 51 106 95 74 22 51 1 24 3 65 88 123 106 106
9 105 38 25 115 120 99 104 73 13 112 43 69 103 63 123
67 114 101 34 61 124 85 62 20 88 127 108 83 105 87 92
83 125 117 70 117 89 46 63 102 31 106 44 6 41 39 73
28 12 107 89 8 64 23 28 24 22 9 107 0 96 71 83
93 61 25 83 22 71 18 124 102 124 40 109 38 79 54 66
92 34 27 100 98 50 1 123 72 10 102 72 106 46 27 71
107 52 26 1 124 44 125 98 41 38 79 79 117 6 17 81
40 44 54 10 94 55 5 38 65 108 111 43 26 10 114 5
63 13 6 59 57 3 29 98 41 109 49 31 115 66 112 27
110 38 37 76 93 43 115 30 23 98 73 49 108 60 54 43
73 60 102 2 63 4 101 105 113 22 8 100 89 120 127 71
31 36 20 124 79 7 27 102 105 100 23 85 32 77 1 105
9 103 108 73 107 81 50 92 103 58 64 64 50 63 8 81
100 28 78 51 35 105 26 12 77 49 97 110 127 98 87 8
74 67 81 53 20 3 18 124 61 82 60 112 18 68 65 118
96 15 41 3 120 67 15 70 117 113 52 116 83 11 124 29
76 122 126 121 69 53 104 62 116 65 16 72 14 11 58 79
76 30 109 39 111 28 127 67 14 16 54 43 42 59 22 118
53 20 111 122 73 88 56 61 25 72 6 39 84 64 118 32
94 100 71 78 0 71 17 14 87 72 57 1 3 79 119 56
99 102 50 44 62 107 106 88 51 112 127 7 48 118 39 14
90 111 92 90 54 110 105 13 54 34 14 57 114 5 113 85
107 35 2 42 14 108 2 66 92 1 73 12 119 113 26 81
96 119 44 22 101 21 35 27 55 49 84 41 54 69 127 33
104 1 75 119 109 77 57 73 79 2 85 70 115 111 24 83
102 68 105 75 89 12 102 16 61 58 58 115 127 57 21 104
58 96 95 39 46 24 112 125 26 69 67 14 52 91 97 27
31 75 102 120 87 77 9 21 7 67 8 7 124 29 111 54
126 78 93 44 102 77 41 0 18 108 14 70 72 112 97 103
59 72 96 18 21 105 39 28 44 48 35 40 77 18 94 75
96 59 119 70 8 32 71 26 13 85 96 85 69 66 60 0
10 28 19 31 5 58 59 49 106 95 89 56 113 55 3 82
114 123 24 122 27 95 20 40 53 117 125 122 55 58 123 65
86 14 96 92 72 27 13 51 122 103 107 108 30 110 62 17
105 86 11 5 54 32 45 107 21 43 101 76 101 96 13 59
110 109 23 55 8 37 106 3 12 85 111 42 67 45 59 45
3 71 50 57 103 95 36 124 10 10 72 111 106 85 43 89
66 66 16 74 103 122 77 115 79 60 30 18 105 89 63 109
32 113 38 7 81 75 3 91 85 75 75 63 32 118 24 98
56 40 45 32 34 122 19 113 55 49 4 32 11 67 13 43
53 52 51 6 127 54 97 84 2 44 19 34 34 44 5 91
84 50 123 119 44 14 104 99 64 108 4 75 48 17 118 101
69 41 107 68 96 76 24 98 121 44 4 27 88 9 118 44
59 113 35 104 0 12 75 64 120 79 11 40 97 1 13 38
43 120 107 11 69 3 109 62 47 113 89 7 123 80 52 54
65 87 30 65 99 106 1 92 57 12 4 26 14 18 65 57
10 44 68 79 47 49 13 95 34 103 102 29 55 26 84 120
114 114 58 85 92 59 49 22 72 54 48 86 72 113 15 82
