121 58 24 75 72 80 23 51 37 117 66 35 32 113 27 28
5 95 17 73 83 34 0 32 81 3 88 54 100 10 60 93
68 84 40 12 36 63 63 73 53 1 108 85 115 7 113 120
103 3 66 58 37 66 90 118 69 51 45 41 61 105 7 1
61 47 13 97 111 77 42 36 78 23 121 65 30 106 58 5
109 124 64 19 62 26 9 3 77 54 44 10 31 51 11 92
99 25 61 82 102 104 118 52 127 111 118 29 89 48 35 71
44 99 90 106 125 99 109 75 26 25 85 57 77 97 22 48
122 83 2 96 59 120 20 58 103 10 88 64 58 123 7 102
94 97 80 91 69 61 38 95 87 124 24 36 93 46 84 87
2 86 55 61 78 75 120 53 86 80 117 16 75 125 119 41
94 71 4 35 5 43 2 92 39 27 0 4 73 84 91 75
42 18 9 120 93 1 45 51 81 34 68 28 31 59 69 126
2 73 33 7 116 36 99 27 63 99 31 8 55 122 84 97
12 93 89 106 94 6 29 47 41 97 75 72 28 16 70 31
89 104 38 78 12 10 105 75 109 9 83 37 3 39 6 16
4 96 122 98 102 23 17 15 121 92 88 21 108 30 52 70
6 91 20 18 101 125 93 82 6 49 119 10 88 126 26 93
94 20 63 68 43 81 84 36 45 44 58 26 74 110 96 81
73 116 99 46 113 65 1 120 114 120 2 74 118 28 39 84
48 103 25 91 56 109 0 101 25 58 127 99 40 95 52 114
83 24 32 69 89 33 61 75 26 63 21 16 91 61 101 11
36 126 102 92 107 102 65 4 32 65 103 73 32 28 59 116
52 91 57 13 125 118 88 23 53 109 39 16 42 12 27 78
10 1 42 117 104 108 121 8 45 97 81 77 125 12 65 49
104 122 62 101 112 22 124 37 3 35 53 46 48 80 124 58
82 39 48 58 19 41 66 64 10 20 13 7 32 79 56 8
73 118 109 58 12 105 95 16 13 21 62 61 101 58 119 55
97 39 113 116 81 52 52 91 72 66 99 104 17 27 113 90
18 94 20 30 72 116 46 85 9 108 18 110 39 9 38 8
49 23 125 2 75 49 93 19 115 64 124 4 92 109 95 110
75 115 12 19 103 59 104 112 39 122 95 78 4 5 87 53
35 7 11 31 63 38 47 38 71 23 123 51 58 80 7 37
83 7 51 25 110 68 120 121 98 95 20 25 12 103 86 48
110 97 79 45 8 126 83 79 21 78 2 80 30 10 117 113
17 40 10 127 109 3 121 79 98 13 104 111 116 62 31 98
32 110 15 40 109 98 119 2 48 122 82 78 4 72 63 21
112 74 20 93 77 13 45 47 27 21 30 15 84 61 114 116
44 1 28 25 100 19 27 20 13 110 99 17 54 34 38 38
108 59 4 57 72 49 105 99 70 7 115 26 69 101 14 113
102 42 10 74 62 37 95 75 19 66 93 73 100 3 112 81
62 116 10 7 37 115 106 107 123 93 6 64 66 20 49 41
63 59 115 125 96 82 72 116 20 37 61 121 41 45 74 103
33 84 110 70 72 89 50 67 54 56 3 121 76 52 34 11
111 21 8 79 104 81 67 124 118 1 117 31 46 63 7 80
20 117 22 92 78 72 31 5 0 34 126 77 86 32 88 69
53 97 20 29 50 88 26 40 89 15 72 7 79 79 87 99
68 110 63 19 54 94 24 55 0 22 4 86 54 92 27 107
61 47 9 111 7 35 24 96 50 96 104 1 47 63 100 115
45 35 6 100 1 30 27 1 52 31 87 106 123 114 86 57
34 95 40 41 2 64 10 52 32 114 54 79 49 26 67 95
62 73 67 63 104 94 65 28 125 24 7 120 11 93 49 45
60 90 86 62 26 96 114 59 82 40 10 4 67 77 99 1
23 38 64 127 4 1 27 1 26 34 121 37 127 43 82 59
5 40 121 31 9 108 90 91 20 101 95 87 50 66 88 73
104 25 72 108 26 100 109 52 6 103 89 6 18 43 65 23
84 59 54 93 39 17 56 59 118 24 19 40 90 107 114 67
4 58 47 31 30 29 83 37 4 45 43 22 88 108 45 44
39 99 9 78 116 66 10 106 90 29 19 52 8 5 119 13
63 39 44 94 68 127 3 72 44 46 94 5 26 11 49 66
110 59 16 99 125 26 77 87 55 96 11 64 101 3 77 37
42 121 3 110 120 6 54 37 52 20 42 78 31 91 16 13
22 33 112 19 59 62 106 115 30 118 51 4 121 0 41 35
121 44 17 113 50 71 22 102 91 64 52 122 28 69 7 50
24 114 70 23 78 46 18 23 39 7 93 113 27 28 75 74
97 31 73 64 19 54 83 50 0 73 73 16 122 121 4 19
107 74 42 58 120 61 81 32 68 47 17 95 75 92 41 45
124 114 109 15 41 64 65 41 9 10 57 4 3 61 23 111
7 65 41 0 126 122 32 66 41 49 33 117 14 75 34 10
61 15 25 102 79 90 15 88 101 72 92 104 5 115 87 13
53 0 13 51 123 45 118 36 94 23 25 108 98 59 118 32
74 15 6 25 106 22 114 79 94 78 55 100 66 15 113 119
15 126 42 10 43 32 47 9 56 72 118 26 4 108 58 78
124 65 104 102 87 90 53 53 40 108 25 106 123 10 97 11
8 12 21 51 44 68 61 100 13 51 127 17 31 57 95 27
122 71 1 81 33 54 7 74 35 32 52 30 43 22 41 51
34 63 103 78 3 36 51 16 87 50 33 118 107 1 18 102
72 19 55 106 74 62 52 109 95 104 11 10 126 53 61 32
116 36 111 119 72 34 8 31 84 41 22 63 42 40 37 115
59 93 93 5 27 17 114 122 121 126 4 120 51 66 24 39
102 7 30 47 41 38 78 125 80 100 61 122 12 98 109 72
63 74 77 91 91 64 85 85 62 90 77 113 28 101 24 2
109 54 49 22 93 0 20 45 100 81 39 113 51 21 57 115
95 6 78 59 70 35 16 4 125 93 117 25 66 13 28 47
68 77 70 33 77 90 78 50 43 117 35 94 10 92 81 106
98 31 37 41 67 53 45 64 18 35 90 84 48 118 4 116
67 74 21 17 36 99 67 79 89 102 45 99 66 127 77 36
30 114 77 97 39 123 34 57 30 124 14 78 114 18 67 53
92 88 70 0 60 9 79 21 111 124 120 49 123 70 86 26
56 35 123 96 30 29 25 60 25 39 11 11 57 78 65 21
38 7 21 98 17 100 119 0 97 112 50 92 54 8 118 110
43 114 78 74 15 104 6 41 15 17 52 73 95 117 94 6
125 116 104 14 88 96 14 57 80 64 22 6 72 12 116 116
126 67 62 14 43 68 55 58 86 107 3 53 97 98 59 94
86 36 108 46 4 122 104 84 59 126 90 3 10 78 119 9
17 53 23 60 122 78 119 80 57 122 5 26 92 65 120 50
37 17 93 17 115 65 91 3 83 121 7 0 101 45 116 82
115 59 108 51 101 80 115 65 31 102 38 74 80 70 26 117
87 119 7 75 56 98 78 12 91 85 12 64 2 1 19 118
60 127 41 33 79 29 99 110 3 9 57 83 79 83 72 38
74 79 113 2 49 63 14 13 20 27 77 23 28 96 13 88
95 54 121 47 83 92 29 86 101 86 41 52 41 114 91 115
65 76 118 115 12 4 0 32 31 77 55 59 46 68 19 13
123 13 60 78 105 90 37 79 48 78 3 90 64 94 77 2
43 67 117 55 72 117 87 103 66 15 35 112 83 54 126 78
67 58 29 45 20 66 124 69 16 127 31 81 94 108 83 9
48 72 64 120 61 23 95 127 38 2 112 122 57 110 72 124
40 101 41 61 39 37 2 56 37 33 9 3 13 92 12 61
36 76 53 97 99 21 96 10 23 80 4 80 62 76 77 103
50 118 36 89 28 38 17 65 71 26 68 84 118 80 18 26
28 71 123 127 92 92 9 116 44 13 68 107 90 17 82 12
8 118 101 36 28 119 101 99 17 41 55 8 121 73 34 21
17 30 20 109 122 30 97 38 43 38 17 5 55 99 17 63
89 119 99 117 110 72 88 127 113 16 7 106 89 42 127 106
72 20 88 66 50 57 104 93 95 122 99 23 93 116 86 55
107 58 44 89 2 5 89 116 21 96 94 110 10 94 89 82
114 49 20 36 106 125 1 74 119 100 97 84 89 55 11 68
113 56 30 116 61 119 104 82 87 70 64 98 36 25 52 22
74 73 58 53 70 60 127 61 32 96 17 121 23 29 62 9
85 92 125 18 83 101 100 42 43 36 12 80 62 65 102 8
10 33 61 80 93 60 13 125 28 30 119 52 59 53 61 16
17 58 34 100 31 6 14 74 43 27 26 105 92 1 113 102
34 47 54 127 107 67 124 8 97 115 60 29 40 121 45 57
51 80 29 82 86 44 28 1 71 55 106 35 56 92 9 90
11 63 89 118 2 85 126 99 73 58 0 113 51 46 43 102
126 72 56 84 116 85 86 59 12 64 94 68 28 103 30 39
38 119 30 40 76 28 12 21 87 12 7 10 58 50 113 56
122 41 13 111 126 99 42 10 35 9 78 64 112 108 103 23
7 1 34 38 24 124 55 49 26 116 44 79 47 126 59 72
20 69 40 24 80 115 97 34 5 4 26 117 82 88 41 90
89 75 0 114 71 55 35 98 44 80 49 91 78 108 36 99
49 76 123 1 64 92 35 69 96 61 58 51 21 99 13 111
47 13 97 118 69 4 88 113 84 9 76 35 117 112 6 38
61 1 39 125 93 74 66 62 8 124 113 29 96 126 12 15
11 109 5 80 114 94 65 70 103 14 105 93 126 111 3 59
112 43 56 78 117 122 12 125 119 125 27 87 123 39 102 6
21 107 87 7 73 24 77 49 38 55 14 37 38 17 96 23
60 25 101 50 19 113 47 10 110 74 97 105 114 71 111 7
51 70 14 124 95 91 45 5 18 59 42 57 77 11 80 9
36 53 59 55 38 107 66 20 53 35 125 39 107 108 46 30
51 60 26 18 24 72 23 42 3 66 99 80 77 51 90 113
104 21 40 14 0 106 34 54 14 31 93 121 12 12 23 63
72 49 81 96 121 104 11 125 42 110 77 119 34 39 104 10
61 17 25 61 123 59 115 9 91 81 2 103 93 25 38 37
75 119 6 68 95 17 65 10 127 15 1 33 54 106 44 115
123 69 49 118 0 36 0 91 117 2 66 82 28 104 120 103
95 126 43 63 15 109 73 14 124 74 48 50 52 92 38 47
33 87 38 33 123 38 125 113 40 63 67 68 40 59 43 7
57 87 70 72 68 15 87 64 90 7 114 14 99 24 62 4
111 100 37 107 10 34 92 50 98 31 119 10 91 34 17 20
121 88 93 61 103 52 125 65 59 112 80 30 8 14 34 120
114 71 99 124 106 63 46 76 94 37 86 57 72 103 78 65
63 43 127 39 95 124 104 26 108 56 56 117 70 90 109 56
33 80 52 11 15 99 87 109 8 45 39 80 21 117 18 84
32 17 123 127 13 100 25 122 28 81 111 99 43 92 27 76
44 80 88 59 51 47 40 59 93 79 12 114 68 30 70 100
47 66 99 60 38 124 54 66 77 37 37 120 1 65 69 45
17 29 104 68 76 17 127 41 96 11 27 37 41 98 9 88
36 109 21 74 105 75 12 55 113 50 47 114 115 116 32 4
17 8 72 94 25 71 7 122 83 35 31 124 5 40 85 41
16 39 25 126 1 38 125 104 8 9 102 22 28 47 84 109
127 58 114 125 63 19 81 5 123 28 54 71 44 9 12 60
48 37 59 50 76 56 26 84 65 1 106 93 48 63 74 47
121 60 44 56 79 125 61 75 25 116 18 69 125 30 2 46
68 61 96 16 117 122 100 55 123 79 20 43 14 95 91 7
27 7 63 107 5 125 54 30 113 72 100 110 102 102 28 42
35 124 58 24 119 31 79 114 110 100 30 124 67 121 3 94
0 66 73 5 63 127 36 48 71 8 31 46 110 59 88 17
56 19 41 47 50 121 33 32 93 63 28 32 56 31 126 57
97 72 62 33 71 98 81 15 106 112 61 88 44 21 105 100
40 19 19 90 12 52 122 105 116 22 9 44 53 7 101 23
79 36 56 23 6 9 38 113 122 99 73 38 120 51 10 33
70 29 123 82 81 118 59 69 12 68 114 66 75 87 89 27
123 17 50 2 26 88 115 20 59 60 58 51 111 68 84 53
97 80 7 51 70 66 120 82 6 106 20 82 66 109 109 61
126 31 63 25 119 50 45 50 111 104 101 94 44 58 20 14
10 27 65 80 94 57 34 100 36 55 54 102 36 35 35 35
66 99 60 57 21 105 107 4 81 81 99 126 11 119 12 21
18 77 101 112 6 7 85 42 62 11 16 99 47 52 6 113
23 66 43 44 43 22 49 125 103 20 123 114 11 7 7 29
84 108 14 90 116 99 5 50 110 21 21 29 73 27 15 96
93 58 13 9 80 62 6 56 82 1 42 93 8 50 122 92
30 8 54 18 107 59 69 90 81 90 119 26 118 6 123 83
64 8 92 17 70 98 73 24 99 115 117 107 37 111 71 68
120 126 86 99 57 27 61 10 118 53 37 108 59 32 63 124
40 28 13 110 126 86 6 98 73 123 77 111 106 21 51 98
19 9 70 76 37 3 87 27 56 124 7 116 28 70 112 68
98 125 50 97 83 56 67 28 51 16 11 29 37 62 0 56
72 70 5 109 73 92 8 2 88 15 118 116 85 102 56 56
99 106 25 54 34 92 82 85 108 94 114 18 28 114 74 100
56 79 81 2 43 89 4 3 104 122 119 62 96 47 118 67
25 15 121 59 107 75 16 87 41 3 105 70 117 52 42 46
113 92 120 62 98 94 70 64 63 37 83 1 4 95 58 53
22 80 114 3 92 59 26 89 42 41 95 87 124 33 37 110
125 29 44 95 123 115 31 58 24 114 59 28 82 118 81 104
70 67 107 34 126 5 123 41 46 90 0 43 124 37 25 121
66 69 89 61 56 120 120 80 107 51 108 61 41 62 37 111
1 16 17 0 21 13 41 68 103 41 111 99 78 8 93 16
77 54 77 6 46 69 86 25 121 67 86 34 1 123 18 2
11 35 2 33 48 43 101 24 84 84 123 34 92 88 50 41
14 0 47 61 69 6 86 62 73 45 97 74 40 115 76 52
22 79 85 71 122 58 95 79 14 90 113 106 51 36 19 65
36 67 126 105 73 85 40 18 2 9 92 42 124 40 94 18
119 51 89 114 109 56 65 123 19 50 101 70 86 121 7 122
60 6 100 5 91 12 23 93 21 115 7 17 27 102 35 19
25 125 5 7 53 70 2 72 120 104 14 79 97 22 73 29
28 45 34 119 57 57 84 78 44 91 95 71 65 3 90 91
0 95 98 53 37 100 126 30 76 12 109 45 34 54 74 62
100 108 53 29 37 9 108 81 101 75 25 38 78 115 1 78
83 99 4 120 72 2 22 20 14 3 66 49 58 12 111 30
121 37 59 30 46 39 112 19 115 9 58 65 124 59 16 79
31 20 72 103 22 94 123 36 98 61 85 28 74 69 58 67
106 117 97 24 29 81 44 16 90 102 81 87 33 97 38 64
117 110 39 11 77 35 48 47 96 5 75 42 74 5 109 52
122 79 77 23 32 121 39 123 95 121 82 0 90 120 65 80
103 104 91 52 11 11 99 108 17 46 22 91 51 4 16 45
83 93 69 115 86 108 110 53 101 64 53 64 57 118 16 32
95 107 84 106 119 55 86 8 101 109 99 24 113 115 69 68
80 10 55 38 119 38 91 92 102 17 28 31 7 44 63 102
24 19 81 15 74 39 23 47 20 122 71 5 110 13 73 62
23 1 101 14 39 64 107 13 81 7 45 89 52 108 63 76
0 16 91 74 56 114 122 76 108 65 82 90 78 27 25 102
28 126 116 67 62 95 81 16 103 126 105 27 106 40 103 106
57 66 53 113 52 47 61 32 112 15 123 63 43 20 37 71
91 79 40 26 7 16 122 18 124 2 119 110 80 83 12 2
105 92 38 18 30 62 105 25 121 74 26 12 10 120 83 101
71 124 127 79 12 121 97 9 123 89 119 75 44 4 77 21
96 115 39 126 49 16 23 42 91 49 54 101 41 10 74 113
6 73 64 18 66 33 27 61 122 19 8 38 23 85 60 119
72 99 117 121 116 13 36 79 62 90 52 104 100 126 89 106
71 25 125 9 58 24 70 53 43 78 91 66 35 23 57 107
123 47 100 111 60 8 62 122 99 114 98 71 112 59 50 55
84 47 64 15 71 6 68 115 84 31 53 119 55 111 98 50
30 70 33 90 79 95 84 50 81 55 121 65 114 43 120 71
90 56 86 34 62 26 21 18 57 74 9 112 57 107 34 87
49 67 49 0 34 6 50 115 61 44 52 47 87 44 118 50
100 76 84 34 102 105 52 32 51 61 16 109 40 51 68 90
118 118 90 25 124 13 12 57 57 65 104 16 109 95 66 82
43 22 116 18 127 41 50 51 102 66 32 15 117 100 105 108
90 67 5 86 80 17 15 9 82 120 26 64 87 92 18 2
115 6 20 114 47 70 37 22 9 69 37 126 42 14 106 4
81 111 91 34 1 106 43 83 98 69 19 57 34 37 60 21
44 80 7 91 23 45 113 32 114 22 30 28 36 9 33 118
120 124 24 121 102 67 77 73 9 96 2 43 6 62 64 50
15 71 13 38 116 127 70 103 21 100 3 58 109 36 48 102
32 72 95 7 11 44 80 20 13 82 63 19 17 127 69 32
71 82 70 59 81 12 34 103 112 38 33 94 74 81 68 107
25 35 114 36 80 66 57 93 20 120 112 37 120 53 69 63
7 11 122 89 23 29 64 8 67 97 102 13 50 42 120 75
77 106 111 29 44 40 122 65 33 106 102 25 31 44 88 39
55 82 0 79 111 64 87 50 33 61 64 83 103 56 30 52
35 13 82 79 54 76 16 87 55 119 112 86 35 72 125 90
26 125 41 10 61 0 60 94 61 124 49 36 53 79 89 88
93 43 39 19 119 56 106 46 47 90 5 82 34 2 44 60
0 86 70 61 86 3 28 20 127 77 56 52 29 17 12 122
60 52 13 52 108 119 98 27 81 103 109 115 106 25 47 106
16 118 118 90 13 95 18 68 49 111 108 42 93 60 101 126
108 84 44 66 88 9 115 125 22 57 76 104 70 67 88 86
57 78 49 70 45 67 10 94 50 119 8 15 51 109 14 31
66 58 97 26 67 85 23 89 14 99 66 85 38 26 43 95
105 92 37 22 31 48 117 81 39 125 97 90 107 111 121 45
41 90 71 108 47 94 69 62 66 7 19 104 34 62 72 11
27 109 33 58 29 22 12 68 20 109 30 127 92 23 44 5
114 115 113 33 81 54 95 19 62 114 124 96 49 68 107 76
49 12 6 79 35 18 19 55 127 50 54 91 73 98 96 59
85 81 93 38 8 60 58 70 47 54 38 96 122 17 44 43
29 50 122 64 69 14 119 68 64 45 32 9 15 0 69 100
82 34 11 90 94 69 32 13 123 70 109 117 87 25 32 116
76 27 53 17 41 44 85 105 90 117 114 105 118 55 78 72
89 89 34 56 30 66 69 25 8 51 14 95 76 46 83 24
73 8 41 114 53 127 91 15 116 78 120 106 5 70 50 95
31 84 23 61 22 92 86 30 15 100 125 92 19 81 116 92
89 30 79 14 29 42 29 17 120 22 124 126 92 46 93 124
3 116 57 25 80 16 56 96 116 53 60 7 6 48 100 96
78 51 110 107 93 12 125 86 34 121 84 126 39 49 122 42
37 52 68 117 68 124 85 56 49 17 64 56 66 36 24 16
87 6 124 52 18 121 10 52 114 94 51 25 15 45 68 52
97 8 42 37 4 127 94 53 17 30 109 83 66 5 99 25
12 95 77 30 88 88 83 74 54 6 100 70 51 40 122 21
48 36 58 52 36 24 105 53 54 87 8 120 92 107 17 104
75 95 7 35 55 90 110 109 96 82 51 19 122 46 40 42
82 99 94 118 123 71 43 50 30 51 42 123 31 60 99 106
27 106 13 82 68 123 63 36 77 115 56 71 33 96 113 115
67 79 106 63 23 21 113 53 73 27 48 104 87 20 82 114
126 95 68 67 91 4 103 40 119 31 112 24 0 97 11 67
49 117 2 72 11 115 125 84 15 46 60 102 66 14 89 64
109 29 3 72 33 107 113 24 10 97 48 10 66 60 78 115
49 80 59 60 68 57 16 83 103 76 57 41 90 18 105 72
49 49 18 110 96 56 56 91 68 106 103 71 107 115 36 49
4 32 59 42 35 18 91 108 46 40 105 8 92 31 93 13
81 111 124 49 40 52 13 108 30 116 52 9 103 88 58 107
120 117 21 27 7 112 8 53 24 113 61 116 16 26 1 97
10 125 19 50 49 32 30 79 20 82 88 123 43 18 102 35
8 123 63 15 107 71 69 3 56 2 119 72 29 120 42 39
118 61 89 39 93 119 119 113 74 79 108 117 98 82 24 106
77 87 121 56 30 62 59 86 65 50 31 94 42 73 5 32
6 94 72 99 85 63 84 31 14 64 20 112 18 45 90 95
4 84 23 35 18 82 121 83 4 24 49 46 97 54 79 103
20 23 74 106 86 30 9 100 94 30 85 112 75 47 79 79
3 102 114 22 56 108 105 60 4 27 107 102 81 58 77 102
81 24 80 39 54 89 11 21 119 96 5 66 16 85 18 19
59 4 41 116 112 19 48 117 46 27 91 127 85 40 101 38
64 53 77 119 15 89 12 6 57 17 73 73 102 91 93 34
95 6 22 80 25 70 69 71 98 32 71 55 72 44 94 9
98 43 0 113 4 12 119 62 29 64 7 4 27 100 38 123
107 60 75 4 2 16 76 100 48 19 28 120 63 122 1 33
37 1 18 42 13 10 104 43 74 111 47 102 84 85 97 63
17 44 67 19 60 15 120 108 34 20 100 98 14 102 3 51
103 22 93 117 32 69 32 106 53 79 80 9 36 49 72 53
93 11 72 25 27 64 5 61 84 106 31 98 80 35 22 55
57 115 44 89 57 76 67 110 27 20 119 63 69 63 116 35
74 61 60 101 125 66 35 82 44 66 52 124 101 74 51 30
62 96 119 119 44 59 101 72 79 92 7 20 27 124 55 101
57 116 75 54 54 110 8 98 48 61 94 22 7 17 52 69
113 44 60 30 103 33 102 54 125 109 74 24 105 2 126 34
118 73 89 44 55 97 14 103 30 108 125 38 125 50 107 111
94 40 13 69 73 115 123 71 96 69 95 74 71 93 108 61
38 69 105 93 39 119 69 69 99 66 107 97 116 87 80 82
127 93 23 72 80 18 15 48 88 111 122 31 76 103 93 115
44 70 80 83 62 21 25 33 88 4 2 76 91 82 31 90
