59 34 9 6 94 46 123 27 72 21 28 98 82 9 109 75
99 87 93 25 0 12 83 16 22 24 19 26 10 89 106 69
123 115 75 90 33 71 117 105 92 17 76 46 27 57 121 126
16 86 23 16 98 107 33 121 3 52 19 13 13 125 82 9
113 30 99 18 101 88 124 65 106 72 111 5 1 105 3 17
63 27 33 34 6 66 27 9 119 46 22 4 43 104 13 28
6 112 47 107 73 43 44 51 115 28 56 116 5 59 5 68
86 38 102 92 105 1 101 96 47 123 100 91 100 114 119 106
98 38 86 43 81 2 94 68 30 22 56 35 82 61 104 40
100 78 5 77 80 106 45 127 102 17 90 74 3 82 52 102
120 10 17 74 13 112 14 43 6 71 79 88 4 55 1 104
5 6 53 85 112 98 85 86 116 47 32 119 1 85 93 122
95 111 68 108 95 82 24 101 25 103 62 30 30 63 6 35
69 60 121 53 30 78 12 18 125 44 10 127 1 103 121 97
86 61 77 53 15 101 27 41 76 89 71 106 24 77 14 93
9 7 18 40 85 30 58 82 75 68 81 76 44 74 45 2
7 123 56 23 96 83 64 45 44 7 23 68 84 37 33 94
44 51 6 1 82 64 84 29 5 37 105 49 112 23 51 119
18 107 14 114 62 78 31 106 85 55 46 42 92 79 8 9
3 14 10 85 78 94 114 83 4 91 4 116 114 56 107 4
35 122 119 98 72 22 76 30 77 123 72 42 74 80 51 77
94 61 34 44 28 20 0 32 112 4 20 98 60 127 103 96
121 94 66 66 116 14 96 66 9 40 108 84 120 31 33 86
92 68 2 120 88 2 24 72 7 44 43 67 44 18 35 37
112 101 103 100 116 71 38 125 111 18 81 103 49 115 61 14
55 64 6 15 66 31 88 73 75 3 13 119 21 48 29 5
22 4 105 10 76 16 7 59 34 89 35 84 76 96 98 3
32 104 18 99 7 106 44 83 109 57 74 2 106 103 7 0
108 113 10 56 1 17 115 35 106 22 119 54 119 89 57 23
66 76 122 73 54 39 28 36 96 103 38 74 78 46 74 58
31 84 114 32 102 102 67 80 124 59 7 115 20 64 11 86
12 5 32 67 44 60 103 13 35 13 87 114 59 34 44 90
106 19 127 12 38 60 12 28 106 43 17 81 41 98 17 54
93 13 89 20 5 42 118 118 59 105 127 74 87 17 25 66
36 25 78 75 85 90 103 63 5 121 17 46 91 34 101 57
48 62 77 53 104 67 43 35 45 42 109 4 60 6 70 96
31 21 43 116 111 19 52 117 12 69 35 103 103 8 32 23
70 109 76 46 49 119 81 94 34 62 98 94 69 41 62 100
62 106 89 45 125 13 34 9 82 70 112 57 78 17 81 21
126 29 67 47 21 21 13 55 83 112 21 24 25 83 125 87
61 86 4 58 99 39 67 53 109 52 110 59 69 63 80 67
93 20 115 114 41 0 41 124 112 62 21 9 17 18 96 79
104 101 9 75 12 77 0 121 1 110 52 70 46 5 9 11
25 124 125 66 125 38 62 109 100 83 119 117 101 87 68 77
60 78 24 72 27 24 65 28 7 118 98 53 123 107 64 20
104 61 86 101 99 20 82 71 104 73 60 77 33 1 27 93
79 51 38 106 76 103 6 83 93 104 8 88 83 72 108 59
5 66 32 104 87 115 47 63 60 107 12 93 108 39 59 59
91 97 37 39 72 43 122 38 19 2 126 103 74 107 34 79
45 67 55 4 54 102 67 114 81 80 80 62 119 11 121 82
108 31 121 52 74 115 90 94 117 89 69 63 68 103 14 113
42 69 118 96 43 57 83 125 9 35 59 1 46 52 83 26
83 77 78 30 64 41 124 54 2 65 117 70 40 4 55 83
73 45 51 117 103 6 114 112 41 45 113 87 97 69 113 53
18 64 83 82 105 79 8 107 16 126 49 56 2 104 11 75
22 63 64 125 69 50 109 111 95 95 70 65 36 56 118 54
120 73 8 97 24 17 76 40 15 125 96 17 101 108 92 123
43 29 120 112 79 102 95 47 69 38 112 105 94 102 31 86
47 39 55 71 56 3 111 71 0 79 88 101 59 53 97 102
82 89 87 33 63 54 80 4 92 64 109 58 38 12 16 85
52 71 28 108 74 11 52 74 91 12 48 22 65 17 125 19
106 84 53 42 10 5 46 103 70 28 33 108 40 50 66 92
121 94 73 68 106 125 14 69 9 62 91 75 79 88 94 58
44 19 100 55 25 18 30 95 46 63 75 87 113 13 51 107
104 11 72 10 70 50 10 88 27 15 51 94 6 4 78 116
121 37 32 69 15 114 123 49 61 62 109 111 83 107 28 60
118 100 70 61 23 80 21 50 95 72 16 102 77 94 90 70
4 122 11 19 109 7 68 42 69 49 25 25 28 53 85 19
25 27 80 48 107 101 98 74 46 114 48 123 81 10 65 85
5 77 104 114 84 44 28 25 93 53 50 121 106 7 12 3
34 92 52 13 66 22 88 112 9 8 107 90 19 44 47 24
121 23 10 77 67 38 103 32 91 25 25 69 33 38 72 67
2 124 81 68 19 41 52 28 49 31 118 68 76 37 92 69
60 102 19 127 12 122 31 103 19 56 44 52 94 117 120 97
113 73 37 4 114 90 32 35 121 22 104 69 59 68 11 119
43 30 118 55 24 21 31 43 78 75 96 44 64 88 13 50
33 51 54 19 13 87 54 6 109 30 76 41 99 87 32 14
117 23 69 13 44 100 56 122 48 24 39 112 112 52 34 17
103 89 36 116 48 91 123 29 121 71 70 92 30 103 106 19
126 48 32 42 20 88 37 68 113 76 53 97 0 87 115 104
48 23 92 96 114 87 126 108 30 68 72 60 43 51 79 41
99 111 84 119 72 121 60 57 69 113 26 69 72 13 45 121
37 10 89 23 97 87 3 0 28 76 60 71 127 12 113 98
123 69 89 67 62 21 124 3 6 23 72 79 36 118 72 73
0 33 97 97 121 100 97 21 48 30 92 47 42 77 17 37
18 107 105 80 0 101 83 7 124 28 86 33 18 30 106 18
63 75 115 56 48 85 77 96 115 42 16 29 119 33 66 10
12 43 90 13 17 46 20 13 74 106 46 92 8 25 110 71
100 97 0 20 54 77 117 41 119 5 70 111 38 9 121 51
52 83 64 69 1 84 83 75 62 1 39 70 26 21 13 127
119 13 19 45 91 8 87 82 13 29 65 52 38 58 103 91
14 39 32 15 123 115 91 57 117 2 127 15 24 12 14 15
26 34 60 117 42 19 71 56 49 9 108 87 67 83 50 81
122 83 97 117 70 60 46 59 62 45 75 86 57 89 101 83
123 34 72 38 53 16 94 102 25 74 62 92 29 112 46 23
67 15 12 10 75 58 69 9 103 16 96 32 106 69 116 101
9 111 13 79 38 41 12 54 101 72 92 125 99 49 125 111
124 63 80 111 122 98 71 94 28 33 66 9 112 37 59 122
20 72 73 58 113 85 112 87 29 76 84 1 126 81 112 122
16 64 105 10 34 48 105 63 82 43 72 66 80 3 60 100
75 5 30 61 90 15 20 120 91 104 121 89 58 105 83 74
41 61 85 76 109 62 11 63 105 83 2 57 86 62 29 33
68 59 94 30 74 114 22 38 91 15 127 21 120 83 95 34
16 52 110 125 114 121 61 91 76 63 20 34 125 49 67 65
109 34 96 55 20 118 93 111 6 93 4 126 48 100 32 64
24 14 61 11 7 122 102 83 57 123 117 55 44 57 120 25
91 88 81 111 79 46 95 85 11 99 83 59 71 116 123 96
2 57 107 10 51 81 93 109 76 83 36 121 12 28 18 103
117 99 86 68 18 53 25 29 25 108 89 96 96 84 64 99
13 43 109 65 125 74 46 73 29 82 66 41 110 85 16 99
56 103 39 74 28 64 104 53 45 65 22 13 21 86 112 35
2 93 100 127 40 18 72 69 100 11 111 82 96 127 54 24
102 93 99 3 30 75 56 75 12 78 88 33 37 73 68 39
38 40 38 78 58 110 20 30 121 3 113 89 2 39 114 105
4 85 108 34 32 36 109 44 115 70 77 24 15 18 63 53
58 101 4 117 83 24 19 77 27 4 38 29 43 24 6 48
109 114 82 13 23 64 57 10 6 7 34 21 25 97 74 83
70 78 72 25 102 92 102 1 96 13 31 12 37 37 60 19
24 14 32 47 78 90 57 84 97 91 105 122 60 52 77 2
2 22 27 105 114 2 106 82 15 9 94 52 47 26 71 71
41 104 118 119 66 47 76 35 10 53 29 70 105 106 72 108
0 99 85 114 101 63 69 116 73 35 41 120 62 112 63 103
88 53 94 26 100 42 61 110 96 90 52 73 69 124 53 69
95 10 56 69 74 125 57 19 32 98 11 94 83 74 69 43
127 36 70 99 78 3 81 46 94 5 120 35 1 45 104 96
56 32 37 2 29 95 21 62 65 32 28 20 106 98 64 105
6 6 76 84 9 29 3 103 34 123 10 35 40 115 3 96
19 41 98 49 8 119 111 73 23 11 94 1 109 30 106 115
43 14 95 92 110 108 117 87 74 12 90 38 113 127 120 114
126 36 36 81 90 48 104 43 4 105 77 127 9 1 40 53
15 7 17 125 116 6 84 62 18 46 101 3 45 93 117 43
2 25 125 92 74 101 8 78 78 85 77 88 86 117 13 102
124 30 99 112 36 56 47 54 102 20 57 20 113 46 63 115
71 60 80 17 33 88 95 112 45 44 72 4 33 85 106 30
115 77 14 23 5 61 77 108 81 6 0 67 52 63 54 123
124 6 13 29 94 108 13 12 25 85 16 58 42 122 88 29
71 103 52 77 36 1 57 118 7 57 57 59 120 111 55 116
118 68 18 84 48 31 96 73 117 112 4 31 106 92 61 50
67 113 127 104 115 56 94 122 113 23 54 105 6 109 94 124
49 112 81 97 15 49 43 4 34 47 36 12 11 97 62 79
82 61 55 69 117 21 64 102 44 118 80 50 99 46 47 20
30 0 117 45 49 32 50 83 79 86 96 91 55 30 42 9
92 97 79 81 118 15 56 34 5 8 84 104 54 3 124 84
3 113 1 53 18 51 8 97 9 104 60 64 7 102 74 99
71 25 52 61 40 108 95 45 116 52 21 42 55 17 126 59
2 0 112 20 51 120 118 61 97 50 125 104 25 71 75 96
96 127 30 8 108 125 53 96 49 74 11 105 91 9 36 94
9 20 114 61 12 104 122 109 27 119 85 52 63 32 20 31
32 50 40 12 48 93 108 97 40 119 74 3 1 110 97 10
2 84 71 15 60 65 124 87 57 82 11 120 114 32 23 18
82 63 30 2 29 11 100 69 2 46 72 3 29 42 14 31
126 85 46 58 23 43 18 80 125 29 72 111 61 95 2 16
31 32 18 60 43 118 1 46 37 73 49 66 115 63 97 113
21 16 44 44 59 62 124 56 91 68 39 25 35 41 41 66
74 59 126 117 50 127 35 87 73 85 25 60 20 122 46 41
10 90 85 69 24 81 125 115 21 37 12 57 78 53 123 24
113 122 14 35 121 49 122 66 6 19 127 27 13 45 68 24
7 26 93 31 107 91 18 1 0 31 58 78 84 53 103 69
47 117 104 41 38 98 107 45 117 106 72 3 23 12 27 30
38 120 61 18 83 80 19 83 111 77 34 67 2 9 9 50
113 66 5 17 10 104 73 49 38 94 78 74 71 108 26 68
86 63 118 109 119 42 100 64 49 41 108 86 121 64 118 106
3 124 123 13 100 69 62 10 35 12 84 107 120 110 47 78
46 37 60 37 79 32 101 0 73 81 86 66 18 77 44 21
73 39 34 45 108 97 56 16 109 12 123 102 123 42 52 41
79 112 78 30 16 52 30 89 5 117 27 23 66 71 44 11
111 79 56 91 48 112 107 29 125 102 3 120 16 56 33 95
40 111 125 57 35 28 18 41 17 46 64 83 117 109 94 100
60 22 64 108 7 43 9 4 18 13 124 34 69 29 2 109
12 127 38 48 27 57 89 44 103 25 127 92 6 93 65 66
116 1 46 123 44 56 127 62 69 123 97 10 24 99 119 36
98 30 84 126 87 45 42 62 71 42 26 77 7 91 16 123
92 62 118 9 118 117 71 59 112 40 69 8 11 61 45 110
91 1 108 50 47 22 112 118 64 10 67 72 102 83 67 66
18 58 75 8 47 19 68 32 59 9 40 71 70 85 53 33
87 33 83 6 55 67 124 120 78 63 64 52 19 3 118 37
61 66 45 109 85 113 13 16 123 53 87 65 11 12 99 98
45 54 104 101 122 100 93 72 35 29 124 54 32 114 91 94
52 9 75 9 122 88 26 117 13 113 55 24 126 26 122 43
80 98 16 74 70 109 18 106 10 14 32 43 1 124 9 53
5 84 63 127 44 89 117 57 74 44 82 72 70 76 116 22
47 4 97 117 114 115 95 124 2 0 39 3 124 48 56 1
4 119 0 48 80 117 106 27 33 60 99 103 8 87 126 55
92 95 45 78 82 12 74 84 12 114 87 8 34 16 9 39
7 10 87 88 127 65 115 33 125 86 8 6 46 6 61 10
101 106 88 56 119 34 12 3 20 100 12 55 116 21 94 123
31 53 83 31 119 70 64 116 29 72 122 75 79 56 85 52
34 45 108 25 79 121 29 100 93 41 27 81 62 121 76 94
46 32 125 37 102 61 26 3 5 20 78 84 76 35 9 111
80 117 8 32 110 37 4 75 78 31 28 13 24 105 107 70
9 104 108 111 37 6 115 42 26 65 127 103 101 8 86 53
125 94 85 108 4 89 55 82 120 84 95 16 61 74 87 70
109 21 80 40 48 124 16 68 38 74 2 88 51 71 98 61
34 99 9 117 49 94 0 23 42 115 36 8 22 96 81 3
117 34 44 37 30 60 105 68 6 108 28 57 51 127 118 85
98 0 74 19 94 74 43 8 61 79 16 83 47 98 87 36
4 3 74 34 63 51 102 69 31 2 126 82 1 117 39 99
117 114 119 83 60 34 91 122 113 108 77 32 78 36 68 82
39 14 116 102 66 90 43 97 92 42 52 94 31 91 65 20
77 56 103 10 90 66 4 75 46 81 107 124 118 48 78 29
62 66 4 0 28 47 98 121 89 22 87 120 113 24 12 63
81 115 73 43 54 77 119 100 30 98 97 20 18 47 50 81
114 54 81 14 101 51 7 63 73 94 55 59 119 68 122 72
55 67 115 109 16 106 82 46 77 51 67 95 98 117 48 84
43 2 99 16 53 106 79 127 73 7 58 64 75 52 8 2
119 123 112 7 102 66 53 51 117 120 18 87 109 67 44 24
69 15 41 122 121 120 121 66 127 51 2 74 103 10 77 94
6 61 101 108 127 27 31 116 19 49 75 1 116 119 25 57
6 66 52 0 59 45 66 58 97 69 5 72 79 82 39 85
15 12 65 14 39 96 2 59 18 77 60 6 69 85 64 75
24 116 75 83 33 14 13 2 83 18 75 34 100 114 120 115
126 57 1 38 26 3 97 44 81 29 50 22 114 114 97 10
102 45 93 8 59 107 10 14 125 85 48 98 71 40 85 70
98 87 108 124 90 77 40 43 106 90 65 92 77 35 103 51
80 68 59 11 47 70 25 45 27 73 15 99 114 100 41 84
59 21 80 22 98 120 65 76 82 3 40 31 38 15 83 118
84 14 1 3 84 26 48 112 99 63 83 85 36 124 41 95
17 121 117 115 113 55 63 68 58 103 99 96 119 54 86 75
69 87 78 25 113 127 9 84 62 92 42 98 88 83 66 105
77 55 92 62 110 27 2 40 3 102 8 122 28 94 69 97
53 19 123 38 18 4 123 81 97 37 51 57 120 117 35 69
45 127 4 27 27 6 68 30 108 76 24 9 43 93 106 96
112 101 7 3 106 2 84 75 39 7 4 31 125 39 101 42
39 105 69 66 111 9 96 92 86 120 101 1 85 79 97 69
19 14 29 4 97 27 38 106 25 20 34 16 37 31 117 83
122 16 78 28 35 82 53 85 8 77 123 76 15 117 10 34
3 39 38 100 67 76 79 92 96 113 108 6 17 97 89 11
114 39 39 21 121 92 107 1 41 102 77 56 91 88 90 94
127 1 67 66 77 18 31 46 3 11 52 20 109 13 31 95
53 70 116 46 34 95 48 75 70 125 3 33 85 94 0 85
95 67 23 44 85 54 90 88 66 14 109 47 28 12 14 81
83 2 127 117 98 47 65 40 45 68 73 2 34 73 87 1
12 111 46 97 37 8 58 103 23 39 22 51 51 36 4 6
39 3 124 9 51 61 49 96 1 122 98 36 68 58 37 80
41 83 50 78 92 108 54 115 19 76 38 70 113 42 77 24
45 73 33 96 6 82 64 7 76 35 43 16 93 81 97 6
36 19 84 0 127 10 115 18 87 25 88 72 67 37 96 113
110 1 81 116 83 18 124 31 53 39 48 18 120 17 24 29
36 108 29 35 119 17 53 78 42 13 22 110 51 118 95 33
119 48 22 74 66 18 105 119 57 25 9 50 42 33 79 78
14 108 113 5 125 38 83 40 52 105 22 103 95 117 8 86
37 30 32 104 48 9 95 106 35 105 28 77 10 107 28 24
87 13 29 85 52 112 125 104 89 19 79 56 8 87 14 45
118 46 21 38 56 117 16 91 94 44 40 104 23 68 1 111
82 30 68 6 15 65 110 104 84 61 33 92 20 47 9 10
94 31 49 22 20 65 113 114 110 25 90 5 94 91 116 48
122 56 54 9 121 36 113 77 97 18 41 117 66 51 0 32
82 49 54 102 114 39 88 96 64 50 102 30 14 90 78 8
19 4 17 12 40 2 90 9 21 3 127 87 54 127 119 8
48 45 110 34 84 70 3 20 121 105 51 7 67 1 15 86
6 32 99 46 34 61 56 55 64 55 14 119 54 5 127 102
50 110 8 6 52 11 27 45 116 78 52 56 79 67 14 85
99 113 4 6 46 60 61 111 115 76 102 41 81 101 15 4
83 23 10 8 35 37 53 23 115 106 79 67 45 94 24 17
79 28 23 126 88 84 109 75 32 83 116 114 56 3 118 12
27 0 20 62 38 73 85 25 51 37 92 97 3 117 114 82
94 36 82 73 39 109 65 64 23 4 85 42 64 92 46 45
10 60 23 39 37 56 115 43 94 22 95 17 127 86 120 93
122 75 39 33 56 104 97 79 108 55 121 45 19 40 90 29
100 114 68 9 42 55 52 9 77 19 26 77 105 18 42 100
93 81 5 21 57 103 101 38 30 94 83 49 6 45 78 106
31 19 115 74 74 39 83 24 59 109 101 36 127 15 8 93
97 14 114 26 117 87 64 19 54 19 68 60 65 18 39 96
37 26 42 112 66 125 8 125 106 109 33 106 124 42 71 93
56 57 120 45 17 56 64 71 76 4 3 13 22 42 109 60
69 24 44 7 21 52 4 0 33 37 106 29 79 49 123 7
106 115 52 123 43 116 66 119 120 70 4 15 112 114 75 53
10 119 60 31 43 64 31 76 102 9 105 53 58 100 61 37
87 113 32 3 102 99 122 94 41 127 109 25 113 56 79 123
47 11 26 90 76 58 38 50 67 16 103 126 116 36 35 76
22 67 79 124 38 73 90 79 72 72 105 57 0 56 52 48
67 79 10 15 9 49 65 76 65 41 74 53 77 109 1 99
49 80 95 87 26 58 39 98 2 16 28 2 72 80 50 11
31 61 27 40 110 92 117 47 5 63 100 83 45 102 54 94
54 22 53 80 80 92 51 82 108 79 84 52 31 7 64 63
68 91 103 50 55 92 97 61 28 69 16 73 43 70 39 98
92 92 50 44 57 101 126 37 52 83 90 84 90 26 19 30
117 122 80 44 87 49 105 115 118 121 60 34 64 99 4 28
63 54 73 120 28 71 30 80 26 120 36 116 18 55 18 7
50 98 51 9 19 29 124 10 22 56 44 86 27 48 115 90
102 60 83 2 3 113 83 30 105 119 18 123 47 37 2 97
7 53 106 27 82 102 37 105 30 81 63 57 1 50 19 103
110 102 106 114 87 61 16 64 52 34 59 99 71 61 68 79
115 46 106 69 20 15 46 50 96 110 107 97 32 127 72 15
101 50 1 61 111 17 125 36 51 57 7 123 118 76 74 105
122 52 47 15 67 93 65 35 75 45 4 108 44 76 123 17
127 124 78 110 13 76 18 64 5 26 59 123 102 5 101 96
57 20 111 124 113 49 31 61 94 35 41 10 112 36 27 111
24 62 2 69 114 92 54 6 51 109 120 46 70 104 37 125
8 101 104 79 39 102 63 20 96 37 85 100 2 122 58 26
56 60 95 42 24 21 48 75 3 41 121 73 17 31 70 26
4 46 105 44 21 40 64 117 77 21 89 80 16 19 106 72
79 74 115 104 95 35 51 98 76 45 43 94 76 114 120 80
32 97 124 53 10 60 42 87 82 4 39 98 23 18 42 103
92 29 79 59 65 2 30 13 47 73 107 123 59 99 76 92
69 72 17 79 5 60 38 87 64 78 57 87 96 99 62 60
1 13 119 66 16 21 79 63 95 59 59 26 30 7 118 99
79 8 50 84 68 89 43 4 39 100 91 7 72 26 67 73
39 58 11 55 80 90 119 47 21 50 73 52 57 64 23 8
72 74 93 12 35 8 16 74 109 107 81 53 5 20 126 45
78 9 100 30 99 91 77 121 13 23 45 70 87 68 79 31
14 44 43 49 52 59 123 33 38 76 86 44 96 84 89 47
93 61 77 65 25 27 58 38 50 103 109 9 43 60 40 58
104 83 107 28 14 103 62 52 51 20 96 20 105 57 67 70
119 16 7 16 43 65 54 93 40 35 102 84 95 14 14 71
97 121 100 111 96 34 36 20 54 4 40 31 62 107 102 53
123 109 69 39 47 123 4 87 31 107 43 126 121 57 70 91
51 42 74 19 76 110 39 2 115 79 34 49 58 8 102 54
117 43 93 36 38 97 124 69 76 39 68 70 97 10 33 20
52 107 39 0 90 79 2 77 30 36 126 89 44 100 15 34
15 108 70 53 77 66 123 26 106 63 96 75 73 1 95 125
108 6 125 70 85 127 19 116 36 17 77 80 117 92 114 4
72 57 58 21 123 53 47 101 116 15 48 61 16 15 58 125
22 55 67 107 54 87 95 90 104 44 43 94 8 29 98 80
86 28 102 82 81 21 55 69 37 104 2 53 119 60 50 13
115 118 121 42 77 88 4 53 5 47 19 13 77 118 94 35
18 68 117 100 89 45 41 126 21 44 52 12 104 102 26 92
92 19 6 41 107 10 95 112 58 114 126 7 104 92 42 123
32 32 95 121 77 8 120 98 52 44 110 29 18 8 121 111
27 127 24 7 9 119 119 67 106 117 74 82 81 117 77 113
