22 28 77 47 47 41 17 67 82 95 85 3 36 100 116 74
116 111 97 116 21 104 124 46 29 40 38 105 49 76 123 71
104 72 118 23 114 8 90 68 103 47 71 11 20 59 85 8
43 54 125 64 30 121 110 59 33 20 37 82 96 32 26 72
104 16 96 90 24 58 31 127 106 102 10 126 34 95 6 77
22 3 13 52 124 124 112 29 16 21 112 113 53 10 57 29
26 25 120 51 84 23 50 62 125 61 60 31 28 66 108 50
70 122 103 66 118 87 96 6 108 80 119 33 90 49 62 116
74 54 39 30 77 90 92 75 23 24 106 51 91 87 102 33
81 77 99 71 36 67 77 16 19 69 49 109 118 111 98 64
38 9 95 115 99 59 62 122 84 41 46 47 0 20 80 81
97 51 24 5 119 101 21 10 42 70 120 32 53 90 97 91
99 64 79 71 123 13 65 79 54 111 126 54 3 78 7 100
2 31 105 121 5 126 3 47 68 123 80 122 85 49 85 57
113 36 0 108 50 65 60 104 49 58 31 52 9 38 25 11
70 2 4 75 1 7 122 69 3 74 63 88 123 21 17 108
57 17 89 107 83 21 84 4 79 115 56 88 25 81 99 95
84 103 42 85 111 37 26 114 111 90 74 107 111 92 87 40
109 48 20 64 69 104 68 21 91 125 109 116 78 81 84 34
56 126 119 39 35 18 25 19 108 100 126 91 64 85 3 45
6 23 110 75 127 50 96 90 47 78 79 126 31 35 32 87
33 24 127 69 42 24 88 22 124 86 113 60 43 116 106 49
12 88 125 11 10 93 102 58 43 53 56 74 88 88 34 121
112 33 62 26 57 22 48 54 108 33 114 24 22 92 73 34
52 70 45 63 36 19 121 79 72 49 26 32 9 60 26 122
93 88 20 22 111 69 76 91 102 63 115 124 27 61 30 80
3 76 15 39 95 8 119 40 57 17 72 66 77 98 60 42
59 81 64 42 22 13 5 124 76 121 121 103 54 23 55 57
99 70 97 67 78 88 107 7 105 51 74 54 22 6 96 81
87 32 123 109 45 0 106 121 121 99 97 47 122 24 105 94
95 74 33 45 34 12 53 11 63 127 65 85 5 33 38 93
65 33 74 111 34 52 104 27 23 73 75 18 98 52 112 65
27 89 127 46 34 12 94 93 86 92 33 42 9 35 116 39
70 85 4 10 122 104 46 89 19 38 11 41 100 16 22 127
105 21 45 11 34 12 104 120 104 10 35 113 45 23 24 115
108 29 125 102 5 44 63 25 82 74 66 54 90 89 53 68
110 99 79 16 111 56 9 87 66 44 73 111 67 97 98 47
126 95 21 4 11 84 29 94 30 95 20 120 56 74 60 39
45 12 55 28 68 64 115 6 108 60 117 47 30 87 94 28
54 115 32 66 71 61 32 101 29 52 94 85 126 26 124 43
38 52 71 106 116 59 112 97 119 101 16 21 60 111 50 115
98 82 53 42 16 85 15 45 9 109 2 8 8 127 51 46
51 123 25 39 54 9 8 45 111 25 67 43 8 117 30 106
71 83 20 87 40 36 4 50 17 7 58 25 6 109 72 57
104 97 96 30 106 105 76 89 2 15 5 10 4 35 116 75
119 9 35 31 45 39 81 62 46 11 88 52 121 32 109 97
1 78 0 107 55 76 69 57 91 74 67 95 109 55 42 100
64 77 4 109 117 85 44 35 97 4 88 90 36 69 59 37
19 59 16 74 7 85 3 98 31 70 65 13 126 108 113 62
57 117 44 46 75 88 82 44 92 42 6 0 111 65 37 3
125 53 77 4 11 81 103 42 23 40 55 21 20 41 84 78
30 0 124 105 88 78 21 52 120 27 52 104 93 89 107 90
14 56 94 25 9 69 68 33 110 123 54 2 36 10 80 67
10 77 44 98 27 66 22 20 93 74 124 58 35 103 20 50
31 115 75 41 56 15 74 38 11 0 41 47 11 121 114 21
70 31 120 98 97 14 118 62 89 114 121 124 89 13 46 120
0 122 33 57 9 107 95 20 108 8 68 119 2 54 12 72
85 4 42 54 19 32 117 108 18 110 104 107 123 23 100 124
17 5 53 26 113 20 47 93 29 115 84 31 41 96 103 127
101 18 53 120 50 42 100 69 24 76 48 20 99 20 16 116
26 69 15 11 89 62 104 118 49 60 21 90 28 125 89 1
15 15 121 65 57 93 6 82 42 55 102 13 75 118 2 101
59 17 112 20 79 88 11 0 20 32 90 49 29 52 50 44
67 44 110 124 9 116 78 51 43 52 65 119 42 67 92 101
93 62 60 115 122 63 27 112 18 49 42 39 38 3 11 108
40 48 56 35 103 114 77 102 95 105 117 26 28 85 119 122
20 52 109 14 115 8 127 5 57 41 45 95 44 56 76 84
105 4 120 80 118 69 55 86 47 44 112 75 2 104 69 22
28 50 36 15 59 35 20 116 77 65 84 121 122 32 78 99
36 70 51 27 11 106 113 58 23 97 6 25 73 75 47 101
126 83 116 57 119 9 45 68 74 1 61 68 33 11 39 70
81 91 97 93 69 82 23 92 51 29 117 125 105 36 98 103
120 87 32 111 96 77 51 42 79 112 111 112 124 22 54 77
113 23 42 55 105 66 19 29 95 9 26 72 45 124 47 37
83 79 20 51 29 71 94 108 56 77 92 52 99 19 1 85
42 44 12 20 110 31 49 77 40 75 22 86 71 69 123 27
21 16 78 50 87 44 30 15 121 122 67 93 13 69 50 56
113 62 76 95 93 125 44 6 72 66 92 15 8 87 42 29
103 121 79 63 37 109 78 31 103 18 124 117 87 46 45 72
108 121 39 73 118 83 79 62 22 43 77 30 3 120 59 106
113 10 41 22 119 120 53 94 10 49 83 97 95 0 41 75
121 80 21 111 35 100 45 57 16 123 87 19 115 18 125 100
28 39 122 19 31 48 114 41 97 69 10 65 70 51 12 63
3 33 47 38 6 92 96 22 87 55 41 74 74 38 46 102
77 41 122 108 89 108 21 58 49 31 123 119 82 8 55 85
41 102 124 47 66 92 69 26 19 110 100 93 21 19 68 98
60 62 79 21 42 100 79 91 4 75 83 86 83 10 44 124
112 40 44 50 4 113 76 23 96 49 117 117 68 57 87 0
119 38 21 33 11 100 124 15 47 79 101 2 89 17 127 73
57 43 124 61 28 72 85 124 121 74 113 61 3 73 61 122
111 82 27 122 55 23 9 102 103 111 105 64 0 104 10 58
19 6 119 47 78 76 44 72 22 29 5 25 102 67 19 86
21 46 80 76 70 90 51 45 73 28 109 73 4 119 3 23
125 123 70 76 71 114 20 94 16 25 119 118 92 11 76 114
57 29 62 127 119 113 44 64 13 26 9 17 17 13 40 15
8 111 91 79 97 111 45 113 8 37 104 101 48 52 87 105
93 88 82 88 89 87 94 34 30 109 19 24 7 68 118 76
4 60 23 55 2 40 94 91 62 51 62 41 95 103 39 60
63 121 21 24 81 115 58 111 97 77 7 104 17 125 52 22
57 75 77 59 115 43 22 49 94 85 90 61 60 1 122 124
123 15 20 76 2 79 59 99 28 66 75 46 64 127 68 121
74 17 53 61 60 75 110 26 32 72 88 93 74 82 89 69
97 109 17 99 60 76 71 89 14 18 7 78 18 75 72 92
92 125 26 24 72 8 50 105 81 10 70 27 92 31 96 61
12 113 33 73 61 104 34 75 122 41 26 12 116 98 105 80
95 3 104 39 11 26 16 92 37 86 119 1 117 87 63 2
72 96 75 5 72 109 81 66 22 107 79 10 77 56 90 44
59 66 83 70 92 100 35 1 58 26 3 48 114 66 50 58
34 125 64 106 106 17 44 0 124 123 10 73 51 100 117 110
38 72 53 2 44 88 4 103 114 7 23 100 73 73 31 107
70 95 85 48 112 1 48 108 125 58 53 48 30 42 31 68
114 84 70 31 44 74 6 30 81 29 3 26 102 34 5 44
1 90 92 113 92 12 93 89 70 18 9 100 60 40 40 46
124 110 77 40 57 83 71 10 112 74 37 86 108 42 2 109
5 94 94 97 106 59 58 48 77 67 20 9 108 60 55 104
43 5 17 100 88 88 110 73 34 19 31 14 62 34 123 67
0 89 36 107 20 94 27 97 33 48 106 13 108 33 118 23
38 7 123 127 95 106 72 1 125 103 15 59 9 10 126 10
99 34 117 119 0 16 88 34 64 66 47 45 99 37 68 10
44 64 9 11 42 81 12 39 56 27 99 66 37 97 76 8
4 65 127 4 81 87 38 18 25 86 63 125 123 3 7 40
67 16 51 109 97 64 21 25 91 120 91 1 89 39 9 93
104 9 98 58 96 8 76 122 94 11 119 90 14 126 2 82
14 53 63 111 117 84 8 81 76 100 82 38 11 91 3 116
100 101 46 69 110 122 63 76 5 54 38 19 52 40 101 66
94 37 49 83 121 57 36 70 29 118 108 41 82 111 29 54
85 75 123 67 69 58 15 74 112 54 93 36 94 67 102 60
104 23 16 97 81 52 39 110 43 19 23 125 3 52 51 88
97 55 10 34 32 91 80 9 80 27 37 110 30 119 98 96
13 101 30 18 78 121 92 88 107 86 104 63 76 33 32 45
88 42 79 120 5 32 2 86 59 39 68 89 31 38 57 44
11 88 63 89 81 27 49 60 113 25 123 61 58 27 106 19
70 57 11 75 89 13 33 20 53 101 110 84 12 39 0 23
127 63 113 80 90 34 12 75 60 8 8 118 35 114 9 105
44 21 53 5 34 86 26 87 60 8 43 72 47 44 95 47
107 80 127 70 115 12 17 47 20 26 37 55 12 47 33 56
68 86 62 102 44 88 62 104 96 105 48 15 21 16 62 1
96 62 71 83 74 88 2 94 114 40 21 127 87 54 55 27
12 117 1 57 77 63 33 45 41 82 61 62 98 123 63 66
57 6 22 3 95 24 97 81 64 119 80 23 45 8 50 58
125 52 115 75 115 20 120 28 102 53 91 72 49 26 11 106
33 33 110 0 57 79 81 122 70 34 17 116 42 68 46 39
120 33 114 107 53 107 8 28 32 99 100 81 125 111 60 30
16 42 30 74 121 112 68 64 18 85 52 60 25 98 99 17
3 86 125 56 65 5 84 97 104 57 51 101 40 111 4 57
25 34 3 18 18 71 82 36 28 6 96 54 104 68 71 107
26 68 36 91 73 120 60 49 49 111 23 90 94 27 19 119
61 22 10 80 93 92 116 121 99 85 47 75 25 119 55 51
59 91 14 5 83 74 54 5 58 77 95 24 104 114 16 38
8 26 118 101 118 106 94 89 63 14 37 88 5 92 11 64
55 25 69 10 100 124 15 30 73 110 54 50 96 70 88 104
96 78 77 87 56 44 48 120 58 85 80 63 49 92 127 104
117 69 115 89 65 2 119 10 113 46 60 81 116 20 58 85
98 7 44 27 51 92 19 109 50 99 44 99 63 44 76 53
113 63 14 50 65 6 60 50 52 121 4 40 13 62 125 112
69 41 11 121 6 30 102 56 1 19 27 65 63 103 118 48
38 4 98 104 10 30 26 62 23 30 103 37 92 100 21 34
14 32 27 20 62 1 76 63 20 103 0 83 79 118 3 117
123 101 93 5 4 120 68 27 22 43 64 115 15 85 21 29
117 48 49 51 49 125 115 70 101 115 25 52 106 29 41 101
89 22 80 64 76 81 90 70 17 64 58 54 127 84 88 56
116 39 29 6 21 126 12 13 97 75 26 39 29 12 43 119
35 123 55 111 76 18 53 94 82 112 20 81 68 108 10 56
19 39 63 41 37 75 54 7 22 80 46 52 92 89 43 127
84 98 110 33 116 36 127 70 20 19 24 88 0 34 17 19
73 80 60 111 27 114 118 50 66 36 102 31 125 17 30 81
115 13 114 104 49 113 46 69 5 70 29 5 104 46 24 50
126 85 33 26 71 23 76 10 59 50 41 56 67 71 9 54
84 124 30 5 109 77 74 114 19 104 119 124 22 16 46 21
101 79 47 44 102 123 54 33 45 95 89 112 39 98 38 123
94 69 1 76 18 75 62 37 51 54 33 74 70 79 95 43
30 14 87 4 9 14 37 54 109 126 38 20 97 76 16 63
17 17 11 35 92 74 73 16 0 106 90 70 58 57 113 88
71 72 93 80 86 2 6 68 1 44 88 98 120 104 33 10
121 45 45 86 119 118 102 119 97 64 61 27 121 46 115 64
118 80 16 77 83 22 17 84 66 105 54 58 82 87 68 75
4 114 33 123 104 7 114 73 71 47 100 64 93 88 0 84
40 16 33 123 38 50 79 104 27 5 35 109 93 103 57 97
89 90 93 66 98 79 11 41 127 112 106 92 72 106 48 112
123 81 108 33 3 59 10 31 65 45 12 30 20 69 127 110
32 92 48 2 44 59 43 43 43 21 7 115 0 56 100 123
9 80 28 13 11 38 44 76 83 56 106 104 126 106 86 30
70 6 32 114 65 75 29 109 97 37 96 97 93 68 92 102
20 120 115 32 31 31 108 114 88 87 90 86 65 48 116 7
54 20 122 120 95 23 101 64 60 69 33 25 10 125 0 30
118 115 62 21 19 43 7 107 2 98 65 67 18 53 74 73
73 68 65 40 92 38 105 24 107 10 50 117 8 50 20 126
37 82 19 56 125 26 35 127 124 100 66 15 25 13 88 98
81 25 11 45 63 116 70 42 126 120 32 6 42 52 4 79
6 23 8 4 50 43 3 46 16 70 61 41 83 21 12 36
46 23 82 109 11 24 24 9 16 56 16 58 108 20 9 114
44 17 118 94 61 122 12 77 64 74 118 19 95 2 55 14
65 3 106 92 54 24 4 115 55 62 92 67 56 78 74 118
80 33 59 8 26 46 6 30 46 69 120 8 62 54 20 127
57 126 91 111 23 96 98 78 30 63 17 86 13 91 77 93
125 8 101 23 54 108 53 100 49 45 108 111 99 0 110 28
127 74 11 22 42 110 100 72 45 118 30 58 81 107 23 78
115 125 101 42 105 27 14 26 72 123 10 44 123 120 72 122
66 84 16 108 66 117 52 111 107 83 41 60 62 64 11 50
61 112 92 38 11 106 65 84 101 75 0 97 67 72 91 6
28 108 114 94 97 39 77 76 122 118 8 56 55 19 106 116
4 70 27 15 49 92 99 22 39 99 119 106 44 83 112 72
63 99 39 32 10 116 108 4 107 116 60 34 8 39 22 12
109 49 27 30 13 127 53 52 98 44 31 14 127 15 87 62
114 126 94 124 114 74 0 93 63 61 127 71 100 22 83 81
71 110 112 85 109 37 9 80 81 40 94 81 56 53 15 42
51 110 39 38 56 39 3 119 100 3 62 72 25 17 26 96
0 10 53 109 47 63 61 0 103 28 81 31 81 97 74 5
79 113 43 7 24 46 127 125 49 61 69 74 79 95 43 79
105 96 60 24 31 122 25 7 22 106 38 103 75 112 108 26
97 23 34 122 70 33 119 119 94 60 66 45 28 109 124 5
77 57 30 109 51 55 116 73 33 26 48 109 11 29 7 108
52 41 102 122 74 93 114 41 26 52 86 54 33 83 59 110
12 89 91 63 16 79 8 50 106 56 31 117 85 38 97 10
80 72 4 26 37 118 67 63 42 26 117 75 109 49 58 121
10 21 56 27 101 64 77 79 120 108 68 78 18 37 88 98
109 92 125 19 83 64 82 125 90 72 73 71 121 3 64 3
24 120 30 125 56 107 76 49 87 16 127 106 54 87 76 35
51 73 54 6 10 9 4 100 81 77 44 74 80 108 77 104
101 108 102 29 87 50 78 47 67 77 25 121 36 101 28 88
47 83 94 57 92 98 29 45 47 73 119 127 54 68 104 27
48 78 56 8 0 7 55 67 84 80 60 121 53 89 81 100
44 47 29 8 18 59 53 65 4 44 65 58 112 41 85 33
119 14 41 119 21 96 59 105 48 119 98 101 80 51 74 124
53 120 9 75 34 86 31 93 9 106 111 18 19 89 15 3
70 91 2 84 27 96 90 13 33 77 120 96 43 22 102 97
14 111 44 49 70 75 14 79 54 126 97 73 87 112 76 29
76 78 113 103 47 75 116 80 24 109 48 68 3 23 37 17
6 81 66 76 28 81 27 82 79 125 27 38 109 104 68 57
54 53 33 101 1 21 54 25 2 102 93 5 125 2 23 4
83 89 80 112 42 108 66 121 105 94 32 86 70 100 16 124
25 49 98 26 70 24 52 73 126 17 78 124 20 101 0 103
63 80 87 105 60 26 99 37 120 3 124 62 103 12 58 0
61 28 27 3 52 79 76 51 96 27 47 116 0 47 92 63
127 51 41 60 77 12 97 69 15 93 3 118 105 62 118 38
90 17 42 15 96 118 66 65 17 113 53 18 32 17 81 31
69 122 91 18 6 61 88 21 26 91 11 4 25 2 42 116
19 84 3 116 75 69 53 92 54 106 110 86 124 64 117 65
58 81 83 65 14 43 86 40 7 98 44 32 100 87 20 119
43 23 107 118 92 32 83 18 11 65 104 7 1 94 72 60
47 27 125 61 71 83 101 78 53 18 110 25 105 3 17 20
26 124 11 119 29 94 9 40 31 114 47 33 80 119 93 127
18 90 60 89 45 33 39 99 51 22 124 28 25 13 49 51
10 60 42 39 26 52 79 57 38 126 90 118 117 55 117 7
17 49 97 63 82 8 34 6 30 30 34 55 44 83 107 54
15 21 93 41 73 44 99 111 42 61 101 31 117 90 38 6
11 7 69 94 16 103 100 46 6 6 102 50 90 81 104 105
102 69 19 48 113 118 31 27 51 5 58 40 95 96 47 107
104 116 73 120 92 45 38 98 51 12 20 13 93 124 119 68
65 10 116 50 0 19 77 51 24 7 92 120 103 11 99 79
127 44 71 91 89 110 61 12 122 81 26 88 77 17 28 14
27 16 64 27 35 13 78 60 20 42 52 124 53 23 75 53
67 19 16 28 1 78 40 123 31 66 83 109 83 111 123 110
127 60 9 35 73 88 95 94 2 19 90 56 42 37 109 109
56 125 9 57 75 49 53 107 116 8 88 71 120 83 54 119
15 63 26 89 23 121 55 26 12 17 82 54 54 63 35 111
84 18 45 96 3 116 99 74 7 61 53 124 80 93 100 34
107 123 104 87 23 35 125 99 28 32 76 95 44 48 42 1
66 87 97 69 75 68 15 83 2 68 79 82 33 52 116 13
47 92 100 70 127 97 42 27 1 118 122 46 38 36 47 104
123 16 45 71 84 60 26 86 1 105 40 34 29 28 47 76
121 19 19 120 116 61 20 118 51 14 36 90 51 83 66 46
99 112 117 55 44 15 14 45 121 54 80 22 83 127 99 76
19 118 68 7 51 88 125 102 103 33 64 26 116 3 72 87
115 62 15 31 77 29 77 70 83 29 93 38 28 64 114 47
54 55 55 105 15 52 79 118 86 16 16 74 19 89 34 6
23 49 37 100 78 114 43 33 15 8 72 44 72 58 91 126
113 18 103 1 71 54 119 29 70 8 103 89 97 9 95 120
58 5 92 8 119 7 42 7 15 114 51 87 44 14 85 30
33 60 31 104 115 22 5 57 30 108 19 127 118 114 119 48
119 84 57 111 91 99 118 107 85 41 66 1 55 24 31 88
84 62 64 71 85 69 1 115 50 20 115 40 6 106 88 126
62 17 109 26 116 99 5 73 12 71 75 67 95 106 28 52
41 92 123 126 34 124 113 84 16 100 124 23 79 84 21 13
102 2 39 90 101 44 36 113 116 111 52 83 89 80 7 2
45 3 0 79 127 114 35 16 86 31 39 37 115 60 51 89
62 90 52 35 7 88 20 123 71 72 78 32 25 86 35 70
89 35 21 88 21 56 104 108 87 15 17 74 75 68 36 9
31 88 44 38 48 64 33 119 9 111 23 34 69 58 104 30
94 125 119 115 53 95 95 12 111 113 86 58 53 122 68 84
82 112 122 2 49 27 121 58 11 17 92 80 75 68 111 41
65 102 29 118 69 124 2 52 109 88 111 35 83 51 119 37
35 114 40 84 13 33 14 24 50 106 105 126 46 88 39 111
62 68 101 3 65 103 56 46 64 39 81 19 90 73 56 125
59 96 82 72 2 96 97 52 75 74 50 121 34 90 105 96
30 78 99 95 54 27 14 118 66 95 9 28 40 65 26 99
34 108 44 36 76 13 88 23 87 11 17 121 101 122 89 3
72 60 99 126 88 113 116 26 80 125 55 121 63 81 92 97
98 56 126 110 101 19 33 68 41 107 115 31 71 33 33 57
75 120 112 75 88 25 25 71 33 92 79 79 114 106 41 84
34 39 67 7 58 100 76 100 79 63 3 22 97 36 80 44
28 64 119 116 90 16 60 123 108 11 74 94 118 115 51 24
27 118 32 85 90 108 57 41 43 60 63 12 97 15 56 125
80 47 114 42 64 46 37 44 57 112 11 47 99 62 72 126
52 104 84 14 84 13 55 127 74 118 12 43 6 68 40 86
116 26 0 52 72 37 96 2 21 107 49 121 41 121 119 93
97 75 107 53 89 34 53 35 25 65 78 31 5 118 117 121
17 117 45 89 26 14 91 48 121 13 41 35 6 32 0 104
108 108 29 69 14 82 104 39 19 54 70 25 44 59 18 61
48 64 23 75 78 114 123 71 127 36 106 6 68 107 110 48
87 11 117 101 94 93 13 113 19 83 10 64 15 29 125 63
93 20 10 43 7 5 114 6 41 93 12 110 72 122 30 31
6 20 4 100 113 17 85 5 101 96 69 116 125 66 51 90
87 62 5 94 67 119 100 109 84 113 91 28 107 121 59 113
13 64 85 127 81 43 4 54 11 73 42 8 11 94 98 98
28 103 64 95 94 37 76 51 22 39 79 1 33 11 115 46
75 72 45 28 115 49 83 126 122 125 6 6 91 104 104 119
79 41 87 46 78 35 97 100 75 48 101 108 59 88 26 6
33 72 35 20 121 118 19 116 115 25 122 79 2 98 70 81
11 29 127 89 65 96 61 12 17 35 120 76 123 18 83 28
90 118 49 84 108 68 72 95 93 66 46 95 36 117 49 48
18 48 9 83 17 71 95 34 106 87 110 101 106 65 2 68
55 51 24 35 119 96 3 84 34 49 52 71 38 101 119 57
21 0 12 38 71 108 72 49 67 55 23 45 120 25 114 48
76 10 83 67 107 86 23 13 8 75 84 46 48 75 103 70
76 116 108 19 96 53 69 35 108 92 81 100 117 67 20 65
77 104 4 56 62 27 70 70 103 26 117 23 102 92 93 50
80 74 69 48 127 10 84 107 102 37 79 91 104 100 28 53
76 32 110 10 60 52 81 35 78 70 58 52 34 24 102 115
98 44 35 97 54 119 76 29 28 27 120 4 127 21 58 75
