18 86 107 46 66 80 123 77 32 18 62 27 37 29 46 56
1 27 52 26 45 117 100 1 69 28 43 81 112 33 77 3
119 56 49 57 9 44 6 41 63 68 68 100 97 115 29 99
14 81 125 59 70 98 60 11 126 103 93 111 8 42 114 127
99 35 57 108 79 63 21 14 4 89 115 101 76 16 72 90
97 70 21 39 40 81 50 38 57 15 21 65 58 7 65 29
42 122 9 122 57 30 8 61 119 123 35 68 11 107 30 108
49 52 19 89 5 70 0 62 85 21 0 15 29 65 44 71
59 53 65 116 83 74 50 75 69 85 15 81 64 45 61 114
97 81 75 103 23 75 37 108 97 37 124 126 102 40 69 33
94 7 22 49 81 72 124 22 29 11 103 93 57 37 79 26
118 27 1 13 102 39 121 71 76 117 69 51 30 11 84 124
18 106 45 99 50 42 121 79 53 97 45 110 6 124 9 124
23 10 9 126 49 2 69 126 120 11 49 22 22 5 18 40
112 63 11 34 105 4 114 31 101 31 13 107 27 22 103 51
33 112 49 82 115 118 80 107 1 1 1 23 7 19 63 119
82 74 25 60 79 11 91 52 42 104 32 70 127 7 121 32
120 42 114 107 32 67 86 34 68 87 57 75 106 121 66 60
67 92 120 18 103 83 71 18 60 103 88 59 110 81 91 102
123 77 81 27 16 39 61 85 126 119 32 104 112 99 37 51
63 29 70 38 113 13 56 45 116 16 104 98 97 67 73 92
16 26 120 33 66 53 118 64 44 22 41 28 121 78 80 56
107 22 95 92 35 23 9 23 40 113 121 9 52 66 102 69
93 94 102 31 19 92 95 64 114 8 92 108 86 44 36 66
66 3 30 101 27 40 124 67 25 118 76 78 56 50 19 21
16 121 52 36 85 20 100 71 28 64 51 115 109 88 53 47
91 83 21 118 123 17 57 21 7 6 99 64 56 118 85 73
111 10 109 68 30 81 11 58 17 63 45 126 23 98 46 114
54 67 105 49 84 34 70 92 40 41 28 97 31 113 42 14
123 23 82 25 104 94 84 121 29 1 120 52 100 38 38 26
105 15 75 61 50 18 25 90 59 53 59 91 39 101 105 34
124 60 60 100 26 16 94 55 17 86 107 117 124 17 15 101
26 83 99 31 39 99 121 35 2 66 43 123 55 71 42 60
71 5 48 20 112 94 90 79 53 36 66 14 24 70 126 51
25 97 82 64 69 76 100 71 14 15 67 69 87 109 1 30
114 49 50 99 16 13 50 69 49 116 83 74 58 81 125 83
51 79 20 120 27 120 63 42 7 2 111 94 112 113 125 98
34 47 69 50 60 119 119 110 108 74 56 38 28 53 122 79
4 14 71 32 6 6 74 13 9 57 108 121 42 105 91 77
24 33 127 85 24 119 67 4 65 123 43 93 48 37 44 52
51 115 84 57 122 30 70 3 88 50 124 2 27 87 79 52
120 79 9 17 70 76 21 7 71 64 101 119 101 17 43 24
5 0 81 127 30 24 2 118 74 126 121 102 85 72 26 78
23 35 95 93 111 116 101 54 53 74 45 26 91 88 51 96
88 4 95 119 28 97 109 103 95 102 77 53 47 103 3 70
10 98 36 121 86 9 47 11 83 92 38 46 52 89 15 13
93 110 4 122 80 113 97 47 88 46 100 7 21 103 77 31
73 113 24 32 122 71 43 77 35 81 124 87 42 11 100 8
121 104 2 73 90 99 121 50 17 93 57 38 69 6 69 14
120 93 46 114 36 90 64 71 43 60 30 86 71 3 94 64
107 96 10 69 67 3 119 84 96 48 122 37 55 63 52 47
28 98 33 64 60 97 7 104 29 37 62 100 40 28 37 20
124 47 89 63 50 81 19 18 1 13 56 56 76 108 103 104
78 9 40 11 106 47 115 8 84 49 108 125 77 17 17 73
64 106 8 114 59 27 5 61 40 61 117 116 41 93 92 119
102 4 2 80 51 117 88 7 38 69 4 115 86 21 60 23
0 68 9 59 95 14 120 7 75 110 123 116 75 87 108 49
91 110 1 14 100 90 22 10 31 26 126 117 48 58 12 48
127 22 107 94 36 100 102 112 82 97 100 29 57 80 78 20
63 79 35 35 41 57 45 72 83 43 62 3 102 74 51 101
96 31 67 5 3 41 117 85 11 89 114 68 42 64 88 105
15 123 12 57 52 57 1 8 101 63 11 75 10 63 48 106
94 115 111 97 29 100 54 40 62 40 108 104 104 68 81 119
64 93 48 116 22 50 124 123 113 8 70 123 71 118 102 37
62 23 111 54 23 63 6 96 77 117 79 118 101 13 25 24
14 118 95 105 29 48 62 113 116 103 72 125 33 42 43 95
66 26 21 89 89 27 57 38 16 9 29 117 22 54 13 36
44 108 13 73 28 76 58 16 51 2 13 84 45 56 51 111
82 72 72 43 99 1 81 115 10 110 104 32 36 117 68 80
97 82 25 125 30 83 13 81 86 26 37 3 82 88 114 36
32 58 79 3 59 32 118 70 15 94 102 51 83 43 4 52
125 29 49 27 113 62 108 71 88 17 74 42 105 60 78 9
118 29 12 49 61 2 119 76 96 94 0 51 9 4 103 6
33 24 33 18 86 13 89 46 30 35 88 7 95 38 16 85
67 28 7 0 30 126 77 126 92 77 49 101 81 24 107 114
48 12 5 6 25 94 52 55 2 12 62 97 50 78 55 117
106 62 117 8 60 66 6 25 15 55 126 96 79 106 83 127
118 88 5 16 54 57 71 56 69 6 26 119 84 81 108 63
15 98 71 75 36 78 100 52 5 99 20 85 77 103 84 67
63 90 83 118 19 27 46 89 33 72 80 117 25 61 52 40
31 124 116 67 74 88 119 79 59 12 36 8 115 121 76 51
83 31 41 102 58 87 63 91 32 16 81 57 77 5 98 108
1 86 47 75 46 39 27 106 51 63 114 38 56 62 89 11
94 2 114 24 90 49 116 122 65 69 51 14 74 21 122 76
107 42 23 26 81 50 4 4 114 118 42 42 53 4 54 19
6 40 43 96 89 31 90 27 100 14 41 47 35 36 123 15
78 18 41 31 69 45 35 55 35 77 97 88 81 23 107 88
63 23 56 25 54 19 52 27 33 93 74 68 1 69 83 79
87 124 110 28 41 17 83 77 95 53 37 48 76 17 8 12
40 65 37 94 84 89 121 117 54 67 57 56 8 13 7 96
9 118 124 51 7 80 0 102 5 37 23 81 54 31 93 94
96 2 61 52 91 54 41 18 122 99 74 2 112 81 98 121
71 95 44 79 47 44 53 52 82 76 5 8 108 99 103 76
101 36 1 65 90 42 83 84 13 29 87 125 110 57 119 54
24 35 5 71 80 58 123 34 7 1 42 115 100 17 63 73
53 64 10 16 107 93 100 120 122 59 118 105 117 109 31 13
105 4 99 114 92 101 110 61 110 111 2 14 67 13 106 92
15 30 99 14 4 29 78 7 53 16 31 51 13 54 87 118
58 58 105 22 31 87 83 13 71 86 27 10 99 5 102 114
35 74 0 39 103 79 46 28 95 78 80 108 4 39 99 62
97 76 85 0 35 40 13 106 126 40 117 97 45 91 83 80
37 84 120 12 35 38 41 2 116 121 110 120 32 81 55 1
29 12 1 65 52 14 43 51 54 32 20 99 124 104 51 33
60 43 46 95 82 87 97 70 80 79 63 112 33 118 113 62
2 114 127 54 0 43 105 54 75 126 25 71 102 76 105 34
120 23 1 74 110 98 16 62 49 79 46 82 69 31 17 71
17 16 126 17 59 103 71 7 101 96 78 75 44 55 109 36
78 110 110 60 80 127 122 2 78 40 84 20 71 101 91 88
118 89 105 49 65 48 56 38 16 7 114 61 62 95 97 13
78 80 73 30 79 68 32 29 108 117 49 52 90 13 12 80
102 118 2 39 38 58 78 55 65 64 116 0 31 85 13 109
37 86 12 116 26 44 18 7 33 67 59 124 80 71 76 55
61 78 94 100 9 44 27 74 108 15 74 12 100 87 121 10
46 5 126 72 50 16 79 83 84 10 79 36 82 28 91 15
106 58 115 115 102 14 62 83 29 8 95 2 96 88 12 14
94 10 86 16 27 38 99 111 48 51 19 2 79 111 18 57
41 5 45 15 20 107 98 49 115 65 51 83 26 63 97 120
74 56 8 101 94 107 84 14 30 103 17 109 86 35 39 127
40 84 15 60 63 113 110 50 51 33 6 77 97 103 69 43
31 77 16 125 56 100 12 87 75 29 68 34 64 107 33 104
63 48 37 126 34 19 49 85 52 55 34 21 30 103 64 62
52 80 59 108 52 71 67 0 100 8 34 36 115 67 13 51
116 50 49 22 69 98 107 121 25 13 15 56 116 79 118 40
32 49 20 84 121 88 84 93 96 118 2 83 58 15 6 46
65 56 68 6 26 47 127 52 60 14 108 48 94 98 88 126
19 108 82 12 68 39 106 36 29 108 120 87 123 126 5 60
54 73 66 81 120 65 5 52 80 113 100 46 83 60 44 102
41 126 115 109 37 93 18 67 73 10 26 68 8 32 0 63
89 120 45 21 55 116 82 88 11 16 117 34 95 96 120 36
89 123 60 27 46 99 57 33 9 77 75 27 111 40 78 73
32 123 94 87 111 48 48 122 64 37 28 31 5 20 67 94
16 127 121 62 99 51 95 108 0 43 7 111 83 85 56 115
80 22 74 63 70 122 57 6 31 85 38 36 106 105 3 122
105 124 56 76 47 24 56 47 67 63 31 22 20 87 9 100
110 83 35 52 78 92 59 109 49 97 18 27 74 21 21 51
17 78 127 65 102 55 112 41 118 15 63 10 103 72 110 85
27 17 9 105 109 68 87 31 37 105 58 112 126 80 35 15
30 35 80 4 90 65 45 81 80 108 91 55 52 74 12 79
91 22 57 73 90 16 104 0 121 34 112 119 114 19 6 16
54 87 20 17 24 65 98 104 45 61 32 97 7 44 49 99
66 106 44 29 122 20 29 115 54 13 106 41 32 112 57 87
71 78 104 95 15 74 72 61 7 104 30 15 20 79 114 87
57 30 116 51 50 17 38 104 30 16 17 62 1 75 21 72
25 125 40 40 71 112 101 79 88 4 94 108 83 80 67 13
110 55 64 32 72 103 8 102 119 26 37 120 101 58 65 126
56 105 38 127 89 12 78 49 16 44 29 99 124 97 112 106
24 49 10 97 24 19 71 15 45 108 8 18 39 73 16 95
50 54 94 11 66 45 60 82 89 89 54 86 58 38 64 83
87 75 52 111 94 123 127 11 104 7 29 15 80 45 110 2
99 76 13 38 121 73 120 83 34 46 41 93 85 105 48 44
52 100 28 18 95 27 29 71 34 58 86 114 103 68 116 75
17 1 113 10 74 105 93 108 24 6 73 109 112 121 25 36
93 53 55 61 80 84 4 114 15 91 100 118 31 88 65 48
89 50 59 35 28 24 16 52 31 89 33 15 83 58 51 48
112 106 109 64 63 114 51 78 77 23 68 108 112 6 29 73
56 88 109 84 112 125 8 15 86 41 30 41 100 82 90 84
60 71 20 123 57 71 73 6 95 14 115 79 20 16 24 76
104 5 33 88 2 41 104 89 83 6 2 55 88 92 11 21
36 31 16 93 103 90 100 70 104 87 21 124 103 45 72 79
51 105 39 53 19 15 14 102 22 17 29 110 109 40 3 17
11 67 59 119 126 57 119 65 64 20 7 52 35 43 23 74
52 115 62 122 24 71 104 68 80 50 92 120 114 112 86 125
51 17 116 49 75 107 114 11 127 122 64 34 37 87 108 89
74 42 84 98 114 60 38 66 110 3 58 96 115 16 93 38
34 81 87 109 60 74 120 59 68 56 93 105 15 74 67 89
116 23 59 102 83 98 41 65 101 99 33 88 116 126 126 22
79 85 3 11 31 123 70 99 52 35 77 67 109 16 29 98
39 88 72 122 58 113 59 31 85 92 119 73 90 117 95 41
75 98 52 106 93 122 78 17 29 27 85 11 43 114 109 82
74 53 76 5 39 7 36 124 99 28 69 61 17 36 102 92
6 26 71 99 20 21 117 49 48 74 60 91 60 41 45 6
95 121 11 6 0 48 2 99 76 71 32 93 107 6 58 113
32 1 84 52 22 73 101 70 19 34 33 79 75 78 86 42
71 97 48 71 17 50 42 93 121 74 59 100 80 117 85 112
118 42 36 12 115 9 82 7 43 115 86 119 65 44 33 8
14 82 79 31 4 121 125 126 67 56 98 19 45 56 3 35
98 39 47 85 48 1 92 92 116 51 83 53 95 116 61 109
70 12 13 75 5 10 73 72 66 43 91 111 99 94 18 69
5 65 27 53 66 119 17 54 42 100 107 10 89 40 119 31
52 4 106 57 14 51 1 80 95 92 63 66 58 81 8 63
18 35 116 84 26 6 10 69 106 117 79 67 29 70 99 81
75 77 10 89 1 11 42 96 103 105 34 33 59 42 96 77
77 85 34 104 91 44 45 69 34 124 9 63 66 108 17 13
57 27 103 58 39 17 26 14 122 61 48 53 103 16 3 53
101 37 29 64 81 74 6 115 70 15 51 8 123 68 22 52
95 125 111 6 14 9 21 8 70 69 62 46 85 65 99 59
102 0 123 55 74 1 43 16 16 94 24 11 34 46 64 1
43 47 8 57 56 29 66 127 98 0 45 55 65 16 114 39
16 110 94 90 111 9 106 0 103 2 11 9 49 75 11 92
122 19 22 51 48 88 50 18 88 95 73 25 111 60 64 127
42 30 89 25 40 67 25 15 69 37 25 118 112 36 83 107
55 105 30 103 65 80 121 25 47 66 50 30 126 114 29 40
52 29 122 73 84 15 106 40 119 46 73 113 37 24 122 3
23 45 2 42 75 121 121 89 94 104 38 14 91 118 21 16
20 15 89 104 31 67 16 22 113 89 7 23 113 1 26 8
46 28 50 121 21 43 83 115 19 121 2 111 112 23 127 4
38 88 108 69 27 124 91 13 85 98 36 70 99 62 78 18
90 1 11 112 44 94 99 64 88 101 47 72 124 46 76 35
6 56 104 33 52 68 46 9 38 82 79 10 16 29 28 107
30 39 91 75 6 62 11 94 36 58 38 32 104 114 67 110
42 44 15 94 112 62 103 22 16 54 32 33 83 60 12 114
100 103 61 106 37 72 72 73 2 110 106 106 96 45 88 10
89 103 104 73 37 79 96 54 5 0 87 88 61 99 74 33
74 7 11 111 79 83 57 81 65 35 59 33 80 19 43 42
123 19 115 32 98 83 86 103 84 45 63 17 16 10 50 90
17 61 74 97 16 3 50 81 38 110 114 118 1 29 32 124
48 20 29 18 103 115 121 59 33 56 76 49 66 126 12 84
59 86 53 75 89 103 28 127 85 14 117 87 43 22 83 91
42 112 109 17 100 102 77 5 31 25 54 97 24 66 53 83
24 106 31 113 82 59 112 39 74 102 126 117 124 82 81 38
66 62 55 38 37 4 43 68 30 98 37 54 36 91 9 61
69 40 46 23 100 31 63 46 5 61 35 1 15 116 39 82
51 94 120 88 99 36 28 1 6 65 55 42 28 64 103 98
105 22 121 77 53 56 123 58 118 30 59 5 19 98 87 70
64 80 30 35 116 58 36 122 123 91 36 24 28 12 122 5
34 115 82 87 44 77 17 34 107 76 39 126 46 127 68 110
79 98 18 67 28 54 61 24 18 97 48 46 109 42 51 15
29 5 102 73 82 119 107 61 67 19 60 113 18 0 96 97
99 114 36 127 40 97 23 58 66 71 104 48 113 27 63 15
32 38 88 114 29 68 48 97 87 108 82 105 108 50 74 79
36 110 79 77 79 102 7 17 46 112 65 31 11 1 46 44
39 7 30 68 75 78 37 34 58 120 11 39 42 85 118 79
67 69 28 18 44 35 35 90 19 101 121 31 102 40 75 13
47 105 81 122 56 119 28 114 111 39 25 25 124 16 104 63
114 3 19 12 34 13 24 50 40 78 65 52 102 104 52 115
11 79 13 93 94 72 104 123 79 58 85 116 78 76 72 65
79 91 77 114 105 101 36 17 52 101 69 26 77 122 13 89
73 27 54 39 99 31 35 51 89 120 39 40 68 112 105 20
75 54 6 52 28 42 69 80 16 11 106 93 5 119 54 78
18 109 118 118 12 25 41 101 17 80 13 86 64 118 106 12
45 112 64 73 26 6 25 42 17 3 8 22 122 62 100 13
43 90 3 55 115 44 29 5 124 42 91 61 33 69 73 78
53 9 23 79 15 48 122 32 51 2 54 45 64 27 58 108
117 61 35 105 105 64 110 102 107 73 35 12 14 108 90 67
117 113 18 5 33 12 37 84 14 92 1 79 119 60 59 108
121 94 85 99 31 67 73 10 12 108 22 26 88 112 93 77
97 112 82 2 124 120 86 11 84 87 90 75 19 21 55 13
115 13 112 18 80 57 28 93 37 50 119 125 34 85 74 3
69 29 5 65 21 91 76 105 51 38 52 70 59 107 83 47
120 67 65 73 124 94 38 33 16 29 30 51 114 105 54 55
6 60 121 27 23 69 4 74 108 56 17 39 35 100 86 28
40 24 101 36 118 11 70 6 40 100 57 27 77 112 82 83
44 75 110 67 17 114 14 125 42 31 36 78 3 123 106 43
19 79 80 9 90 22 15 2 122 73 29 72 57 112 27 101
59 10 40 76 124 54 73 39 85 110 117 89 105 95 4 124
46 84 5 8 106 20 10 101 93 40 45 22 24 72 123 83
82 36 32 79 90 105 118 48 87 107 9 64 74 13 60 120
98 65 0 76 86 10 49 51 50 94 74 74 39 69 30 121
105 62 72 68 39 62 116 127 41 125 63 115 10 124 107 108
61 107 57 19 118 106 71 40 73 17 115 112 86 17 105 64
79 50 4 118 112 120 117 26 117 53 13 127 49 121 108 110
100 37 2 90 15 73 3 88 90 118 72 48 7 50 112 86
100 116 76 84 108 66 110 97 119 124 97 40 117 77 22 89
114 24 52 1 97 55 90 59 45 34 108 52 84 92 10 56
81 86 13 61 24 123 31 15 119 0 55 108 77 78 70 63
102 122 64 72 49 26 3 94 61 111 18 17 76 28 74 29
95 88 43 125 23 94 84 50 12 49 70 93 36 67 75 81
7 100 94 94 41 74 51 34 6 4 52 68 97 11 47 64
100 91 61 123 57 17 46 70 67 116 35 103 55 111 56 62
83 23 28 124 97 79 31 103 84 83 43 53 94 91 117 66
54 51 62 111 68 108 53 7 96 89 110 23 72 39 85 27
62 114 23 31 65 54 7 21 9 50 74 104 13 64 42 67
115 104 51 55 84 104 63 52 65 45 75 9 84 33 36 18
19 60 50 84 114 57 106 124 107 52 100 121 116 14 60 103
119 111 31 75 88 94 0 25 11 75 35 96 108 71 114 127
3 36 84 118 93 62 114 73 114 86 66 103 100 126 78 91
110 109 39 70 75 39 95 87 114 2 55 95 74 41 94 77
78 50 67 43 112 53 116 99 11 54 74 112 53 24 75 35
6 114 105 81 25 72 40 12 75 95 107 21 9 73 98 87
124 38 2 108 91 119 79 103 45 25 87 98 50 34 5 56
21 110 9 46 55 50 58 2 17 37 23 26 111 121 113 107
31 116 87 123 107 39 98 24 64 57 123 114 91 0 42 112
111 52 31 38 102 89 40 119 127 63 18 110 56 3 89 88
119 48 83 98 87 53 123 24 110 118 10 73 118 53 58 101
105 89 11 79 50 51 70 49 114 88 31 43 92 120 3 83
41 86 54 0 11 49 24 121 39 35 66 29 88 124 3 65
85 14 16 8 66 86 57 52 47 89 95 11 81 98 94 122
56 20 123 67 69 19 60 108 54 127 10 14 123 13 79 81
27 95 89 93 54 18 18 101 107 113 112 61 84 78 55 12
99 50 80 40 70 12 21 124 11 31 11 7 44 90 88 71
58 49 37 112 67 55 85 47 40 69 108 124 19 35 9 118
86 89 31 28 101 52 24 113 83 35 120 127 126 80 70 56
1 107 40 68 34 125 115 75 66 95 71 85 3 80 76 89
41 107 117 15 31 13 0 114 49 120 113 47 72 55 103 73
35 15 13 69 12 1 16 78 96 88 35 99 40 111 60 82
90 49 97 121 63 97 107 112 89 92 31 33 20 6 106 55
21 119 124 33 120 13 111 89 101 18 60 13 2 121 95 92
42 64 86 105 33 65 89 122 30 120 27 50 126 5 105 19
52 26 37 42 7 71 74 108 77 17 78 54 83 15 84 4
10 99 127 70 63 28 42 73 41 92 48 84 77 2 11 1
28 48 43 35 120 118 16 69 7 94 124 90 110 80 94 120
52 93 62 115 121 104 61 35 68 109 119 17 111 2 18 11
51 62 47 43 52 63 112 59 29 108 21 11 61 115 3 113
80 65 100 73 41 33 108 109 15 99 126 126 102 17 10 25
79 57 68 3 120 52 62 21 33 83 33 94 70 36 79 22
102 51 95 15 85 76 125 100 47 123 98 21 12 108 46 91
37 114 94 29 39 28 51 72 111 84 38 53 120 117 75 94
40 43 110 125 119 107 97 38 102 68 60 115 48 106 78 86
93 45 115 4 73 38 76 57 122 114 110 115 103 58 81 15
101 63 13 92 42 110 2 17 50 62 4 99 41 82 57 6
127 44 10 73 83 86 2 77 72 112 64 47 42 18 62 15
81 75 107 124 58 110 13 108 44 17 79 85 99 8 91 99
53 101 44 8 59 46 85 3 30 22 50 73 40 113 88 121
60 68 117 118 50 2 99 94 19 50 52 119 59 15 90 112
117 6 120 48 52 77 52 82 99 102 27 11 87 116 5 20
56 122 10 106 125 109 72 16 32 124 7 91 12 97 75 1
103 67 49 27 16 101 110 116 76 9 127 35 125 4 55 53
127 66 31 124 47 104 12 79 100 20 42 112 117 117 113 93
56 35 120 73 8 102 61 84 112 60 120 109 65 47 35 64
113 66 60 33 42 72 112 15 92 27 127 82 16 113 47 73
20 39 18 28 14 79 113 126 11 105 107 76 24 14 12 10
81 72 43 123 17 27 10 109 54 10 63 71 123 110 16 15
22 34 43 36 113 28 34 124 5 13 73 30 28 85 40 109
30 83 104 47 110 115 28 37 125 92 108 120 74 124 7 96
30 50 4 15 79 38 11 84 52 84 114 80 42 26 61 72
109 37 119 92 24 19 1 21 111 109 13 58 105 20 26 7
71 31 22 22 69 33 106 121 118 93 73 32 119 6 104 101
44 95 65 68 114 66 90 98 47 103 28 24 124 54 31 67
85 53 89 27 86 67 20 76 32 94 108 24 100 84 125 16
51 62 85 38 0 47 8 47 22 36 71 18 90 102 85 48
