33 91 34 83 109 60 45 40 113 105 3 24 78 109 59 75
41 119 47 67 7 13 122 24 99 101 14 95 118 29 68 23
120 103 106 101 35 24 14 20 1 17 45 79 126 104 26 39
95 74 106 102 87 100 126 59 73 12 26 64 42 95 87 34
70 66 8 105 90 22 125 91 39 42 42 38 18 69 77 113
15 56 87 102 28 86 33 102 98 60 38 12 27 125 47 97
63 55 74 25 77 71 116 116 114 31 26 4 100 104 118 115
32 77 89 60 35 123 34 6 55 72 18 82 70 65 51 5
120 125 31 69 68 19 58 54 50 84 59 22 60 49 9 92
126 99 25 34 94 59 40 21 4 58 103 74 124 26 79 116
23 110 58 91 2 116 18 52 72 77 75 5 126 84 97 124
55 122 30 21 54 70 42 58 1 17 4 125 43 83 113 66
66 43 30 68 31 48 120 104 125 67 109 123 24 78 119 79
73 22 101 127 92 15 57 93 33 61 90 76 16 76 15 82
119 45 22 23 93 15 127 90 82 108 85 106 58 76 58 3
98 31 2 63 46 59 28 79 120 119 28 9 67 43 91 58
88 114 81 53 1 80 15 83 60 100 62 119 48 120 122 19
23 125 82 69 56 110 21 49 101 49 58 40 92 21 99 52
7 52 105 8 5 120 92 65 92 26 56 12 18 51 31 41
48 113 110 104 96 3 25 69 52 83 110 16 105 81 68 112
5 45 121 10 37 85 76 1 111 4 14 1 55 45 42 103
31 24 80 127 28 105 68 80 61 50 97 38 3 37 22 9
83 15 19 120 100 95 122 83 100 8 84 27 53 126 3 84
23 83 83 51 60 24 3 121 74 100 31 78 10 54 87 93
69 106 85 42 74 79 125 46 87 82 73 13 80 76 97 103
31 53 26 92 77 30 85 23 2 117 101 12 43 60 105 112
39 63 26 113 14 24 31 102 106 104 115 58 53 84 34 84
9 60 48 86 90 6 110 93 123 83 105 38 16 83 22 55
18 49 40 32 73 71 6 51 47 121 109 100 78 15 57 87
76 105 46 38 111 28 3 106 111 109 16 127 64 39 54 82
88 94 114 33 37 121 84 85 114 65 57 64 81 114 24 29
92 70 67 75 98 71 54 81 52 70 81 116 109 7 70 69
106 85 6 7 58 60 47 120 100 27 96 76 95 49 67 31
14 116 20 36 38 16 32 23 24 102 19 95 93 121 4 71
78 10 78 8 70 125 0 42 24 96 118 119 17 58 23 31
46 43 68 84 59 100 107 84 74 126 51 39 119 56 110 70
66 60 78 9 57 79 51 81 47 42 73 65 100 96 96 18
11 36 102 70 8 81 26 83 80 78 122 71 6 105 13 72
37 92 81 95 43 5 48 90 47 121 27 19 89 124 37 100
32 11 43 41 92 69 124 44 19 118 116 25 95 1 98 5
93 51 100 8 56 20 99 103 14 126 122 103 122 31 76 27
42 119 68 7 60 64 51 80 54 39 105 22 41 75 27 6
127 127 15 55 19 114 31 33 112 25 9 107 57 85 6 99
76 74 106 8 10 30 88 64 69 66 86 110 13 113 117 12
112 4 68 4 118 99 37 102 124 46 81 53 3 87 25 79
33 3 88 43 33 48 108 103 114 66 85 0 52 74 12 36
78 80 40 68 51 78 43 48 124 124 101 0 84 126 79 117
2 39 33 35 88 13 10 74 79 96 74 3 42 87 40 121
39 80 61 91 30 104 11 27 101 112 27 57 111 106 46 113
18 79 20 106 92 31 52 44 127 127 47 41 86 87 34 125
40 96 88 70 72 99 97 45 84 124 102 67 103 21 52 121
100 72 99 65 103 23 109 102 22 28 16 108 116 50 106 28
18 66 98 91 38 68 8 122 64 111 61 39 4 113 32 104
57 3 41 33 27 22 7 49 51 23 30 39 74 8 67 92
74 37 55 112 105 64 106 42 47 39 81 51 24 114 27 82
117 69 115 16 91 122 66 14 18 96 53 92 104 120 56 50
30 112 35 7 48 13 49 95 53 3 18 77 117 45 31 106
114 18 123 78 13 61 92 31 29 18 123 5 10 51 55 40
35 90 48 83 104 97 50 29 100 68 106 89 114 10 68 100
28 63 50 41 124 15 72 25 33 67 30 43 119 85 84 26
48 4 110 24 101 32 53 74 101 31 35 87 41 103 59 70
38 110 111 34 125 56 59 30 123 89 73 114 47 29 13 95
33 123 119 7 27 44 81 0 75 116 87 117 92 19 59 2
1 42 37 126 98 96 28 94 58 101 80 105 3 93 72 36
16 36 85 96 94 80 2 101 81 45 88 53 62 24 127 116
88 9 4 67 103 104 60 97 36 50 74 25 31 105 38 47
13 123 16 108 76 18 81 29 63 42 83 126 66 82 114 26
91 118 94 66 94 26 36 2 76 110 27 107 88 66 26 101
61 42 81 9 61 35 39 124 77 122 122 15 76 108 41 39
98 7 106 65 33 14 67 109 124 95 88 84 33 115 58 94
29 11 104 90 46 15 87 123 9 81 10 85 62 52 124 32
59 102 97 93 116 37 74 113 4 35 69 37 22 127 3 51
11 107 14 57 122 101 53 3 54 63 88 116 115 85 21 47
59 118 12 48 27 86 33 31 121 102 68 15 102 72 67 113
51 81 42 46 54 95 49 108 31 10 97 18 95 118 65 26
108 77 74 8 36 107 39 29 82 108 45 56 52 112 41 103
65 83 21 119 51 71 99 82 81 68 100 48 58 38 74 39
115 21 47 23 0 86 53 82 66 98 10 118 82 51 94 19
7 115 10 58 58 109 12 11 50 112 59 108 22 6 19 10
27 66 33 27 25 86 110 91 56 120 82 10 44 48 29 51
35 39 109 94 21 121 105 71 105 37 51 0 43 71 10 70
9 43 97 34 2 79 126 58 72 80 69 116 0 98 39 35
10 20 1 31 13 107 102 118 16 25 118 59 96 0 1 106
44 98 12 46 50 10 104 122 90 45 110 90 16 21 126 26
41 127 57 54 106 31 44 122 56 35 53 25 35 54 3 79
25 15 125 75 26 102 69 116 19 51 79 35 72 77 61 113
76 118 39 55 21 83 49 78 118 103 103 26 29 106 105 54
121 103 1 19 77 70 8 96 121 87 4 65 36 65 50 112
56 89 39 77 45 89 27 35 64 2 61 93 108 39 20 102
14 21 121 91 92 1 59 85 88 63 23 124 1 73 109 57
35 20 6 80 109 34 115 45 36 49 11 17 88 31 119 102
52 112 65 16 114 124 102 74 60 125 71 61 70 52 118 105
72 124 57 54 30 45 99 67 94 110 84 54 13 75 28 66
59 93 82 45 89 56 120 21 53 63 82 124 115 72 101 59
69 31 113 99 76 85 38 42 67 122 96 81 69 124 19 1
89 101 46 50 30 38 72 83 101 26 79 88 99 53 20 40
105 66 16 98 3 21 22 83 6 123 1 89 55 45 63 96
44 50 78 81 15 96 20 88 106 47 28 114 79 28 49 56
94 65 26 98 86 49 53 92 44 55 53 99 100 117 68 16
39 18 98 55 114 118 15 92 37 44 78 116 72 0 45 39
65 71 9 24 120 62 116 36 117 42 8 90 31 76 106 70
94 76 125 80 67 13 44 104 57 122 93 1 122 10 40 60
81 49 84 74 112 72 110 101 114 118 63 17 66 42 88 32
118 85 112 57 98 28 34 27 23 127 29 17 9 69 77 90
119 33 36 103 106 19 76 92 9 12 110 76 54 70 108 44
27 93 102 126 121 8 25 16 7 54 34 16 124 111 106 115
17 15 90 123 34 38 87 43 50 69 119 104 11 100 21 39
65 123 37 58 3 62 75 10 117 109 26 113 92 4 100 109
19 62 104 53 100 64 97 23 5 88 127 17 60 20 56 125
15 93 56 18 27 3 28 16 112 54 1 76 59 101 58 78
35 34 4 8 98 101 31 104 61 30 121 122 51 49 119 66
14 47 85 41 50 113 58 34 40 59 111 99 33 41 49 68
75 53 76 46 26 107 22 88 10 15 82 61 64 73 127 78
121 84 119 43 70 49 78 110 109 61 81 14 102 2 82 49
56 31 95 82 10 117 42 20 4 124 81 68 70 81 18 63
37 10 106 107 59 56 89 40 117 42 54 91 45 9 13 101
40 108 55 50 98 98 71 102 94 24 43 36 105 61 99 15
71 78 122 3 6 84 43 124 126 98 87 43 107 100 16 19
81 72 69 51 42 12 25 8 37 68 45 14 2 16 29 73
94 24 76 101 108 120 97 106 90 56 22 69 29 38 88 110
110 29 33 24 42 58 33 79 127 78 93 1 94 123 74 61
19 23 34 127 15 3 105 105 59 127 46 88 38 6 70 20
35 103 45 77 34 78 28 33 28 122 34 122 117 108 55 8
3 89 7 18 92 112 123 24 112 41 112 22 47 55 42 83
30 87 32 64 37 61 97 65 55 3 60 44 112 115 52 115
77 59 6 41 43 1 65 27 43 50 49 90 105 92 45 7
51 78 72 89 11 41 26 66 45 86 110 29 74 34 16 23
93 22 64 8 24 2 36 67 52 85 29 29 49 75 36 101
71 20 111 46 110 83 116 86 42 9 82 17 55 26 96 106
4 7 31 23 23 46 125 45 63 26 27 44 66 31 62 9
51 45 56 33 0 44 119 42 54 73 59 109 99 27 87 103
34 118 126 57 36 123 102 99 21 2 16 87 33 78 97 84
123 25 117 123 69 108 37 123 53 96 104 24 123 63 0 29
54 126 87 90 122 61 62 15 63 78 103 96 28 72 52 23
97 41 18 38 21 55 34 74 23 10 99 18 74 99 47 0
97 6 90 91 68 24 107 3 102 82 100 2 26 24 25 123
66 43 33 87 98 67 34 121 78 5 11 24 104 59 24 73
65 114 37 5 11 16 9 113 98 109 116 124 5 13 119 71
57 24 31 27 92 65 21 42 70 32 66 46 91 90 119 29
76 28 34 87 44 43 73 14 24 61 10 30 74 1 101 3
26 4 31 118 69 52 32 11 84 98 57 48 60 49 77 8
77 111 96 122 27 41 8 51 102 19 81 48 20 55 52 46
59 83 36 1 7 68 12 91 38 70 11 98 119 88 107 68
72 75 62 99 116 71 22 90 90 104 10 110 31 62 29 90
17 65 91 24 6 104 116 44 46 127 15 37 88 122 105 32
69 40 3 57 111 25 19 73 1 29 55 32 92 84 123 109
22 86 6 28 62 122 72 108 121 87 17 81 81 123 113 22
35 116 79 18 14 98 91 15 0 18 48 92 103 43 73 125
1 79 25 64 73 97 44 67 57 62 20 10 57 6 33 92
122 112 110 8 83 73 24 83 91 72 47 66 115 120 63 116
72 88 52 17 58 97 84 115 31 105 125 88 111 30 52 105
15 34 114 98 107 10 53 70 82 100 9 69 92 72 57 36
33 110 54 91 79 10 78 110 115 75 70 98 106 122 76 121
28 62 91 7 72 16 77 26 116 86 95 80 31 24 117 64
6 43 27 85 53 105 67 41 52 9 11 30 3 87 23 31
21 114 38 93 2 116 119 118 74 86 71 105 111 60 41 117
103 68 75 28 45 14 69 98 24 81 0 27 40 24 59 62
10 97 27 13 85 19 3 32 105 74 9 88 6 51 78 109
119 25 10 37 39 79 7 63 32 7 91 73 31 22 7 42
119 34 55 77 53 58 109 31 5 118 119 11 41 69 121 33
16 118 66 56 57 91 72 126 0 97 117 113 5 72 92 60
49 122 35 114 74 28 11 121 94 61 23 93 47 52 5 63
42 71 120 99 35 64 97 35 33 86 20 38 30 112 98 79
106 5 65 52 33 76 45 127 9 68 92 56 120 98 120 34
41 112 5 76 48 103 112 81 61 4 119 92 117 89 43 95
94 109 20 127 57 65 126 67 6 91 123 126 61 115 33 102
99 38 51 19 13 35 100 75 39 91 39 28 52 82 124 18
63 16 17 121 81 16 60 87 107 55 86 40 43 119 14 14
29 65 34 43 100 6 118 12 98 29 40 22 111 36 41 47
52 58 40 6 74 100 93 53 27 51 93 70 42 108 85 72
45 119 115 18 125 105 30 95 6 70 118 117 107 31 36 31
89 76 37 36 48 3 89 76 54 55 18 97 35 103 41 80
94 28 98 92 5 0 59 11 71 49 0 50 80 37 81 42
113 119 78 34 122 39 110 48 94 0 17 1 104 58 82 70
86 52 34 91 53 94 102 124 15 103 46 96 12 127 10 125
118 88 31 112 127 13 33 94 14 50 95 118 109 49 60 67
102 95 31 27 61 5 23 76 108 69 44 120 68 54 118 59
14 21 43 14 35 76 108 49 127 75 39 108 125 99 47 99
66 78 126 127 84 21 76 64 90 120 57 30 47 47 89 61
68 5 75 103 81 55 24 80 3 63 60 0 35 108 99 101
58 97 101 14 118 49 79 80 41 8 110 88 55 72 22 123
77 97 99 30 25 123 111 28 59 43 28 94 23 127 67 82
96 40 96 86 89 47 38 3 55 20 91 110 92 113 106 41
83 77 72 108 72 55 8 3 98 36 97 122 35 37 76 3
77 44 89 39 92 127 42 19 19 5 2 112 119 108 25 74
57 97 54 1 24 62 5 123 98 102 117 5 11 65 8 89
109 97 0 73 96 42 93 115 47 95 99 38 75 125 112 4
94 38 5 119 100 10 114 70 113 103 75 124 40 83 85 21
52 85 95 20 127 60 8 47 27 107 85 102 104 70 106 71
108 111 62 81 122 48 23 107 23 99 103 63 54 61 84 107
18 51 127 18 111 7 65 10 115 22 112 91 92 90 34 73
74 96 26 68 16 49 47 39 20 22 102 75 83 59 54 102
85 4 81 1 40 116 91 59 89 85 90 63 125 37 76 44
15 30 38 71 21 66 57 4 105 83 29 101 99 6 36 56
10 117 58 50 105 21 110 67 106 72 2 103 110 79 19 125
109 57 68 2 123 125 6 100 80 35 73 51 41 109 108 52
98 38 102 76 59 84 15 38 29 17 13 11 96 33 8 77
90 76 79 86 73 85 58 26 121 4 77 34 113 57 86 84
95 61 32 27 17 47 65 46 64 78 57 33 111 65 110 74
13 62 32 87 19 90 113 12 94 62 47 80 120 5 36 87
66 68 114 84 115 51 2 51 2 60 84 113 125 67 59 11
1 91 98 20 54 83 33 20 17 80 100 9 85 8 97 24
76 83 108 63 7 110 115 9 42 71 122 40 10 54 51 11
17 21 32 71 104 65 92 121 17 64 3 102 73 100 126 21
55 106 85 62 89 72 71 3 15 66 43 26 120 94 37 9
115 69 81 91 6 45 85 23 109 88 126 54 60 124 76 115
103 33 50 64 105 121 67 120 59 111 18 51 77 56 61 65
125 14 28 4 59 113 27 40 73 25 95 5 22 43 121 125
76 43 61 53 36 0 45 96 111 64 19 61 120 80 126 117
94 26 121 25 12 21 66 85 46 33 91 68 76 84 65 24
127 126 77 35 127 122 3 110 58 23 43 50 103 41 40 70
68 33 95 80 54 33 37 101 66 0 41 14 84 107 38 83
105 115 119 104 110 122 87 40 17 2 91 121 44 3 63 112
36 30 64 91 64 101 64 2 102 105 17 58 84 55 14 62
43 5 38 25 127 125 65 17 0 28 10 44 31 73 28 68
103 92 31 39 65 95 42 39 72 59 98 29 114 112 91 29
117 1 54 116 127 120 5 127 20 15 43 52 88 71 120 64
35 23 103 100 118 17 12 62 76 110 91 63 94 54 92 83
56 19 71 55 11 77 54 31 92 97 83 53 40 75 117 75
98 92 47 88 110 59 23 58 41 114 121 7 41 86 90 97
105 34 24 116 111 78 19 75 47 103 0 87 50 117 34 21
82 81 109 64 13 4 122 54 119 116 62 32 74 24 1 51
58 25 39 41 103 58 117 22 33 117 109 84 107 15 105 61
96 86 125 109 91 119 36 82 107 98 114 53 122 115 104 53
114 87 90 11 82 121 26 74 121 82 54 70 32 124 5 6
118 70 78 39 96 82 5 29 65 23 47 13 51 121 42 38
80 5 49 34 126 75 108 120 29 35 62 61 31 68 68 22
10 18 61 106 100 67 8 38 90 55 51 14 48 94 52 0
99 101 34 97 48 15 89 78 50 24 11 81 92 79 103 102
98 37 80 70 104 88 108 66 15 32 80 63 126 4 63 97
105 98 66 26 113 28 104 35 52 115 116 16 67 92 118 37
1 70 107 105 31 88 43 46 120 124 110 118 0 45 87 106
15 25 4 0 53 108 35 105 95 24 121 34 116 111 71 117
54 51 94 85 11 9 3 3 5 113 121 6 31 80 112 46
105 116 47 31 96 82 8 63 106 2 98 94 113 41 83 39
92 49 124 103 59 0 106 64 113 99 70 16 51 54 63 29
42 110 60 10 64 68 74 43 70 44 9 56 85 93 95 50
14 92 25 73 92 4 10 77 103 80 94 27 7 29 56 49
11 116 60 75 56 6 118 127 50 0 55 7 93 22 57 107
114 83 53 78 87 63 28 62 15 122 89 22 23 17 72 34
5 4 109 62 10 100 61 60 100 116 67 65 10 125 44 125
80 97 75 39 32 103 101 48 97 63 70 120 80 14 26 86
18 8 20 28 108 81 88 80 69 28 17 79 25 61 76 105
31 24 16 63 127 117 111 97 52 54 89 5 68 116 91 87
124 111 115 104 64 76 56 5 104 73 84 1 6 33 106 37
57 122 101 56 111 84 25 36 10 115 41 79 103 4 38 99
115 25 75 51 101 3 56 77 76 12 78 82 45 56 120 102
50 93 31 34 49 56 70 60 43 111 11 18 115 49 117 102
74 64 25 48 67 81 125 15 93 76 98 11 4 90 113 55
55 16 89 104 73 31 36 116 14 47 7 1 96 124 103 43
61 0 91 0 81 88 16 46 36 114 57 41 76 43 96 3
59 57 107 4 88 16 121 102 63 0 103 32 124 78 75 57
78 38 58 31 126 74 77 35 60 7 76 8 50 44 11 109
101 118 114 61 6 107 35 70 107 10 102 103 88 49 33 38
87 91 69 85 37 18 120 97 25 68 105 75 112 116 57 85
106 43 18 113 22 53 55 1 63 29 104 23 78 9 61 37
125 101 52 117 114 35 78 87 54 11 101 56 4 68 20 46
5 106 24 38 44 113 33 74 106 60 124 104 66 101 124 63
74 48 52 61 84 3 20 10 14 121 66 18 62 86 64 67
65 88 105 109 74 10 55 52 71 51 28 9 24 24 72 98
73 124 31 29 127 52 39 13 45 105 31 107 63 96 46 0
56 24 109 2 34 36 54 105 87 83 114 111 107 58 82 52
55 113 81 54 37 120 68 83 97 99 62 33 67 109 33 124
5 15 126 39 51 53 17 11 8 3 122 115 62 76 40 117
62 121 43 99 114 111 54 83 83 117 116 22 98 22 18 103
37 17 14 88 70 31 99 78 35 94 65 97 42 105 86 104
99 1 76 85 113 2 40 68 119 29 90 89 51 109 64 88
126 79 48 68 110 20 18 17 114 83 114 28 61 72 5 32
74 81 117 59 83 29 127 75 58 89 36 109 70 101 69 68
52 118 8 34 10 26 52 124 110 38 24 43 111 29 75 57
110 64 116 66 93 115 13 24 76 49 5 19 22 75 87 74
65 96 109 75 122 33 71 104 71 95 19 54 125 94 111 107
30 99 45 124 86 58 20 35 108 25 54 2 100 13 77 37
109 58 112 104 91 55 80 34 23 100 89 20 66 72 127 97
44 45 93 2 103 113 37 83 10 91 86 111 105 35 20 86
93 5 62 56 60 15 90 83 115 51 103 53 124 103 22 40
20 115 42 123 100 80 79 111 43 37 94 20 72 114 107 37
119 41 93 52 56 55 7 43 107 111 97 103 86 119 15 106
107 57 101 79 9 52 62 53 89 28 73 33 15 52 70 6
94 35 58 22 91 66 66 70 49 35 45 7 26 60 113 5
117 86 85 127 11 19 52 100 48 125 6 63 50 76 69 16
112 0 38 75 66 104 17 115 11 62 122 38 122 107 43 111
65 0 110 76 20 34 49 68 32 55 3 82 3 72 98 115
72 8 62 10 113 79 125 124 13 119 34 7 98 78 119 36
78 101 112 98 8 33 38 40 88 41 122 92 114 92 79 58
100 14 69 85 93 66 82 107 58 116 114 28 66 105 64 17
79 49 115 87 82 26 127 43 67 121 7 53 85 86 112 57
100 53 15 66 119 97 45 49 85 31 78 24 9 14 41 88
27 46 75 113 114 95 62 18 61 42 42 34 127 39 50 50
101 7 88 101 54 96 20 77 4 91 95 95 65 53 15 92
99 90 78 85 57 12 104 119 54 18 25 53 58 75 104 31
83 64 5 9 33 25 86 37 117 54 4 54 107 19 19 78
109 97 36 39 109 12 30 35 30 55 89 88 2 65 120 85
1 125 95 34 22 53 72 11 107 76 66 86 96 85 37 77
54 73 116 35 85 18 70 115 73 31 76 76 96 68 33 98
65 0 4 87 54 76 99 33 25 37 120 121 122 29 70 48
102 59 83 59 77 25 46 23 57 122 99 25 62 4 123 127
5 0 87 59 76 58 92 101 95 84 94 89 113 37 9 87
96 92 18 45 117 65 68 46 59 39 72 122 44 67 121 49
67 80 108 16 10 72 117 105 29 84 66 14 121 75 102 89
39 120 6 29 57 75 75 117 114 19 111 30 87 104 79 26
57 59 42 67 4 32 45 33 116 111 47 109 59 21 70 98
14 76 127 71 23 75 60 10 94 43 40 53 20 120 80 77
51 122 16 55 26 61 88 14 45 8 123 104 29 65 74 43
14 74 115 37 21 47 47 115 91 88 41 111 80 121 60 3
115 76 59 14 10 19 28 55 27 24 31 57 89 105 100 103
51 87 13 72 7 60 60 98 20 101 81 100 94 13 104 81
89 35 95 99 54 124 26 82 20 57 11 109 35 111 85 86
71 98 31 78 30 91 48 51 64 1 23 30 14 127 111 103
34 79 75 89 75 101 43 95 31 54 76 66 37 33 24 108
3 55 58 34 18 106 85 82 107 108 112 121 108 96 97 14
47 44 103 122 17 18 89 48 72 37 114 110 71 11 90 74
66 21 108 85 127 65 39 107 46 24 100 26 120 69 40 39
113 16 33 3 34 122 51 107 31 38 89 102 49 51 49 115
72 29 72 72 95 112 51 13 8 23 39 0 93 79 39 78
95 72 81 2 66 5 109 97 43 70 72 92 121 121 79 66
22 24 10 117 8 61 2 16 84 41 16 49 121 55 0 88
127 81 90 65 86 71 34 1 13 106 93 7 99 45 73 122
69 83 111 77 16 114 93 100 27 109 22 20 36 22 109 35
103 71 100 62 15 6 63 28 113 29 35 84 74 108 78 15
