87 6 31 107 106 85 118 24 0 75 37 94 62 114 90 72
34 68 62 20 21 98 12 1 30 39 83 47 98 0 85 57
6 116 37 112 74 27 8 74 103 45 41 37 31 3 110 66
72 44 86 93 14 99 94 45 10 49 92 108 49 49 38 55
38 75 39 112 102 47 58 77 92 99 115 124 103 97 62 47
13 20 12 27 119 107 72 2 28 37 110 78 86 20 5 124
95 45 108 70 92 39 19 57 10 6 53 113 103 115 32 116
7 45 16 127 24 88 1 52 125 111 2 84 4 8 80 99
53 61 41 17 100 61 74 110 67 127 96 43 114 0 31 122
45 47 121 69 8 122 122 5 105 124 89 109 4 42 81 57
103 122 75 75 55 21 57 123 21 25 38 7 26 69 1 71
117 122 13 125 116 7 2 94 3 92 75 8 6 28 65 109
23 12 56 78 34 113 73 55 11 111 62 37 53 64 108 42
58 121 39 47 0 41 13 4 5 88 12 11 117 77 120 12
90 48 90 124 34 36 51 45 19 113 82 72 49 62 114 108
56 25 27 56 67 40 60 72 0 72 84 117 22 76 1 112
125 92 108 31 0 31 76 19 16 30 92 66 92 78 46 20
104 73 77 43 113 9 115 113 82 71 103 104 20 104 88 17
68 68 48 68 99 124 88 115 26 52 53 118 2 99 11 106
44 88 21 29 97 9 15 51 80 118 27 100 94 115 117 35
55 37 103 26 33 63 14 59 115 67 50 118 39 61 96 83
21 118 113 118 127 0 42 79 118 69 52 84 57 41 119 112
79 95 11 112 30 25 44 18 92 94 8 3 27 104 87 48
94 72 38 93 72 80 45 62 22 97 18 79 10 10 63 89
105 74 74 7 99 118 25 64 84 33 67 111 10 26 31 104
98 69 70 42 22 115 104 44 84 123 123 94 5 58 56 110
5 2 117 104 120 15 40 76 48 108 59 58 6 90 35 105
31 105 19 53 92 124 97 48 119 92 14 124 23 70 106 28
72 95 4 64 110 45 12 31 25 71 89 31 33 124 8 65
101 28 118 65 24 88 113 15 52 0 11 75 70 117 103 15
84 108 79 67 25 92 98 50 35 59 81 69 56 90 6 29
118 124 95 14 84 80 29 9 80 40 84 23 29 60 38 113
16 119 12 34 112 8 43 1 34 55 41 30 96 71 93 29
6 67 68 55 90 19 83 107 47 122 111 22 15 125 55 31
116 67 65 101 75 108 102 109 35 15 11 4 87 105 33 93
44 102 21 7 121 104 114 40 98 98 63 113 95 118 16 83
57 82 56 4 62 30 114 98 46 125 102 5 102 7 98 19
109 119 26 102 95 12 15 66 110 78 51 77 68 68 33 125
22 89 1 84 120 115 54 38 113 28 43 87 36 13 106 17
5 4 120 100 17 7 38 127 85 90 77 25 30 110 22 52
71 23 8 63 11 63 101 124 91 16 83 127 30 62 17 35
66 9 7 83 16 46 83 101 8 32 126 38 14 20 90 85
43 98 21 54 33 122 50 125 11 6 124 41 68 13 76 6
22 83 90 38 1 45 11 9 77 9 47 91 29 9 48 73
108 69 127 13 64 50 10 75 56 7 116 124 20 64 2 43
19 92 81 21 9 93 30 86 102 78 49 4 87 98 77 67
39 76 81 103 126 91 50 54 98 38 50 119 102 53 34 122
17 115 15 27 80 45 113 55 123 35 59 83 5 8 22 44
84 103 20 83 67 70 9 37 109 60 28 83 113 62 77 2
50 92 29 2 10 15 57 5 50 116 88 55 124 111 99 81
86 119 36 25 62 45 63 43 105 91 126 90 26 76 93 76
40 122 78 50 9 8 56 59 124 16 114 121 127 86 74 86
77 110 111 11 27 46 54 5 10 53 95 36 1 60 112 41
55 62 92 64 70 20 124 67 36 110 60 36 68 6 122 18
116 105 29 15 24 84 20 34 9 116 70 10 48 54 51 103
116 15 40 59 35 36 126 72 18 58 108 87 64 102 105 52
79 6 67 103 90 88 9 99 76 79 109 124 5 33 100 122
48 12 53 84 48 51 28 66 109 8 25 45 110 2 97 61
9 36 37 99 124 46 71 72 126 52 69 3 85 41 125 6
53 50 90 101 101 118 39 82 126 65 127 108 67 96 41 76
5 78 48 1 125 119 74 123 43 15 126 1 56 124 7 109
46 97 82 20 87 121 102 85 58 102 65 126 70 106 74 75
57 122 77 54 113 23 49 29 38 47 30 94 43 37 75 90
6 29 110 93 22 84 50 81 58 115 79 1 93 25 76 22
85 2 55 70 102 0 23 12 75 6 111 78 96 19 52 88
72 102 63 35 102 106 28 20 7 47 10 105 122 115 53 79
117 108 21 92 109 44 104 56 50 87 6 18 106 58 106 51
33 41 86 7 20 114 28 27 33 38 4 27 25 58 106 15
38 127 107 19 43 83 76 93 42 82 112 20 13 90 71 46
4 29 53 24 16 81 51 49 120 56 77 17 114 55 32 24
55 11 44 98 94 120 64 8 74 48 29 87 10 100 5 14
2 59 38 18 12 90 67 4 18 16 22 4 72 54 28 127
66 72 97 32 64 33 41 11 81 70 98 92 42 104 106 44
35 17 62 47 107 2 52 125 18 74 1 90 0 29 89 66
102 59 99 38 92 12 49 46 82 20 10 124 124 116 41 31
5 103 78 112 105 2 109 124 76 110 86 77 12 48 15 114
107 114 24 71 126 74 117 80 94 127 77 90 116 118 121 121
93 71 106 71 74 87 67 22 70 25 99 82 73 115 68 52
101 92 124 100 38 113 52 4 113 1 94 101 119 87 94 85
31 72 28 105 32 95 127 102 120 99 56 66 86 124 118 59
88 114 31 127 100 84 3 85 85 98 58 77 57 24 34 88
97 62 65 1 29 65 103 21 36 31 87 122 27 78 53 115
64 85 114 36 41 118 121 126 88 51 75 17 76 109 106 45
43 43 46 72 108 21 94 16 52 53 10 79 3 64 66 68
21 53 104 62 43 98 60 3 21 8 20 97 117 126 14 33
42 60 105 22 81 71 39 5 125 49 84 0 113 23 68 6
76 45 68 119 15 1 122 36 9 14 6 126 13 20 31 55
81 9 77 34 80 116 40 77 38 124 78 23 19 18 30 95
63 98 86 78 99 80 115 108 95 121 107 108 13 10 35 94
19 112 1 100 101 41 49 11 37 127 34 57 18 64 24 81
35 111 32 6 63 19 115 30 12 94 10 25 104 45 120 124
30 121 96 3 34 17 14 71 17 48 0 35 113 25 116 20
8 20 26 71 39 13 102 51 107 112 77 84 30 69 80 60
62 48 63 96 65 77 39 82 125 40 117 110 65 106 2 73
126 29 16 38 42 118 89 22 103 38 106 5 107 58 65 41
106 0 9 43 77 49 126 74 89 115 57 26 93 59 99 92
4 60 95 0 58 103 65 72 36 97 43 44 63 13 81 29
59 83 21 46 49 47 113 44 99 33 80 18 86 48 115 90
108 82 90 38 57 27 110 94 124 25 10 59 38 92 89 97
47 110 16 96 29 1 13 0 34 93 19 120 14 6 83 122
88 45 33 17 73 15 111 69 41 122 1 79 86 90 49 5
72 65 102 101 66 115 101 100 80 120 92 94 126 47 89 86
93 122 104 38 9 87 107 50 81 108 2 39 70 51 45 14
116 19 115 54 6 89 26 86 81 118 53 80 38 14 38 3
8 14 41 17 102 20 68 55 1 70 95 71 121 12 86 109
31 73 35 37 34 61 123 116 51 48 68 89 62 106 92 70
121 5 88 95 26 28 22 27 98 117 98 91 1 56 72 32
2 107 69 36 40 65 24 91 113 92 53 48 71 17 118 64
23 78 31 49 106 53 76 76 43 46 39 44 103 111 77 105
90 18 13 2 83 38 94 69 2 19 117 73 36 107 9 59
58 40 108 36 94 56 113 9 103 24 53 78 8 2 55 98
21 68 101 104 106 67 45 109 86 34 54 122 14 64 54 72
104 34 108 70 91 93 79 66 118 5 16 126 7 71 96 28
11 69 5 118 8 50 99 94 85 25 89 99 89 15 43 66
49 23 8 12 117 88 78 107 93 94 105 100 37 73 1 49
15 6 39 23 56 10 118 13 35 79 112 125 94 27 63 15
51 71 28 40 31 106 19 124 73 124 97 110 69 98 31 84
104 70 108 32 80 98 46 116 49 30 113 15 58 48 30 109
119 58 21 23 37 40 19 110 36 116 92 105 86 124 62 62
66 42 95 19 12 13 7 61 43 120 76 101 40 106 82 31
37 103 54 74 15 74 56 51 62 20 29 21 16 91 83 83
5 50 102 17 63 109 78 107 101 26 80 13 4 35 44 41
10 99 115 26 45 43 77 107 64 106 0 80 69 84 35 74
6 9 91 70 118 41 49 91 67 1 104 72 36 21 113 47
120 101 73 37 16 22 16 80 1 17 33 70 101 68 17 107
78 108 49 68 22 98 32 89 100 8 33 8 29 19 55 21
120 0 58 8 23 75 89 24 92 122 94 65 62 111 44 12
92 94 81 114 64 113 75 36 121 109 45 23 0 100 44 120
6 0 73 0 63 18 96 102 121 40 59 124 90 49 96 21
3 109 103 84 37 18 71 75 68 124 2 3 127 121 49 5
121 122 6 57 13 102 31 6 14 90 2 104 11 99 125 14
80 101 98 117 119 41 64 59 38 67 63 37 60 112 42 53
106 48 110 119 22 14 125 36 104 0 12 116 99 10 2 51
111 101 41 102 14 105 33 52 44 96 89 104 80 4 30 59
52 12 50 75 26 48 111 3 48 124 119 19 6 121 70 117
94 111 91 109 89 124 33 5 93 123 110 45 127 12 104 51
24 27 126 51 75 110 54 123 106 45 14 112 38 84 101 5
68 64 114 29 60 19 34 25 14 16 71 13 28 47 65 53
74 63 104 21 45 30 16 23 75 30 7 113 115 108 118 55
44 104 84 105 124 118 2 10 7 73 24 35 121 89 88 67
24 64 89 70 94 105 93 41 8 101 27 123 81 17 50 126
122 6 103 118 124 105 0 3 51 24 39 44 113 127 111 10
64 72 80 30 50 45 72 58 18 99 53 100 116 103 98 110
109 73 100 105 50 101 109 101 125 20 17 111 19 1 121 83
73 73 114 123 118 58 53 9 29 106 109 17 81 79 0 62
24 100 40 74 73 21 48 71 41 65 54 60 66 47 16 12
120 2 7 110 60 61 119 89 39 100 106 121 51 106 55 75
79 95 22 24 116 70 95 29 7 21 90 74 68 106 86 60
108 93 43 40 26 34 1 66 7 107 59 58 86 114 6 37
82 28 61 70 98 29 100 105 50 62 51 119 40 9 51 20
103 94 60 1 1 61 67 8 40 126 66 126 113 72 35 67
100 97 9 70 126 109 48 48 43 99 39 83 109 91 103 84
57 35 85 58 96 25 66 9 23 5 7 8 77 43 75 50
12 85 120 10 66 40 58 110 12 98 65 121 61 41 77 118
76 34 49 45 59 115 54 83 120 61 91 70 104 39 120 116
124 112 126 62 25 57 44 37 27 110 30 88 23 107 78 99
13 127 16 73 115 70 28 107 4 119 49 108 30 41 97 26
26 95 89 51 24 5 88 51 115 118 11 10 97 90 110 110
89 126 55 76 69 83 56 73 75 105 53 105 19 22 4 45
118 93 96 14 98 56 66 86 46 77 96 15 39 78 125 1
102 40 19 19 19 90 92 11 96 125 41 111 91 26 94 77
84 62 79 43 24 99 125 118 115 108 28 114 108 3 43 82
43 62 101 62 24 65 73 121 63 114 104 26 12 70 103 97
5 54 12 29 26 9 19 13 118 48 0 98 51 43 52 94
105 25 28 2 91 101 123 26 88 99 52 100 41 27 69 46
82 81 76 108 91 95 121 81 15 121 51 66 36 103 32 14
0 60 16 91 34 11 117 122 110 41 94 23 69 36 70 23
117 18 3 80 113 124 33 1 118 84 67 26 59 100 40 60
32 56 23 66 67 13 60 49 54 27 73 123 63 15 18 52
33 21 5 18 18 38 19 8 123 87 34 54 59 75 114 91
3 10 30 71 23 90 120 77 117 65 73 52 80 91 105 113
113 110 4 3 20 23 11 15 110 45 70 41 120 56 5 124
66 35 67 89 125 59 39 115 125 112 39 77 75 16 63 60
126 67 63 19 90 74 34 73 120 104 114 112 33 119 108 99
26 47 61 24 107 100 11 104 84 50 53 31 67 116 92 65
55 27 84 18 102 119 91 94 95 77 78 0 69 59 100 95
106 33 119 85 5 2 61 89 53 115 120 120 103 84 57 31
112 14 49 86 5 12 52 100 89 2 101 30 61 73 126 40
106 117 125 111 120 59 72 45 46 64 37 21 21 94 52 5
108 101 91 113 113 15 86 75 17 59 105 79 4 103 119 110
93 116 93 85 47 37 2 93 101 39 115 122 5 39 127 114
13 90 99 126 105 57 73 123 116 51 74 120 26 65 102 119
53 67 76 101 104 78 66 78 117 53 72 123 93 72 109 106
34 80 104 12 10 50 7 126 101 81 119 127 18 93 119 71
33 67 44 9 18 111 87 7 36 32 2 1 104 111 107 10
64 84 22 74 6 29 72 107 110 63 106 0 29 97 72 62
37 116 71 55 99 31 62 8 63 65 9 39 48 117 49 112
73 72 58 79 101 3 58 84 66 36 84 95 6 28 29 43
17 101 98 116 4 32 124 67 97 6 106 18 123 27 2 68
99 61 19 73 64 77 29 2 113 113 98 119 14 127 34 31
100 4 19 104 37 16 43 6 22 21 24 17 49 27 85 20
88 104 93 24 53 122 26 38 108 124 30 122 124 64 25 96
49 97 80 43 58 110 42 24 71 91 20 29 42 17 49 78
84 93 93 70 50 103 2 13 72 61 63 34 39 84 18 88
53 98 3 111 80 46 8 24 9 28 53 51 45 102 1 1
67 95 72 117 70 74 3 14 7 66 48 46 22 66 7 76
36 10 59 117 56 67 13 66 96 66 117 13 40 119 15 108
86 87 97 28 33 100 42 40 38 90 86 61 29 93 9 65
104 68 54 32 8 67 98 104 5 88 117 46 79 4 26 37
91 123 65 124 96 107 36 6 69 123 67 98 88 76 36 64
17 90 97 25 30 67 1 35 27 118 81 106 123 107 15 86
103 80 83 71 59 119 77 1 114 17 99 75 93 7 11 110
98 108 7 0 48 8 35 75 127 117 54 122 96 69 80 71
22 35 14 81 27 92 82 13 109 54 88 74 61 100 57 31
80 64 31 0 73 67 76 72 56 2 66 24 71 18 96 93
54 110 47 81 74 1 94 55 55 55 2 117 27 59 20 107
123 52 108 68 119 56 12 47 58 78 71 1 97 39 95 23
22 14 104 96 15 70 24 71 125 26 60 24 85 80 4 80
4 112 21 123 40 33 42 98 112 114 99 81 25 66 104 47
80 80 16 96 22 40 39 20 66 99 44 23 51 48 103 56
32 124 51 72 30 94 42 14 80 14 95 105 80 71 25 33
23 41 1 45 81 40 65 19 11 110 42 62 30 17 118 63
14 42 7 44 8 50 58 88 64 25 65 16 96 90 49 119
3 50 36 84 90 102 103 101 84 17 36 114 35 26 49 49
68 57 93 76 107 23 36 43 48 102 59 16 64 109 7 68
31 43 24 122 17 0 95 101 17 3 88 52 30 9 101 98
66 66 47 45 89 83 88 9 57 20 25 122 1 32 62 32
76 86 26 93 86 122 67 104 125 27 28 27 36 2 126 103
68 45 20 30 0 109 39 58 1 65 52 2 97 114 34 45
72 61 11 31 55 78 7 52 105 35 80 13 37 78 116 106
123 9 8 123 118 47 53 119 112 105 121 82 91 27 127 36
88 10 67 15 88 74 68 65 109 20 79 19 98 67 125 93
76 5 88 66 52 14 57 37 119 50 119 83 78 118 119 38
1 58 54 89 4 122 27 113 14 106 4 112 45 1 77 122
0 1 21 3 109 69 108 43 127 77 17 10 33 80 4 11
47 76 112 23 36 91 40 127 82 6 20 10 8 107 68 8
108 89 12 90 30 120 5 29 70 23 39 103 103 44 114 23
120 98 46 29 62 86 28 16 92 49 27 100 28 95 109 9
56 121 99 87 113 104 116 55 127 28 31 103 72 17 126 64
116 44 93 50 2 122 66 94 43 93 67 71 60 48 80 117
41 51 76 26 28 64 82 27 92 113 2 36 2 0 101 118
44 66 40 46 60 107 13 103 72 80 47 5 0 127 122 41
51 70 67 79 6 21 106 99 6 109 7 9 109 108 127 26
47 40 72 107 19 85 83 91 37 2 96 37 1 90 78 52
32 18 3 39 39 110 10 46 91 17 55 72 126 54 98 45
94 43 24 113 0 107 77 38 109 45 75 111 8 26 35 40
44 39 79 83 21 89 1 112 107 56 56 105 111 27 22 77
70 46 63 70 26 12 108 7 57 56 118 65 82 26 106 126
65 57 81 86 19 83 70 126 11 126 103 122 25 125 72 95
43 7 38 69 19 18 77 76 74 67 14 28 93 120 26 30
49 108 116 68 63 58 66 74 57 41 69 82 38 13 50 82
20 88 23 39 106 100 115 53 40 1 81 5 121 108 36 43
88 24 111 23 83 50 97 12 91 38 94 2 51 16 84 71
104 107 110 83 80 98 8 120 99 89 125 93 69 33 8 29
58 119 52 13 41 22 25 5 60 119 7 112 8 91 55 112
70 38 67 22 8 75 14 107 37 12 72 106 45 80 8 103
72 60 116 113 82 13 118 15 5 125 127 13 88 54 125 31
92 65 53 100 12 68 80 49 80 24 28 125 105 36 101 49
96 89 34 51 103 25 66 108 22 65 121 111 119 118 14 84
55 67 56 68 7 8 117 87 33 17 85 10 53 58 59 22
19 93 73 122 118 11 102 13 76 95 124 67 86 10 23 13
77 80 81 85 88 71 44 121 88 1 3 14 59 62 36 79
28 109 73 18 120 48 31 68 15 27 7 101 37 31 115 115
111 68 72 71 11 116 65 100 118 68 114 49 3 22 0 31
3 74 49 123 122 81 63 9 108 70 111 18 101 98 5 84
38 77 28 50 65 93 22 55 33 8 105 36 30 105 67 33
3 3 3 13 75 92 115 24 57 45 45 49 94 80 127 79
118 122 23 124 29 0 47 32 126 19 122 99 118 80 27 121
83 30 6 31 123 121 55 52 38 100 101 5 53 100 84 43
95 107 39 124 107 86 28 105 105 23 76 95 103 104 88 59
6 94 90 1 87 17 54 125 118 27 2 43 0 86 86 95
66 125 91 45 83 120 23 60 15 99 27 118 75 115 49 82
81 11 83 40 29 9 37 19 37 40 62 37 126 20 4 64
17 95 110 100 87 5 32 102 104 59 93 52 46 14 6 127
26 89 39 55 99 76 74 8 116 8 45 115 28 49 51 45
16 33 17 104 38 49 78 15 108 43 67 26 58 73 25 84
34 64 11 5 12 85 13 1 93 58 116 121 107 39 38 124
73 55 100 111 104 50 126 84 94 65 110 24 10 7 108 45
71 119 50 83 76 64 84 41 122 72 34 102 112 72 98 57
127 70 40 103 120 39 59 86 104 41 110 115 48 90 32 119
81 82 74 29 18 31 70 13 103 104 115 87 48 85 16 47
27 57 22 19 96 81 106 72 122 88 59 42 51 91 33 4
46 108 34 64 11 104 77 114 81 64 74 1 21 90 49 48
19 71 68 115 25 46 60 19 6 119 62 57 83 95 62 1
75 96 65 86 72 15 73 25 79 19 27 101 109 76 21 1
19 89 116 44 7 48 64 14 40 126 71 123 93 5 124 41
101 61 127 46 76 72 71 28 91 98 1 73 46 22 74 66
112 62 110 119 111 46 5 23 44 77 18 10 82 14 51 56
75 50 102 24 123 45 52 86 16 53 31 62 75 105 0 59
40 111 51 23 29 56 46 74 5 64 84 88 78 7 16 25
57 118 49 52 35 101 11 51 26 42 114 102 20 114 33 60
97 84 83 127 13 1 73 18 65 29 106 15 36 122 40 93
112 90 18 20 63 29 71 90 71 57 64 91 44 97 23 13
54 106 12 67 107 85 85 44 114 64 59 22 58 100 116 43
62 6 63 125 35 6 87 106 64 23 70 108 121 93 121 47
72 6 114 51 91 71 96 78 7 27 100 66 127 88 109 61
94 44 59 1 50 18 108 114 42 50 94 35 15 88 82 87
94 68 11 57 11 107 7 19 6 108 85 6 68 66 67 35
57 60 116 124 100 33 52 35 121 88 2 109 23 46 119 99
16 115 24 67 62 90 38 41 51 99 11 62 74 66 68 3
126 57 127 99 90 52 6 83 12 8 65 35 55 56 6 71
43 31 11 105 121 49 18 44 21 29 107 95 95 47 98 94
104 98 65 67 22 71 22 34 79 87 70 6 15 76 78 58
107 89 36 100 10 54 17 31 84 124 126 51 43 97 17 20
67 82 87 89 25 109 123 105 69 65 111 84 14 61 15 121
22 51 94 33 105 111 64 61 107 63 113 22 32 2 42 99
85 1 60 110 111 55 87 52 121 71 8 7 4 23 0 27
74 94 60 52 77 124 113 56 59 98 79 91 101 121 62 58
123 122 40 106 50 0 30 43 71 38 50 75 62 50 102 8
17 34 60 94 31 46 23 90 16 102 54 117 95 116 47 90
111 88 68 33 88 98 76 31 9 126 106 71 48 81 79 65
115 12 32 18 58 55 109 74 29 35 64 124 23 111 87 6
71 27 39 31 126 115 62 7 113 41 78 34 122 29 99 109
41 3 0 99 58 109 46 87 16 110 84 39 93 43 46 37
70 85 68 68 73 3 75 58 44 25 92 38 55 64 19 96
67 19 68 126 0 114 85 16 96 41 56 61 84 102 98 27
59 39 95 4 42 43 63 86 68 27 124 123 91 15 92 31
35 32 29 35 18 114 52 114 28 108 47 112 82 18 11 13
57 107 18 99 22 81 57 90 108 53 86 72 68 50 103 103
82 4 11 100 118 63 86 18 43 5 3 125 23 14 10 80
121 28 51 15 109 108 106 90 33 64 34 102 114 9 77 68
13 88 40 3 23 126 22 66 3 25 63 27 39 74 107 33
102 31 48 84 11 26 46 45 90 80 19 76 89 96 16 102
57 56 105 80 54 127 19 58 24 82 85 64 28 64 97 3
95 17 87 107 44 5 24 6 85 43 83 46 11 99 20 68
28 125 21 82 125 40 12 21 122 97 85 23 34 54 26 1
72 113 108 116 118 4 122 75 47 77 121 59 49 13 127 77
10 20 31 7 60 44 29 55 13 114 78 47 41 104 49 113
89 29 101 79 34 95 26 81 45 19 12 94 32 12 43 42
32 74 50 93 118 79 20 4 65 98 51 106 74 100 91 35
