119 60 97 46 49 28 119 29 1 83 34 73 90 123 113 20
121 9 87 78 20 6 14 105 46 113 31 37 85 51 89 76
111 58 122 32 86 113 62 87 68 96 32 30 91 17 51 85
27 10 35 47 16 49 25 63 34 56 100 119 108 61 67 91
119 61 124 77 46 58 36 114 26 68 17 117 86 68 74 113
78 109 32 95 30 57 30 65 114 2 56 94 64 124 57 55
57 53 5 104 111 41 90 9 110 107 127 68 47 73 53 126
55 85 93 85 15 123 22 1 125 79 95 61 75 24 117 4
78 122 108 61 35 71 71 17 50 70 85 98 15 10 96 70
96 61 28 111 56 50 112 53 1 79 115 76 103 104 81 53
98 61 115 5 4 58 23 55 0 108 25 15 119 121 86 87
54 114 70 110 36 54 35 38 5 22 114 108 126 67 34 96
1 21 102 5 79 125 60 79 105 85 94 96 78 52 55 4
38 125 114 75 51 22 113 56 44 99 37 43 39 71 11 40
92 113 45 43 110 106 122 88 63 88 56 14 13 112 18 51
109 5 126 33 27 111 89 71 83 126 114 122 69 126 34 33
111 79 76 94 57 70 54 121 31 110 7 44 94 25 95 76
30 94 109 57 77 70 1 32 69 115 26 10 113 60 44 97
12 120 63 69 63 117 62 94 99 69 10 66 95 105 14 125
71 123 55 21 65 56 53 6 43 80 17 29 12 61 126 24
53 61 94 116 50 28 82 21 98 92 87 65 70 101 62 13
96 117 34 34 45 88 40 89 40 57 118 52 118 116 77 44
49 43 32 99 71 115 120 41 79 80 106 21 53 41 35 22
30 69 56 76 29 96 37 69 26 27 122 16 15 71 60 64
114 93 35 57 80 27 99 31 107 77 53 33 118 88 55 21
29 111 97 59 79 6 0 105 33 122 122 48 65 54 112 51
19 19 109 99 46 80 3 26 29 56 59 20 16 114 41 45
97 10 104 48 16 105 26 49 99 20 97 37 74 81 88 94
100 69 65 18 21 68 44 51 124 103 71 12 89 112 58 58
122 34 107 10 11 5 59 111 25 28 20 99 109 108 65 81
50 3 99 71 71 16 122 68 119 65 80 81 49 10 11 43
45 118 53 56 123 112 39 20 12 59 120 121 40 57 74 90
23 54 114 58 22 37 73 11 104 25 2 78 53 38 37 100
70 97 27 28 82 64 3 124 85 72 101 87 53 117 17 77
43 4 7 66 41 80 77 17 105 79 95 31 117 4 3 60
101 30 88 55 95 91 52 52 35 25 11 89 14 29 38 58
33 45 124 74 125 73 91 103 25 59 6 14 63 9 74 37
40 34 92 7 125 16 59 33 41 71 122 56 100 32 114 5
77 110 79 74 55 42 49 80 101 55 95 37 65 41 74 105
76 38 112 73 55 43 106 96 114 100 24 86 4 10 91 81
120 42 28 48 85 77 0 58 5 95 95 70 9 41 47 85
80 31 30 7 74 9 103 61 109 0 19 114 10 111 67 3
25 95 51 110 45 51 41 50 19 8 120 28 50 39 113 2
70 15 9 16 24 112 77 6 112 97 120 123 80 59 126 105
27 49 88 72 100 1 122 119 9 114 19 59 25 4 61 95
20 70 111 44 55 61 50 39 30 42 34 110 102 32 87 1
81 47 73 54 48 67 45 58 53 65 117 78 69 51 45 89
121 28 6 48 89 56 88 119 99 122 101 73 27 61 74 108
108 19 34 29 86 80 87 11 17 76 89 86 127 6 48 121
34 54 41 124 110 1 115 81 124 89 26 23 22 100 3 2
119 38 31 77 118 118 88 7 67 49 93 66 55 13 59 90
67 101 86 50 102 73 3 98 34 30 121 56 2 125 59 122
35 90 71 25 81 32 32 20 81 125 86 9 11 18 99 78
119 57 0 93 2 4 64 37 34 57 93 36 54 24 30 89
115 102 114 68 6 18 88 87 16 46 96 27 64 67 105 55
124 106 21 127 110 85 36 16 14 1 52 69 26 83 30 13
57 17 81 63 35 41 22 51 87 119 78 24 58 56 79 55
34 100 54 16 57 90 32 72 91 84 13 117 39 43 2 96
60 83 31 96 124 54 19 84 45 98 108 103 26 59 30 60
32 84 76 89 46 108 33 10 64 46 127 104 90 2 72 22
85 104 118 82 30 10 38 75 108 18 50 6 77 81 66 109
37 14 71 84 122 104 94 58 23 93 34 113 95 107 7 53
83 126 7 113 8 45 60 116 63 110 122 12 63 60 122 101
74 65 57 68 41 23 126 64 116 33 49 84 12 57 9 95
93 32 57 77 114 71 16 12 96 95 101 102 88 94 119 19
64 95 109 75 33 34 102 46 38 82 99 87 30 68 15 123
101 73 72 87 16 88 99 112 55 72 86 16 39 77 35 103
44 16 51 77 50 25 123 89 107 94 48 9 35 63 4 8
8 76 95 24 37 66 8 92 10 94 108 49 43 15 25 87
31 76 36 82 101 32 43 80 126 91 89 33 26 93 41 35
41 8 59 78 74 68 43 85 34 23 6 78 39 31 37 70
107 74 24 80 106 67 32 104 30 121 10 57 86 51 92 0
60 23 78 6 91 121 91 126 17 98 76 56 1 113 126 109
59 23 61 37 90 94 14 121 87 24 50 46 75 14 46 7
37 124 14 1 118 105 127 7 75 75 63 77 60 61 58 120
84 119 29 47 85 43 40 45 67 90 91 15 104 9 22 13
5 36 14 123 14 13 2 89 88 65 38 21 127 96 13 83
88 42 2 45 86 42 90 25 4 53 40 108 62 63 122 68
99 8 63 113 22 66 75 110 3 113 3 2 82 16 86 42
59 88 87 17 3 50 42 7 103 83 116 38 18 110 106 117
118 41 103 12 107 50 123 111 35 126 113 117 15 71 31 74
32 119 91 35 41 5 42 16 88 30 54 106 12 32 96 3
74 71 15 53 121 10 36 28 9 22 18 24 93 49 98 125
40 61 32 81 66 75 98 27 105 24 5 118 57 101 121 3
44 8 56 37 19 93 66 28 115 84 52 80 5 22 78 46
83 110 127 21 57 97 48 35 122 54 25 51 27 18 54 72
26 110 109 45 75 47 73 62 3 125 15 9 19 93 55 102
75 54 124 5 24 44 40 18 98 65 69 126 83 123 70 109
105 51 27 53 99 100 115 102 98 2 111 117 95 38 92 43
93 88 48 117 4 88 7 103 25 76 101 108 71 43 89 48
94 116 101 65 89 89 40 59 91 23 48 59 62 12 102 27
100 22 16 105 110 23 80 7 99 53 115 42 96 76 90 62
65 64 0 26 25 40 85 116 63 5 47 125 18 21 24 118
43 40 95 25 63 47 32 34 100 19 76 68 96 39 3 33
103 3 59 0 43 16 116 106 21 36 104 39 57 0 30 101
41 125 126 104 45 31 11 17 50 87 86 18 126 89 51 101
84 6 37 98 49 111 37 27 110 39 63 99 106 103 23 24
113 56 31 118 77 13 91 12 74 76 71 24 126 81 78 83
88 115 53 9 99 91 36 81 2 100 52 109 75 75 5 60
4 36 51 81 49 14 93 123 90 36 20 88 118 98 43 78
85 97 87 56 60 124 9 62 96 62 43 43 9 49 104 13
85 27 94 7 41 59 2 3 96 22 91 86 120 7 36 78
104 123 6 36 119 16 98 87 78 14 3 87 63 107 101 20
6 67 27 47 127 30 50 95 52 13 53 45 20 89 123 124
84 1 32 76 17 3 35 95 17 38 55 80 17 28 100 23
95 0 70 94 30 120 61 82 6 114 127 26 75 122 23 32
124 55 108 13 58 15 109 75 54 36 27 71 64 0 95 31
0 37 126 30 30 59 112 36 46 112 62 121 106 85 25 102
13 5 116 71 21 97 19 75 5 46 18 69 46 113 100 46
23 98 76 53 30 61 89 76 45 23 69 23 109 95 126 122
100 114 65 121 83 84 68 88 3 87 29 49 72 1 96 95
100 44 20 2 105 109 78 22 5 19 46 114 114 44 108 87
30 45 80 113 2 21 73 5 108 102 54 52 103 22 20 75
67 40 77 44 22 27 67 27 47 113 13 33 29 121 120 59
38 73 44 40 94 117 45 74 91 100 126 66 122 18 14 61
59 91 106 81 119 45 108 38 30 121 71 59 114 64 118 24
9 34 65 103 23 110 49 114 82 47 52 77 66 66 10 125
30 116 78 21 33 58 59 63 51 2 122 37 66 112 61 75
18 126 50 41 109 99 27 63 19 80 12 85 18 23 82 48
11 32 69 45 90 0 108 13 3 103 50 69 87 111 17 106
110 67 19 91 39 47 26 58 127 39 15 17 62 97 66 73
1 7 118 91 8 99 104 11 74 26 80 33 9 97 11 119
37 31 82 76 78 109 6 77 20 21 94 82 118 32 27 119
40 18 82 48 117 58 59 63 84 11 96 93 109 108 85 18
11 39 94 89 20 100 38 40 121 4 122 111 37 22 102 77
40 56 125 29 114 56 92 70 67 60 35 48 40 120 66 51
32 32 12 52 4 50 93 125 55 87 108 92 109 82 41 21
10 38 50 124 94 14 66 33 75 102 82 115 94 20 39 126
32 120 31 46 105 4 57 121 61 52 21 34 11 43 58 66
75 111 31 48 22 15 39 28 49 112 44 112 65 109 52 97
101 84 16 79 88 73 72 21 125 94 56 8 9 114 74 84
97 105 5 119 120 44 19 42 28 63 26 93 44 79 63 17
35 79 96 123 24 41 16 21 7 72 29 16 58 103 101 27
81 106 18 73 22 37 115 50 100 14 15 16 93 78 34 0
29 2 123 53 43 11 74 50 84 103 67 14 79 40 42 32
18 60 105 40 98 93 90 70 107 105 87 72 56 121 72 85
123 67 11 39 78 85 89 34 61 28 49 12 68 91 44 86
23 21 126 121 114 88 64 93 66 23 37 122 16 109 79 11
48 90 50 127 48 12 33 109 40 82 121 109 45 37 67 69
58 66 62 45 26 126 10 92 21 48 86 37 29 38 49 78
0 99 77 48 111 110 29 24 65 22 5 110 59 72 51 118
10 114 35 37 112 45 1 6 93 88 43 123 126 92 73 126
64 22 47 47 4 76 71 69 99 76 52 30 21 103 20 31
89 55 68 74 101 70 80 66 30 123 61 28 88 6 26 24
28 73 71 33 22 15 102 121 91 26 23 112 2 44 16 91
99 84 37 72 26 117 11 56 113 72 84 73 79 111 97 107
56 40 12 78 55 115 71 19 13 95 3 15 11 19 107 110
104 16 55 2 6 66 59 119 10 15 64 89 126 33 69 55
73 81 5 1 68 77 20 82 44 23 97 55 43 76 37 19
93 92 21 99 30 80 90 41 96 26 2 94 59 71 21 4
25 27 5 93 104 25 47 20 49 17 75 92 93 112 111 58
77 4 29 107 85 119 20 53 17 23 19 76 94 41 81 119
68 86 85 44 112 4 64 33 21 11 125 115 123 108 45 72
112 75 52 69 66 72 122 84 95 14 32 62 55 113 53 123
72 10 39 56 15 103 89 36 114 86 23 109 66 69 54 50
16 106 120 82 50 114 38 18 0 71 80 55 56 5 50 0
16 89 56 31 64 17 67 50 103 91 32 41 32 86 92 48
64 84 2 114 70 41 4 71 112 84 126 40 90 49 41 106
10 97 9 75 115 76 125 90 39 29 4 71 115 96 119 51
52 122 38 122 35 42 65 19 127 64 59 89 113 100 67 123
109 81 26 109 0 89 53 42 5 64 111 53 18 98 115 19
44 60 51 49 107 92 66 88 105 70 62 104 117 82 16 98
36 43 79 36 4 4 78 10 69 62 63 87 32 50 107 76
111 30 125 90 122 63 50 99 5 112 75 123 67 91 93 103
6 45 11 11 49 89 21 118 23 84 78 55 7 57 4 118
87 1 80 81 65 2 52 70 114 127 65 53 90 31 28 97
76 39 108 125 1 1 116 24 85 66 80 92 123 84 82 82
85 34 35 22 36 87 93 23 86 30 76 48 61 105 17 9
16 125 7 17 126 123 42 84 61 122 48 56 78 3 10 35
37 45 58 74 4 23 97 90 53 45 10 115 22 28 124 39
25 3 56 24 126 98 108 59 92 28 115 42 31 125 78 69
42 8 15 46 31 112 8 84 29 19 71 52 47 68 91 72
71 19 96 70 118 76 1 82 105 117 125 8 114 75 77 29
83 92 75 114 76 84 70 106 103 14 30 22 82 121 94 25
12 63 95 2 11 97 85 116 86 82 125 72 29 74 101 112
39 49 98 115 5 40 93 108 54 123 2 8 116 96 34 1
31 1 3 43 98 88 31 56 42 28 1 71 103 102 55 14
23 25 1 28 66 95 8 120 90 10 1 79 107 35 80 10
36 83 53 7 44 85 63 86 113 64 30 88 39 85 102 62
111 104 91 49 71 99 41 33 110 42 112 89 77 64 99 114
20 25 121 64 110 56 22 95 121 52 56 32 10 30 94 121
6 57 42 77 29 83 111 11 126 95 100 75 32 71 61 52
96 54 116 78 111 10 46 104 63 102 8 73 4 102 66 11
32 108 88 61 63 71 72 61 39 44 9 71 115 70 123 84
125 111 34 108 121 80 84 56 54 92 1 59 66 67 70 98
47 30 31 111 102 103 44 13 19 53 84 7 124 79 91 121
62 125 101 55 78 57 112 4 21 113 63 87 53 5 58 100
36 89 83 10 65 0 23 84 53 107 91 49 58 54 42 120
52 15 47 2 72 31 6 93 17 70 53 70 75 111 42 111
72 126 121 9 126 16 94 51 123 57 101 53 112 15 45 36
31 93 38 103 124 44 69 13 114 122 83 62 105 126 45 49
124 39 59 122 55 25 45 51 82 18 104 66 34 22 102 65
32 78 31 27 68 95 0 64 107 81 36 114 74 103 83 113
22 56 117 48 6 107 8 124 30 73 24 90 33 119 56 65
70 87 92 10 54 93 74 33 46 111 20 120 86 103 105 108
31 94 29 38 74 37 34 104 111 58 66 16 50 122 82 120
82 46 2 8 11 77 42 57 60 62 49 18 37 26 126 68
121 27 106 67 65 12 43 48 71 109 64 121 104 18 113 58
65 115 66 76 64 108 6 124 42 55 14 79 82 13 20 75
40 126 14 105 11 57 25 82 38 90 75 14 108 60 72 45
47 11 122 112 119 0 108 34 55 123 113 9 8 5 84 48
4 98 26 15 27 51 97 66 13 44 80 122 104 25 39 23
36 33 7 27 33 116 61 89 111 47 98 119 52 55 39 56
25 65 71 53 117 40 119 2 84 71 124 60 96 36 84 4
69 91 32 103 79 93 64 62 12 34 53 65 89 93 121 115
30 65 40 19 105 31 22 62 102 18 122 71 54 78 75 124
42 107 99 121 73 35 56 85 69 109 22 31 74 16 18 105
81 58 124 58 89 18 120 63 37 115 6 91 65 82 87 107
61 58 101 6 93 29 92 35 10 114 66 85 2 84 62 83
14 58 14 103 77 6 38 114 121 45 77 59 127 37 38 60
95 11 67 61 40 31 96 51 17 34 8 20 118 70 103 4
0 117 107 77 124 17 63 117 62 13 48 61 50 87 122 17
98 61 78 11 92 46 62 109 80 70 1 70 12 105 74 12
94 53 90 90 71 25 80 5 38 0 67 88 87 61 106 58
122 56 69 86 103 3 67 55 73 69 126 85 46 72 97 12
126 59 103 69 85 55 74 123 55 13 84 15 74 62 73 68
118 14 26 93 17 94 21 90 35 19 47 81 91 16 93 89
76 68 30 33 123 105 28 51 118 112 66 65 46 11 5 37
25 32 2 42 126 23 4 33 42 51 114 6 67 79 95 15
20 126 48 15 103 77 66 93 61 4 30 108 15 36 17 40
68 19 82 66 43 86 99 85 9 85 91 77 36 59 92 56
57 13 72 32 90 10 125 23 15 28 3 30 64 20 71 4
40 25 70 83 112 41 40 121 126 4 70 34 63 35 91 120
48 35 24 10 45 21 33 60 49 37 91 113 57 34 117 97
8 125 30 39 93 56 42 98 54 90 13 49 41 79 118 118
28 111 46 58 30 44 63 121 48 90 73 32 89 43 107 97
40 9 9 5 65 51 104 119 13 117 41 55 68 31 45 96
14 91 27 44 7 90 38 55 53 111 87 14 27 66 111 67
76 120 73 13 44 49 5 57 38 46 112 107 77 29 75 91
120 102 7 127 65 45 55 118 29 14 4 56 81 115 123 29
108 68 42 24 117 47 81 28 93 66 7 42 95 82 5 88
57 13 87 122 58 14 112 87 29 116 15 110 103 11 11 83
79 53 107 69 101 61 97 66 127 104 109 94 58 114 54 115
127 14 109 58 28 93 17 57 81 33 39 57 44 50 12 123
104 120 64 77 53 33 15 52 9 124 18 68 111 73 55 110
87 37 40 115 2 58 45 84 91 84 13 7 7 25 2 111
17 67 60 70 100 75 122 110 72 13 50 55 86 105 37 45
14 78 32 17 8 77 101 99 34 114 106 41 11 108 24 29
47 84 99 20 31 94 2 103 107 52 30 65 29 68 110 44
18 14 61 26 92 34 125 126 20 103 39 31 83 63 60 3
19 32 23 50 126 25 26 105 77 56 42 106 124 24 22 14
38 83 40 2 117 37 0 9 12 39 41 96 102 101 99 121
5 122 44 3 19 70 108 96 126 22 74 123 46 97 9 85
52 50 87 42 87 88 51 100 127 92 68 102 66 39 95 71
33 11 75 52 81 55 20 80 78 94 75 124 63 84 81 116
6 41 30 94 1 81 66 0 46 6 102 112 45 70 55 78
81 2 2 35 58 22 115 8 116 62 4 52 18 86 40 25
127 70 119 0 23 57 0 69 63 103 53 108 45 109 58 126
111 60 33 41 82 20 49 70 82 54 122 101 12 34 126 11
104 117 11 0 46 11 69 109 114 123 89 31 104 19 30 87
79 63 1 33 84 50 103 38 104 98 11 116 4 9 127 109
126 10 109 44 22 50 25 8 45 114 40 21 5 70 109 84
5 110 117 89 32 93 0 9 63 11 125 67 21 125 48 19
7 29 64 29 80 89 38 125 76 78 19 81 20 0 38 25
110 27 115 14 120 115 23 55 126 21 123 19 18 43 39 25
73 103 55 25 64 93 22 12 43 41 94 63 41 4 88 23
120 17 53 118 88 65 61 60 119 8 119 8 59 116 21 72
126 21 41 57 2 100 70 33 17 50 55 75 62 108 125 54
125 50 44 85 116 105 18 107 114 9 115 45 125 8 117 123
30 30 52 32 2 122 65 20 44 120 95 106 100 92 33 98
15 77 55 3 55 73 110 41 82 97 86 79 105 75 74 7
106 126 39 108 120 105 0 36 97 96 15 70 60 48 40 75
125 95 78 52 41 60 93 123 29 51 75 7 127 21 14 105
20 54 85 12 31 86 49 0 54 64 70 114 112 110 62 109
78 12 34 119 73 127 114 102 51 61 109 50 83 124 27 103
50 112 115 81 70 36 81 124 100 24 111 84 6 45 66 84
57 100 75 2 99 62 105 22 123 86 72 78 82 99 53 4
84 41 85 26 77 39 23 50 63 6 6 69 51 72 26 108
44 101 111 16 35 88 38 31 46 111 109 1 82 35 5 38
76 91 65 25 2 88 75 65 94 82 6 17 26 32 125 71
6 108 87 41 68 125 72 115 108 54 116 63 89 121 101 37
84 38 62 86 126 10 23 92 92 30 109 118 62 107 61 68
87 20 110 28 18 54 15 126 108 3 61 69 124 35 106 81
73 41 39 72 51 63 36 15 93 18 5 27 125 67 96 84
87 78 112 105 4 127 104 113 2 37 54 127 72 33 80 18
74 119 90 125 54 126 12 19 16 17 47 13 84 15 98 44
93 82 21 97 82 125 82 84 35 9 83 107 42 35 125 116
27 87 113 81 86 125 101 102 14 20 116 99 35 86 15 0
40 36 97 122 34 52 79 69 61 34 48 103 70 46 91 97
5 76 50 91 73 23 66 87 43 54 58 78 12 73 78 52
110 48 47 16 100 126 85 33 32 5 8 102 51 99 71 57
47 122 20 120 17 86 79 61 12 10 11 24 83 90 77 65
10 124 81 110 122 38 15 26 44 23 1 95 122 72 24 41
66 45 33 84 3 112 17 16 122 28 40 78 118 117 15 0
113 97 110 107 7 125 6 51 20 7 19 14 79 43 55 18
88 88 102 92 73 119 108 67 19 20 17 10 10 33 10 123
2 121 103 9 118 109 61 11 116 80 25 67 123 81 85 84
41 59 48 114 50 28 54 70 48 71 80 58 104 90 54 106
98 82 103 9 98 53 24 93 112 61 31 59 82 110 96 36
95 104 55 75 39 98 111 49 106 42 116 121 69 6 23 39
89 126 48 59 51 72 24 36 5 55 95 87 37 63 123 5
40 51 80 79 21 64 0 127 106 117 120 48 123 16 87 84
14 8 15 66 80 39 102 86 95 69 45 4 4 41 9 44
92 90 124 113 26 124 113 4 113 105 52 109 121 12 65 8
20 81 74 100 120 48 58 87 117 104 92 121 17 101 38 109
63 34 94 89 30 79 94 16 57 18 125 50 30 62 58 50
15 4 23 8 52 81 95 41 57 59 35 74 33 73 55 96
107 22 58 9 101 24 25 30 42 22 81 73 85 11 123 100
16 18 108 68 100 76 110 29 7 17 104 40 90 31 9 69
53 67 78 27 91 104 57 5 126 10 78 83 22 74 56 38
92 36 106 64 112 88 94 120 105 70 32 67 101 41 8 27
108 87 54 71 63 111 77 61 122 27 17 16 101 73 54 66
109 32 2 94 121 96 86 98 38 118 38 12 32 46 39 12
5 93 84 68 76 33 2 70 60 19 86 34 92 12 100 73
45 102 39 38 71 125 8 109 116 46 121 20 93 32 32 98
125 116 39 74 21 41 16 82 60 103 116 24 115 88 97 32
62 9 70 5 6 79 115 122 125 108 14 90 13 47 61 10
35 100 84 57 13 101 11 73 76 127 97 63 87 66 96 21
75 38 27 82 117 14 76 115 122 91 77 7 10 10 18 45
110 102 102 123 75 113 68 23 112 37 87 71 104 55 93 51
93 120 5 83 6 82 70 0 45 19 8 55 30 26 100 12
0 75 8 76 60 76 99 45 114 58 116 90 113 81 13 79
73 19 34 79 101 104 80 18 123 88 73 25 114 45 38 114
120 46 62 53 122 34 98 108 92 86 70 78 40 84 29 113
103 63 65 76 39 17 94 34 105 39 60 91 84 98 77 77
16 12 2 10 46 100 119 10 58 61 88 98 17 117 84 120
52 21 68 91 38 34 126 15 73 58 106 30 28 55 107 44
67 109 54 113 81 45 124 11 107 84 110 124 74 66 117 126
87 57 90 125 92 88 12 37 18 118 67 46 45 46 90 113
27 16 98 108 62 94 120 41 51 102 37 125 40 26 123 127
