6 103 44 37 106 31 32 65 97 62 96 84 21 35 29 86
43 97 63 60 70 113 14 53 10 8 37 127 9 10 47 15
113 91 52 91 122 85 29 91 19 125 48 40 32 77 126 75
46 62 8 117 47 22 42 57 30 79 56 39 90 103 54 75
66 107 39 61 64 68 24 83 65 72 123 98 21 121 45 68
55 53 57 102 76 99 32 106 51 88 18 13 64 72 88 2
51 127 63 115 67 88 70 5 32 65 103 54 59 20 122 114
74 51 89 22 22 121 0 73 81 18 86 17 91 47 20 14
46 83 2 114 43 72 119 76 10 94 2 69 114 124 55 60
47 16 82 69 9 83 15 91 101 101 108 64 20 0 79 67
84 81 53 127 25 44 75 35 10 77 104 124 73 32 57 120
48 11 62 58 94 77 21 68 50 1 4 71 2 83 10 86
36 63 85 62 107 33 97 117 110 74 113 56 106 42 48 26
54 110 84 20 59 105 88 110 107 93 53 109 48 63 67 85
126 24 19 105 57 116 94 40 62 79 96 40 122 16 67 48
127 23 68 58 1 29 40 108 122 93 89 42 28 28 127 26
52 18 3 110 7 97 22 69 49 118 110 43 6 49 91 5
72 31 64 73 60 104 53 54 70 14 97 98 42 96 125 95
115 0 77 122 98 99 63 19 89 45 62 95 94 25 101 39
56 37 112 117 13 38 43 83 52 12 54 95 109 51 62 96
51 11 90 21 110 25 40 71 71 102 38 37 127 11 76 56
48 61 45 62 99 88 17 23 101 71 118 82 122 52 50 46
63 12 67 45 37 108 116 108 82 27 18 82 38 94 10 87
27 55 21 126 15 38 22 116 110 12 70 104 65 120 22 0
4 90 46 42 70 34 22 24 61 40 106 100 7 116 59 34
43 80 33 59 118 55 47 100 67 118 77 4 110 99 5 115
61 51 29 3 85 51 28 19 92 6 119 99 123 50 5 38
2 38 97 120 93 17 93 33 7 42 37 117 13 42 104 75
93 5 78 51 57 106 70 21 113 61 120 108 111 125 18 113
36 116 105 1 5 70 34 12 112 72 1 126 114 106 73 80
111 23 3 40 2 73 61 115 6 53 95 117 51 113 102 87
101 79 88 106 22 123 118 6 67 120 4 53 98 77 5 81
62 25 34 69 94 32 75 127 47 118 67 9 71 0 116 93
0 94 79 112 64 87 83 106 29 54 48 67 54 37 30 116
62 64 58 28 97 5 28 16 124 95 25 67 96 14 32 96
108 112 80 44 71 35 22 100 89 71 40 15 108 70 4 42
6 62 70 103 67 98 120 63 66 17 3 34 31 35 2 12
19 82 56 90 118 79 63 79 22 103 95 2 45 99 44 51
33 114 27 100 85 19 36 23 36 39 57 68 74 59 80 94
13 8 56 3 87 119 83 109 94 50 111 11 21 27 63 54
14 90 26 99 109 62 122 17 101 51 85 48 110 37 14 123
46 70 127 5 62 82 115 28 4 98 40 25 126 103 79 12
65 105 111 46 40 105 63 13 28 21 61 10 58 75 5 104
18 4 110 80 86 97 108 90 67 20 115 65 123 66 77 60
44 60 106 84 37 42 97 65 63 31 75 121 106 81 98 124
85 80 76 44 49 57 6 116 77 122 54 73 60 3 5 104
64 112 60 101 26 30 39 89 61 114 82 39 67 52 36 25
4 112 69 53 41 75 42 119 69 96 64 2 99 69 106 35
53 39 9 79 69 48 40 2 34 123 41 102 47 77 127 52
62 68 105 103 15 19 94 85 115 30 87 87 100 65 122 25
104 3 105 45 51 17 47 86 12 89 60 60 38 59 112 100
127 89 76 14 109 42 99 96 73 58 55 45 124 50 70 100
53 47 18 105 65 65 63 77 26 123 9 65 54 121 37 53
83 113 67 64 28 39 32 101 97 88 18 93 10 88 66 63
8 84 40 73 21 103 22 48 98 32 113 24 25 22 77 108
8 17 44 36 56 77 9 25 37 27 119 47 115 57 110 123
13 23 68 34 126 91 82 97 123 67 121 20 90 71 1 98
88 45 6 16 122 15 41 31 42 32 78 29 89 61 25 102
84 93 9 82 56 91 51 51 31 45 72 121 116 73 91 76
118 97 92 113 112 5 16 26 38 95 55 127 28 80 102 112
46 111 66 102 74 118 26 105 35 98 98 23 43 61 99 33
30 63 18 14 68 35 40 106 2 96 106 30 48 80 14 94
63 80 69 9 70 95 115 105 65 85 0 108 19 99 13 49
34 32 64 103 67 104 81 69 72 59 99 121 11 113 87 74
5 21 93 88 33 34 30 13 125 56 85 69 25 57 114 27
66 14 88 0 23 119 61 110 46 96 24 67 43 23 15 49
44 108 9 77 14 40 90 11 96 47 80 122 104 66 21 42
81 110 42 104 101 104 87 19 72 111 86 116 6 101 37 50
81 46 127 95 86 89 106 55 9 59 49 113 125 70 28 78
52 70 55 25 46 14 44 119 125 2 107 4 103 16 54 56
62 54 23 21 15 2 76 24 61 125 10 58 67 38 9 120
108 64 17 27 78 62 18 75 64 125 79 40 13 6 96 75
60 120 96 75 122 44 100 55 41 110 113 109 20 122 101 0
58 118 27 8 52 45 84 117 42 35 29 55 41 125 3 101
117 99 49 111 16 21 38 57 3 24 38 23 18 11 23 77
2 51 85 54 96 41 43 11 77 72 66 118 70 69 92 59
41 13 43 57 34 81 114 37 105 25 60 124 36 83 73 38
6 30 93 103 72 8 114 21 81 52 11 23 122 103 82 35
116 125 92 22 79 78 59 56 103 119 52 12 75 125 50 81
28 15 56 100 24 42 121 105 95 4 0 89 108 82 124 96
80 88 119 31 38 50 87 14 42 12 26 117 9 76 70 37
92 127 9 116 41 2 93 8 7 93 97 115 47 93 83 127
53 74 30 92 125 118 106 39 2 4 28 11 80 98 49 44
97 58 32 11 61 125 19 68 90 117 55 10 82 10 9 8
85 40 100 82 30 78 121 32 82 21 43 34 119 92 79 89
23 111 100 84 109 119 24 71 108 79 81 63 89 91 71 46
3 43 0 33 121 121 65 75 14 108 109 6 73 60 95 96
44 67 52 25 58 76 96 39 27 50 102 116 13 45 35 16
88 35 49 81 29 114 28 43 94 9 49 39 70 16 7 114
83 59 11 14 7 107 53 34 29 27 23 42 72 58 58 32
93 107 113 122 93 13 38 60 22 87 99 92 104 107 78 59
38 89 73 46 69 126 80 98 25 103 13 97 33 71 1 127
51 114 121 16 127 31 76 22 119 48 114 95 27 65 26 65
26 100 111 95 98 64 66 124 39 79 93 73 22 95 72 73
81 65 90 81 97 38 103 88 86 89 55 113 26 81 51 53
53 34 20 24 98 86 20 10 37 113 83 60 80 27 5 34
72 70 16 21 126 124 126 35 63 17 109 60 91 55 121 96
32 92 2 27 95 25 68 42 37 80 11 120 98 25 4 42
95 20 63 94 16 62 1 80 79 110 12 42 37 5 11 69
97 13 96 64 38 36 106 75 116 117 67 86 15 71 1 110
92 64 76 108 126 77 60 78 59 72 120 96 77 3 37 46
16 5 111 54 42 89 1 30 79 68 117 94 12 118 76 104
54 25 84 53 102 17 3 34 89 123 2 39 127 40 85 15
45 68 70 87 30 71 118 109 12 107 75 24 97 23 0 23
48 84 76 23 101 79 57 63 75 59 102 74 99 59 89 17
0 31 104 30 103 94 11 115 73 86 11 42 109 11 66 30
95 14 53 69 94 110 4 41 41 106 115 13 37 76 30 37
108 6 67 83 101 78 70 46 36 81 89 18 92 27 48 59
41 101 0 7 83 4 48 124 110 35 9 20 112 39 57 92
46 125 47 19 75 117 65 112 70 26 2 34 53 50 93 95
23 94 102 106 98 23 102 81 58 112 101 42 23 30 6 69
27 53 88 103 42 26 87 112 52 89 18 106 11 112 73 34
78 47 12 48 70 114 1 1 98 102 43 122 5 50 63 32
103 24 7 18 50 94 2 102 55 21 80 66 5 25 100 83
73 112 3 15 99 5 16 69 107 60 63 112 110 127 17 85
23 24 103 73 119 106 47 46 127 0 113 4 25 85 87 98
70 90 114 41 95 2 110 75 62 46 59 44 45 76 2 68
101 105 13 92 83 60 10 82 60 123 86 86 81 45 56 23
8 42 64 103 45 46 50 107 92 110 24 9 58 26 77 31
3 90 123 87 23 6 41 83 1 0 41 82 45 98 105 53
12 41 29 57 88 79 37 52 61 61 62 120 87 11 23 90
102 19 49 125 25 91 80 26 91 122 109 8 92 86 62 104
0 91 34 88 42 71 12 104 4 74 96 91 86 119 53 60
10 103 57 35 66 9 62 29 3 43 37 95 1 99 72 1
62 106 89 105 49 102 81 53 48 49 16 6 40 69 66 51
44 123 86 110 5 20 11 8 63 49 104 65 20 48 66 83
26 28 60 75 2 13 0 50 62 16 57 102 85 123 25 2
119 112 112 124 4 124 4 68 45 108 5 65 28 71 20 54
79 116 11 32 0 12 111 63 94 51 43 111 59 18 15 46
118 51 69 86 119 107 81 94 66 36 122 87 21 29 83 100
18 94 4 18 106 115 81 73 39 124 56 98 14 72 16 4
123 85 90 115 64 43 81 2 79 75 89 100 104 44 72 122
11 76 12 117 64 93 62 103 89 119 73 103 63 89 107 58
46 69 45 111 112 126 113 63 73 75 35 50 119 107 44 2
56 57 120 120 22 54 95 112 45 40 87 108 1 67 39 47
8 84 30 121 83 16 56 28 91 92 78 82 71 123 85 127
52 77 119 74 3 86 58 49 126 18 29 127 85 68 47 93
25 77 86 108 93 15 8 56 107 87 11 50 82 96 50 6
45 41 80 48 0 11 97 126 29 127 126 114 67 45 79 92
122 38 72 88 53 81 16 32 40 27 82 122 123 4 0 40
46 80 89 46 91 58 44 120 57 42 106 125 87 58 89 82
96 34 42 21 115 58 53 27 86 7 21 81 12 21 122 58
101 83 104 65 13 20 57 71 63 36 68 22 94 29 104 62
63 18 83 50 77 8 77 35 15 98 116 27 119 110 85 93
65 61 30 79 82 87 22 17 123 90 39 89 119 16 23 55
34 106 105 111 114 55 18 2 25 7 29 17 117 115 110 55
48 12 6 2 99 28 19 95 118 59 56 109 75 80 36 109
58 14 93 45 69 111 47 94 118 76 111 108 63 93 35 112
105 41 114 77 69 6 44 59 65 100 40 12 52 77 121 111
91 86 28 32 70 75 126 60 23 110 40 87 75 75 71 53
116 57 2 57 63 46 116 0 18 29 12 71 106 6 54 69
92 82 101 34 29 99 95 52 81 7 11 29 83 82 82 71
12 84 1 75 2 117 76 20 18 88 91 124 94 17 65 59
99 38 93 0 10 60 53 91 68 64 120 23 19 74 94 31
30 95 106 32 85 54 53 103 15 16 100 109 34 37 40 5
76 6 6 86 66 59 49 6 123 42 29 14 116 124 45 19
91 24 51 48 78 104 24 93 121 124 75 27 33 115 32 109
121 38 67 60 97 117 66 93 31 96 107 19 92 25 38 55
49 90 104 127 66 0 93 59 124 40 86 29 27 119 11 21
29 78 81 127 67 19 92 98 115 71 118 79 96 28 7 17
26 37 44 44 50 12 99 0 126 24 126 34 20 123 79 78
4 43 7 13 127 34 19 109 62 112 49 51 94 79 46 121
116 91 37 38 103 8 38 101 33 36 8 53 31 87 4 35
2 11 48 2 45 67 111 108 51 32 31 18 111 78 11 99
41 48 9 16 56 48 118 89 84 126 15 116 85 19 23 88
30 72 90 76 11 73 56 63 106 87 81 89 37 92 61 78
12 70 95 68 118 85 30 75 83 45 63 40 64 86 0 94
30 90 42 42 36 98 105 14 58 58 103 95 22 36 46 34
107 13 102 97 98 4 44 53 49 107 93 113 66 94 80 96
56 122 10 92 93 115 106 23 45 82 118 67 118 36 101 97
49 76 67 19 80 111 72 2 91 38 115 29 4 67 125 60
62 8 25 27 123 3 50 41 85 40 108 76 77 82 45 126
30 112 18 110 96 90 112 59 0 100 88 4 39 85 65 101
93 90 0 89 93 50 2 51 91 110 127 40 64 44 38 94
29 56 77 125 19 61 56 19 33 16 24 73 101 89 46 67
51 47 28 16 97 30 67 60 12 66 100 77 111 11 43 12
67 120 9 86 54 65 106 87 81 2 32 54 91 79 121 14
126 21 30 95 51 98 28 64 36 0 13 19 11 56 31 79
49 40 37 103 105 15 62 58 17 95 113 108 46 106 122 44
0 25 11 51 123 39 115 31 40 0 51 51 57 82 2 106
123 40 81 100 55 15 31 73 110 16 53 28 122 48 72 122
73 84 46 68 123 33 99 35 34 22 87 91 105 89 69 100
1 22 72 57 37 103 2 20 119 55 48 114 103 121 108 48
77 26 116 72 60 88 108 94 110 67 57 87 28 126 59 30
20 4 87 57 107 89 77 99 16 126 85 120 119 65 40 68
92 29 12 24 117 120 118 99 59 47 59 88 45 118 118 65
122 77 122 102 38 72 73 54 70 30 46 61 95 87 1 59
116 13 83 105 6 73 76 65 120 7 25 37 126 15 102 120
92 97 94 2 41 39 57 111 69 103 44 37 62 45 96 50
58 52 27 64 125 104 2 118 111 27 27 109 43 2 102 7
99 68 10 12 108 67 123 49 42 39 86 105 84 55 27 14
107 55 79 104 31 81 94 14 108 122 124 23 124 98 31 95
99 109 120 37 41 101 45 107 95 84 35 85 4 17 49 42
34 57 92 92 10 108 105 19 67 74 17 6 31 18 98 3
0 90 40 41 63 86 20 30 42 55 116 46 73 37 88 107
95 52 72 105 33 49 124 100 124 13 106 27 32 76 30 32
38 71 73 101 29 93 4 71 21 120 117 94 29 77 73 124
2 17 102 35 67 98 7 63 112 113 90 16 61 121 48 99
64 121 72 93 86 76 36 107 68 25 73 98 102 19 94 104
36 68 11 103 39 18 38 23 3 1 39 64 122 87 35 58
80 108 23 38 56 59 18 125 84 91 95 58 110 61 35 19
2 46 122 41 65 33 64 68 34 103 5 28 62 40 86 14
20 109 52 77 40 70 74 124 34 41 54 16 102 89 35 104
8 30 17 73 63 81 13 97 56 18 125 118 59 83 4 79
64 57 28 104 127 102 100 33 15 26 50 118 116 85 94 124
115 112 69 50 65 82 19 122 101 16 112 32 99 117 111 35
46 12 11 45 114 111 79 2 10 1 120 126 86 86 122 74
70 63 124 8 17 16 2 118 32 114 22 4 103 6 39 21
18 51 67 4 34 18 6 44 19 126 42 105 85 36 51 27
99 48 35 117 64 37 107 96 24 2 100 127 8 12 21 26
63 88 30 97 106 37 14 125 35 56 102 120 93 26 20 64
74 55 53 10 93 33 106 117 35 79 116 43 91 9 69 26
97 99 123 75 8 9 72 44 66 47 36 31 73 56 95 19
112 21 29 77 54 7 66 89 86 54 4 49 64 73 75 33
44 71 109 53 80 53 97 18 100 5 49 45 62 17 64 46
38 93 123 92 101 61 53 59 115 57 109 51 2 56 85 46
127 66 99 80 119 68 98 92 74 20 9 8 37 74 54 75
39 49 39 12 110 92 72 97 21 53 21 23 109 106 69 109
44 41 61 35 109 31 127 55 51 9 63 88 83 117 35 122
38 74 7 20 38 79 118 59 4 11 82 113 117 24 94 33
65 27 68 46 59 68 102 110 77 37 71 32 27 106 26 65
53 33 86 91 112 76 23 116 87 105 102 76 1 68 109 66
96 49 113 27 117 87 9 66 124 80 98 23 59 125 89 112
30 47 75 15 123 98 3 82 76 105 30 77 46 11 16 14
107 121 61 41 109 40 45 44 11 89 102 105 10 14 45 92
54 56 125 18 41 21 72 117 66 54 77 22 84 63 55 63
56 117 104 38 29 21 82 40 110 56 18 120 71 63 85 125
120 82 15 33 103 88 23 42 14 100 64 98 35 119 33 92
108 9 2 9 30 84 50 12 13 68 4 84 3 89 81 123
43 96 29 19 56 52 61 70 24 125 40 59 116 73 23 97
82 25 106 112 110 28 124 123 96 1 79 100 90 32 95 6
0 124 25 57 48 86 127 72 83 40 4 71 113 27 40 68
53 19 52 35 47 49 30 16 50 109 116 12 13 83 18 13
80 43 70 0 1 70 73 84 110 77 28 95 104 68 35 29
87 88 64 7 9 94 23 59 75 11 71 88 94 90 102 46
5 44 47 7 114 120 91 96 69 119 64 45 60 99 75 19
59 11 26 68 106 49 127 53 60 71 14 27 33 116 73 38
32 120 45 19 112 9 115 53 0 51 99 60 23 46 80 82
57 106 23 35 28 22 89 88 93 103 115 126 91 61 37 123
53 82 14 38 91 2 91 92 53 62 24 76 108 104 31 38
83 54 73 111 76 34 71 42 9 59 40 100 120 77 96 45
32 110 83 123 112 47 87 38 109 112 114 90 88 17 0 43
71 73 26 20 108 98 62 117 29 102 90 21 52 58 66 84
40 22 79 25 69 39 63 50 23 49 12 111 67 12 27 10
86 53 30 66 23 92 55 52 67 17 73 119 75 12 75 116
34 26 13 103 65 76 25 88 125 38 72 64 50 99 75 8
24 105 74 48 70 2 100 9 19 46 0 95 58 75 83 92
101 96 67 39 44 92 127 41 2 71 106 53 42 53 61 67
30 8 115 100 10 87 109 29 5 109 124 63 56 79 27 30
47 94 69 91 59 68 5 61 12 111 114 54 36 48 121 66
56 108 39 66 68 20 95 73 2 92 9 58 43 36 88 91
3 29 54 62 98 59 123 110 42 110 36 78 30 30 17 86
10 56 24 78 76 119 24 78 83 33 9 127 69 97 90 72
127 16 6 97 76 2 79 118 112 115 69 14 17 86 100 28
14 124 106 90 115 2 41 71 35 50 70 105 19 32 49 18
48 56 115 124 58 66 115 42 54 56 56 71 14 28 99 28
57 107 15 6 24 29 68 33 25 59 77 44 49 62 107 82
73 73 87 63 37 83 66 45 64 30 54 60 109 100 17 38
80 32 45 104 62 113 9 87 44 87 3 93 21 111 47 94
56 6 30 93 89 96 10 25 126 65 86 107 37 103 18 117
7 63 93 69 48 103 29 92 62 32 57 83 15 104 50 71
110 80 36 72 48 47 97 47 112 55 26 21 30 44 11 38
107 104 107 27 79 8 119 13 41 48 97 56 24 19 0 7
99 36 79 19 83 48 66 67 104 93 89 6 9 100 44 117
76 24 16 28 32 8 41 73 56 10 2 81 29 2 88 0
38 39 20 122 87 86 61 63 51 22 70 61 122 114 50 71
10 66 99 43 74 12 116 3 23 118 84 52 120 44 53 31
83 73 25 42 31 86 106 83 109 48 16 103 34 66 46 45
4 17 88 79 30 76 82 53 67 38 105 59 82 30 90 37
103 115 79 7 74 57 90 55 105 106 30 12 44 77 57 48
94 17 127 124 93 81 49 32 119 27 92 73 57 54 110 33
42 62 40 116 119 2 43 97 108 73 109 24 22 38 72 117
55 72 113 20 25 35 53 17 62 17 90 119 71 73 24 113
7 64 101 126 66 16 95 46 90 76 70 112 114 15 101 41
87 87 62 112 122 115 1 56 4 92 47 75 37 72 61 44
8 34 42 75 51 10 121 13 86 64 125 73 79 99 114 38
58 48 22 52 35 24 108 39 116 27 115 25 99 48 69 108
82 111 55 5 121 48 18 80 112 16 25 63 115 11 101 45
60 124 97 95 20 77 7 8 104 122 33 76 42 102 56 124
85 111 2 79 31 20 31 16 36 56 79 23 67 53 68 127
49 37 95 69 114 102 77 91 96 110 39 10 84 95 6 41
78 8 120 109 29 23 125 65 79 77 89 19 2 29 18 51
67 113 120 53 87 69 16 55 51 55 65 7 22 72 48 100
80 41 82 109 64 79 47 16 28 8 35 30 37 53 81 104
39 73 30 126 14 46 54 65 102 119 72 124 63 121 97 16
34 51 125 98 2 44 114 31 52 21 61 90 75 15 66 114
88 96 112 103 15 38 40 117 30 113 113 93 106 82 109 12
5 107 110 8 23 97 39 76 118 100 38 65 115 104 51 76
27 51 101 110 80 112 87 21 92 127 70 80 16 41 33 90
120 70 114 89 97 64 41 34 32 78 110 15 62 59 81 90
110 55 72 63 39 31 84 3 31 27 84 47 68 117 9 61
59 123 22 29 60 63 63 92 13 45 107 75 104 60 37 86
115 109 21 26 13 106 30 44 5 114 91 73 103 100 6 35
96 28 64 28 91 127 120 104 44 99 52 20 31 89 106 19
71 0 45 84 106 75 0 111 61 91 56 37 63 63 72 31
91 8 59 55 7 51 31 51 22 83 71 54 45 49 73 116
49 118 72 27 66 72 10 127 35 67 36 98 2 108 2 93
116 61 20 123 113 52 46 7 7 117 61 52 39 6 40 88
125 112 116 63 56 126 62 91 65 99 62 67 79 64 33 68
125 53 63 110 105 110 118 113 99 51 37 10 58 78 99 55
62 87 118 119 85 52 82 23 23 16 90 103 80 123 43 78
49 106 60 26 88 50 11 60 102 49 70 32 127 41 87 61
0 77 52 86 1 7 109 25 23 71 0 104 67 43 54 116
21 114 14 110 37 26 42 11 75 112 43 74 26 2 7 26
79 60 112 80 67 93 105 90 37 105 66 104 20 120 92 42
107 106 24 16 4 66 27 79 50 70 25 76 72 33 103 23
93 87 103 32 53 81 122 90 58 61 66 79 53 30 121 32
8 17 48 13 83 75 92 5 17 118 82 89 23 57 112 116
16 88 20 69 41 14 31 99 75 97 50 1 127 43 33 8
60 82 21 15 29 113 21 47 103 103 8 126 32 121 114 48
81 6 118 122 21 21 93 96 119 16 97 118 59 3 126 120
85 19 7 114 5 28 33 108 3 42 107 35 35 93 84 116
100 74 110 121 95 75 89 86 91 59 77 23 62 75 15 19
95 22 5 100 51 39 80 54 81 59 90 116 25 46 104 125
120 86 118 87 33 79 46 125 10 123 20 72 70 35 91 37
57 97 9 108 8 90 35 89 21 125 77 46 43 53 43 35
11 33 122 44 113 40 41 123 35 61 68 106 96 31 15 26
0 25 6 8 115 41 97 8 38 46 55 81 99 98 116 110
4 111 27 117 23 68 112 59 2 52 37 98 84 52 124 84
77 3 93 64 44 62 73 83 109 0 36 80 98 25 63 102
