6 96 72 109 124 69 16 46 87 80 83 27 11 64 99 91
70 116 48 117 61 30 121 103 50 44 88 81 68 48 22 75
16 94 56 12 35 72 59 122 24 14 22 35 78 121 126 21
109 46 10 42 77 3 17 127 47 106 80 116 26 102 63 42
68 119 55 103 63 114 98 87 0 120 122 78 113 120 99 95
39 109 9 116 113 27 115 32 5 67 20 31 41 83 73 109
74 0 84 9 114 54 96 114 46 90 65 32 83 36 127 122
18 8 110 3 35 97 35 40 36 56 71 77 11 17 58 86
17 14 95 4 69 64 118 115 26 55 19 109 92 18 103 110
27 85 113 62 54 20 103 90 76 46 39 88 63 97 46 81
112 13 85 53 77 75 40 104 3 60 85 95 78 61 77 105
18 62 40 73 82 15 35 31 61 75 119 125 44 37 78 28
50 35 81 0 110 122 104 113 54 61 80 4 122 29 110 13
91 22 86 46 37 121 77 98 68 68 95 113 105 45 13 27
80 95 27 63 89 3 48 15 65 1 19 59 30 1 72 122
23 30 40 60 24 117 31 92 57 126 77 34 44 91 61 124
58 89 59 19 92 108 34 29 109 53 89 11 55 33 5 78
64 45 11 88 34 42 52 91 40 2 125 84 93 59 81 23
20 12 42 112 120 76 14 101 1 103 113 56 8 118 7 72
36 18 32 70 60 85 34 100 87 31 57 52 90 10 75 110
22 117 95 15 65 109 116 66 84 101 123 92 92 2 37 0
20 69 70 80 26 104 52 113 8 109 37 98 119 112 81 14
101 48 29 38 29 17 105 113 119 100 77 83 102 114 83 122
56 25 74 82 2 126 68 10 108 105 108 99 90 61 113 63
109 14 102 10 32 79 123 23 51 73 106 25 59 61 19 115
86 93 70 88 91 10 98 71 115 79 43 77 12 28 13 122
43 115 4 75 66 0 98 117 73 76 14 4 9 33 120 95
126 62 56 89 72 26 33 59 105 76 9 118 104 22 112 19
9 116 94 75 116 64 64 61 12 78 66 21 111 58 117 109
120 45 70 64 71 103 123 49 51 4 39 28 26 23 47 35
11 14 110 0 78 46 61 91 124 127 112 107 57 101 88 49
18 31 113 90 6 109 11 58 113 50 86 12 73 5 47 84
77 117 37 116 0 45 89 54 100 89 23 42 55 115 25 89
73 81 35 119 12 32 72 4 4 15 35 68 53 127 123 2
117 32 119 117 77 80 43 49 41 66 92 97 53 117 58 127
70 93 118 82 125 63 87 2 78 122 70 4 121 65 6 110
97 125 99 47 78 14 96 119 80 60 88 6 49 18 5 120
111 123 74 109 58 33 111 9 27 53 13 21 119 19 3 88
17 103 7 95 117 104 86 70 36 47 76 86 65 81 78 49
76 24 30 7 58 13 16 85 66 29 106 57 48 110 18 65
85 25 32 74 1 119 16 38 38 92 124 103 45 74 24 122
98 54 1 28 67 17 114 6 46 92 63 94 74 81 32 31
107 64 106 108 55 122 18 93 87 14 69 4 88 93 126 59
20 127 87 87 16 73 93 62 38 29 29 112 110 61 16 89
125 122 70 53 116 88 18 75 103 87 80 63 53 78 122 73
78 82 32 94 27 126 29 65 27 58 50 9 119 66 99 116
60 41 41 48 1 60 124 104 19 76 40 72 26 34 17 104
116 50 71 16 48 100 81 75 30 3 84 21 69 55 9 1
96 51 50 98 111 46 74 2 122 114 75 20 21 92 125 9
14 68 25 62 40 107 9 70 110 94 91 52 21 100 53 118
23 103 88 6 21 34 9 15 21 84 36 42 48 33 51 63
101 77 125 13 56 7 83 38 101 46 90 122 18 16 112 42
119 72 48 13 107 57 28 0 13 64 42 62 97 93 125 70
42 122 83 98 1 38 9 102 84 99 97 103 115 81 17 107
26 65 120 5 123 20 5 8 85 47 70 54 12 67 125 55
62 80 25 63 119 34 38 75 6 7 50 121 88 67 100 114
5 92 119 0 113 124 8 70 43 79 124 56 18 121 111 80
74 8 16 65 43 54 12 49 61 63 42 21 2 15 8 7
107 127 7 92 124 16 34 39 95 31 95 113 24 78 66 98
87 82 35 2 8 48 51 69 111 93 90 113 108 98 121 88
98 0 52 94 16 87 5 111 118 101 97 14 51 35 113 10
117 20 12 125 68 63 66 51 29 28 37 9 127 30 97 97
30 22 63 47 109 68 30 99 41 127 113 93 34 98 103 23
119 116 20 59 51 86 111 80 115 20 90 114 50 59 83 80
80 8 95 90 23 67 39 53 63 50 37 103 112 97 0 54
109 21 103 91 120 27 29 50 113 11 66 74 48 122 117 0
2 85 90 26 24 1 79 88 52 116 63 36 85 63 90 66
84 65 30 76 92 59 126 78 71 64 24 119 58 14 119 61
99 82 87 123 83 38 83 7 26 18 43 111 81 5 49 37
71 79 113 35 11 111 113 82 48 10 73 106 24 64 39 123
18 126 118 102 36 74 109 62 92 25 45 46 30 95 83 101
46 69 9 57 52 122 11 100 4 84 79 28 21 118 23 39
117 14 13 25 88 123 88 52 20 5 98 50 100 54 24 19
123 33 76 47 27 88 20 32 44 99 60 65 89 84 105 78
98 118 104 58 113 64 110 5 69 81 56 42 7 80 61 2
113 9 49 12 97 69 44 14 40 105 79 2 61 56 80 31
47 56 89 32 120 71 38 62 24 94 104 31 46 37 33 31
46 83 43 16 24 88 30 65 65 109 67 126 38 19 29 85
76 118 117 68 61 27 2 86 121 106 117 39 15 23 70 62
106 114 78 2 74 108 67 11 89 6 9 127 26 38 84 102
28 74 42 89 101 45 47 95 23 37 6 39 60 77 101 38
63 51 40 9 31 108 20 120 114 29 120 12 67 76 114 95
22 29 56 124 74 104 91 97 13 97 8 73 46 109 111 109
32 23 118 63 3 10 56 118 39 48 2 106 124 117 73 19
18 2 15 92 106 106 61 119 75 70 64 122 51 47 103 84
70 94 19 74 104 75 64 16 123 66 122 120 55 68 11 73
70 26 37 48 4 99 39 79 41 103 73 92 22 49 48 92
15 68 38 119 15 102 7 11 41 2 3 96 70 14 42 12
40 79 60 44 50 99 123 91 74 69 56 96 118 104 60 5
44 99 124 60 73 4 71 114 6 74 83 76 88 125 88 0
76 20 44 127 119 39 90 65 108 18 33 98 123 93 103 39
64 100 99 10 104 42 124 110 116 79 58 76 76 18 76 25
38 120 24 29 32 114 94 12 5 127 111 0 92 86 39 29
58 11 39 34 53 35 16 42 115 74 118 63 92 67 88 2
59 112 31 91 99 125 104 104 124 87 104 89 45 15 118 104
26 29 10 80 64 27 122 51 101 112 115 66 51 75 68 111
35 117 90 101 82 87 85 84 122 96 112 88 75 23 4 4
52 81 28 115 123 25 15 32 67 23 65 74 43 105 118 78
95 80 51 49 39 9 6 33 105 118 121 52 13 125 56 65
79 84 53 74 109 68 107 49 91 44 123 6 22 113 84 117
65 8 38 104 17 44 10 122 34 3 46 48 1 102 113 80
59 38 26 40 106 5 89 70 50 84 76 72 69 33 61 6
41 99 111 58 16 121 52 50 124 98 98 125 72 84 77 3
122 104 44 101 109 5 43 31 90 119 103 31 24 36 38 65
8 21 123 24 14 47 74 10 17 45 8 90 1 85 93 123
61 9 96 43 15 11 74 105 3 50 8 27 86 46 93 94
67 88 118 81 8 65 92 25 110 100 115 111 57 81 106 119
90 75 34 105 86 108 82 89 30 91 117 117 9 82 83 77
42 74 30 50 11 122 76 121 94 63 104 24 16 82 15 107
29 49 84 116 29 39 77 60 2 66 49 11 20 4 88 63
78 119 113 89 113 61 82 80 125 58 104 13 13 119 120 42
40 77 30 69 116 108 1 118 46 50 1 67 55 90 2 5
81 115 95 66 49 49 18 46 108 122 59 121 113 52 35 25
1 66 95 117 46 96 107 92 19 108 31 74 70 33 79 23
21 46 90 70 96 108 116 76 103 47 69 88 99 104 114 100
42 81 89 88 49 68 53 68 49 84 14 119 118 94 15 11
12 105 81 108 85 69 56 60 116 125 21 88 102 7 60 16
88 22 105 9 90 30 78 11 114 92 3 104 58 18 115 71
123 68 51 80 9 108 13 126 105 34 86 79 41 18 96 1
40 73 10 3 103 88 14 89 53 17 66 111 35 53 54 30
122 106 111 3 86 124 1 63 30 87 15 71 106 111 72 18
56 82 21 31 43 36 120 96 53 58 79 89 112 6 119 106
112 102 109 70 98 111 5 0 70 20 71 48 3 15 67 59
98 88 90 13 124 83 109 50 13 60 11 125 66 2 103 50
105 85 120 75 68 126 76 10 18 19 59 22 35 126 81 5
86 44 18 83 127 127 5 12 59 16 10 126 18 113 48 123
70 41 71 10 39 19 21 57 38 80 79 73 78 33 78 36
77 96 119 76 95 124 88 27 12 98 25 31 84 73 26 26
4 121 71 119 106 29 16 53 70 97 35 97 119 22 98 48
107 66 50 112 117 8 105 16 37 88 123 106 68 83 31 72
76 102 64 54 3 80 107 74 49 14 43 40 37 13 88 16
80 11 0 69 19 105 85 56 66 80 34 6 36 65 78 112
39 14 39 42 95 18 116 16 33 32 57 70 45 17 86 125
28 86 66 47 63 23 103 1 104 9 7 12 74 86 124 113
100 35 28 67 54 16 84 87 48 13 29 94 30 115 91 59
73 30 106 8 53 82 10 29 91 17 41 38 103 38 23 76
73 51 15 127 68 99 86 116 112 115 82 15 102 46 74 47
76 52 56 1 6 66 31 98 83 72 8 59 110 31 7 56
83 22 55 23 122 14 11 106 1 94 121 104 12 67 23 88
120 79 89 126 17 120 96 101 65 104 32 47 8 39 103 91
61 31 114 55 45 125 34 46 91 27 22 103 95 46 63 87
125 25 85 15 17 54 116 82 30 20 2 38 59 105 1 120
8 115 48 53 113 82 100 76 109 122 52 76 40 115 35 38
12 121 53 30 47 41 112 77 61 114 116 120 92 117 112 100
105 32 26 90 114 126 38 96 120 90 44 33 78 80 71 90
73 124 120 120 37 105 69 98 91 57 90 55 47 74 28 24
107 54 114 93 52 24 61 44 115 106 77 65 58 20 27 3
16 20 123 53 125 64 23 88 122 113 16 41 60 44 65 39
98 51 4 22 75 66 66 62 44 16 127 102 36 27 105 53
47 100 106 44 36 2 4 30 115 20 71 47 64 8 86 34
59 91 56 7 29 123 69 73 11 69 47 47 96 24 100 15
124 79 59 32 81 63 63 68 84 6 116 20 15 74 55 74
37 111 81 66 106 23 11 117 92 58 37 60 82 9 75 78
88 6 111 41 69 46 110 25 52 98 46 67 44 101 14 82
84 95 20 63 118 32 52 82 90 89 14 45 99 89 123 59
95 106 101 37 24 83 62 77 53 108 16 97 81 30 51 38
126 72 101 116 104 25 71 66 115 85 111 86 47 107 17 14
85 118 51 110 73 114 59 126 94 75 96 48 106 19 86 104
91 59 92 67 84 35 6 71 121 117 29 40 96 47 54 54
37 106 36 111 92 95 109 58 42 77 106 20 97 64 124 60
65 118 94 7 45 17 101 78 104 103 54 33 93 104 56 122
83 13 73 9 26 57 34 111 67 38 99 31 74 0 123 11
118 89 19 35 107 120 113 83 95 39 116 60 15 44 54 98
58 127 108 84 56 14 67 124 52 38 27 127 38 22 10 29
112 29 64 91 21 50 46 117 89 34 49 105 78 104 75 8
103 55 93 32 69 32 28 122 71 55 121 109 77 3 10 61
33 75 24 54 125 70 43 86 104 93 63 55 69 11 63 44
66 28 76 8 61 104 2 4 31 123 113 109 126 124 42 31
71 67 86 68 9 1 26 114 94 90 41 35 101 104 80 39
5 28 47 66 5 49 70 36 44 55 17 43 51 60 74 122
127 32 62 8 34 89 122 0 51 35 36 24 12 116 63 17
16 111 83 21 32 25 58 77 80 75 120 4 7 66 126 6
99 61 15 5 22 9 5 73 45 41 97 57 29 32 74 46
15 29 67 48 54 125 125 6 73 117 10 80 55 9 87 26
70 102 31 92 111 37 37 28 78 6 85 108 38 31 26 54
60 93 102 114 91 99 121 36 88 3 116 15 12 75 42 82
49 73 46 33 110 83 61 61 89 19 41 0 50 67 54 111
32 28 97 123 127 90 31 87 94 20 102 106 95 16 61 17
90 107 50 72 63 111 5 24 2 46 24 53 113 78 36 18
106 5 13 105 96 45 64 62 65 39 40 32 55 101 49 17
81 99 90 16 83 95 40 85 14 65 10 127 15 46 17 122
52 31 99 20 76 36 82 13 75 122 45 2 96 95 20 49
66 110 65 21 77 105 107 91 42 117 91 58 36 108 52 88
11 23 108 87 59 62 100 6 56 18 9 24 113 29 73 51
11 10 73 88 116 52 52 30 41 15 88 77 123 12 37 7
36 17 94 95 79 67 102 8 85 111 32 70 12 106 121 23
116 66 111 104 118 35 7 32 50 95 109 46 108 19 53 16
36 19 111 116 86 85 124 43 68 28 113 80 6 107 103 123
45 87 99 36 122 106 68 45 74 49 91 54 68 16 70 105
35 53 93 122 11 89 37 79 117 23 32 124 2 7 119 47
94 90 83 89 69 23 6 15 73 97 69 13 113 11 118 20
64 83 14 75 44 52 27 34 75 59 30 77 66 21 124 33
61 107 125 111 87 74 72 83 27 94 38 33 109 19 51 45
33 12 53 32 14 113 81 89 10 33 31 65 107 9 118 40
116 116 23 75 62 95 31 89 62 69 123 43 89 46 88 122
58 14 26 72 127 108 34 10 13 65 75 120 74 65 32 63
53 56 10 116 23 41 77 85 111 72 1 72 119 89 66 49
103 92 122 103 72 28 113 85 93 60 77 39 125 110 102 51
38 113 39 61 26 116 19 9 61 20 81 52 109 19 101 85
112 95 60 56 123 45 14 88 105 91 0 102 73 102 25 111
87 64 45 114 53 64 123 114 84 77 38 65 96 11 22 80
107 82 9 102 127 23 63 104 114 63 79 60 37 104 43 125
41 88 111 94 24 106 80 108 55 118 46 24 1 68 104 108
23 113 83 22 8 18 127 123 81 78 55 118 54 98 115 95
59 98 61 83 77 13 64 4 3 110 28 5 50 5 113 73
118 68 96 127 86 95 122 39 45 49 30 99 19 17 67 78
116 0 34 65 14 98 69 17 80 98 22 2 103 8 76 93
76 44 92 35 11 86 74 56 7 104 27 27 122 94 105 110
95 11 47 109 109 116 126 61 86 21 64 61 29 12 27 105
56 119 12 67 78 87 123 85 63 22 112 57 117 90 39 84
101 86 65 83 75 63 16 33 84 80 95 113 92 122 91 20
113 103 87 63 62 82 21 126 105 5 55 94 95 95 50 69
53 115 24 0 50 40 34 7 121 1 120 85 123 83 106 108
59 65 44 121 20 65 119 125 70 47 91 38 14 13 107 67
0 3 68 50 43 102 57 36 103 50 122 98 5 100 78 64
37 122 58 57 59 49 54 2 96 17 40 110 30 19 50 30
22 118 81 65 92 10 102 67 60 96 37 66 68 115 2 105
110 60 35 41 110 89 43 78 107 83 61 9 102 111 40 124
101 121 62 65 3 36 4 64 4 41 2 72 28 4 49 10
65 84 52 47 46 95 125 25 51 58 34 25 41 74 22 14
67 84 79 71 120 83 7 124 124 9 68 25 13 117 35 78
74 87 125 120 55 123 17 106 53 51 3 95 126 25 109 65
109 61 8 101 16 15 97 13 24 37 38 38 27 73 116 101
33 114 93 88 109 110 66 34 33 69 1 31 95 111 97 76
72 71 5 84 37 9 98 35 114 124 75 55 21 42 106 101
92 8 10 35 119 111 66 101 22 62 40 56 62 121 29 6
65 35 90 102 44 60 9 30 56 85 86 77 127 64 51 92
72 61 127 64 44 65 37 67 127 77 123 61 70 25 67 7
60 29 109 104 89 119 7 17 76 93 94 75 29 17 39 101
79 38 37 123 103 74 62 102 23 58 35 94 83 102 101 15
3 83 119 92 74 126 109 22 91 76 97 120 93 9 94 44
47 3 40 23 78 102 125 101 32 33 67 115 7 41 2 11
124 122 103 70 120 85 92 84 33 61 76 126 70 42 43 118
46 83 13 124 57 10 97 90 43 37 77 51 78 80 62 74
74 37 16 66 122 108 22 27 41 99 26 112 13 69 102 59
24 115 55 81 125 25 43 41 62 121 92 12 73 26 86 19
63 102 85 58 82 108 85 123 79 111 107 92 52 81 24 76
68 79 30 66 104 73 107 38 66 71 50 11 97 8 30 32
110 116 90 64 96 48 60 47 31 39 11 84 121 35 32 61
115 62 127 91 8 106 2 74 49 52 86 18 61 116 51 43
104 13 108 72 61 40 119 93 79 3 49 72 38 81 6 25
16 5 117 24 112 119 98 33 43 56 52 104 45 103 20 21
116 0 94 50 40 85 15 119 88 64 64 127 17 70 24 33
75 13 57 59 4 28 93 48 84 17 24 1 120 44 23 108
44 117 30 84 74 45 76 35 109 12 34 127 82 58 32 29
72 90 89 76 118 54 124 74 71 21 76 63 65 99 43 110
88 74 66 34 119 14 69 101 26 103 100 108 34 4 10 106
94 99 54 84 25 51 31 96 72 107 31 9 78 74 119 38
20 58 72 12 72 14 113 99 117 85 79 23 89 89 1 56
60 56 12 85 107 43 53 51 22 84 60 100 31 52 10 51
110 83 63 54 97 48 25 86 5 105 110 95 66 111 23 127
39 35 84 18 79 10 69 101 94 2 74 125 54 84 49 36
39 112 90 8 33 116 95 38 93 77 5 31 60 28 30 100
64 115 118 15 125 60 116 91 62 62 89 116 19 10 24 58
122 114 67 27 102 34 66 67 111 71 99 43 100 1 15 36
116 6 51 113 66 39 77 0 102 38 116 121 48 12 51 42
6 16 117 126 78 70 118 68 89 81 72 68 39 7 119 27
41 14 81 102 94 117 36 119 113 93 21 44 78 3 75 84
19 65 83 97 7 73 37 96 27 109 36 66 116 27 93 29
41 47 4 7 36 40 126 21 5 19 66 83 22 13 40 41
78 123 11 85 68 48 53 95 30 89 33 18 116 127 48 30
46 52 37 82 92 36 103 97 55 41 53 78 55 93 119 5
88 2 91 28 51 16 124 81 106 29 99 94 28 19 124 74
71 34 28 35 70 4 5 125 45 58 75 100 23 67 106 111
69 69 11 120 85 7 73 63 37 45 30 65 64 26 12 8
60 40 43 2 44 48 0 90 106 75 62 1 14 40 112 84
109 124 76 67 3 22 2 40 67 32 106 3 59 118 11 119
30 55 122 75 103 122 37 82 69 99 83 84 12 68 40 121
64 116 60 67 10 63 108 77 95 86 81 26 76 92 18 106
19 12 53 123 6 90 77 75 62 32 31 74 100 71 67 36
60 0 104 70 63 84 20 30 42 101 57 118 65 75 96 85
87 22 80 93 112 29 40 46 61 72 120 34 15 60 70 75
60 46 18 123 2 38 25 44 11 82 34 76 29 3 33 116
25 113 81 9 14 122 56 76 66 48 110 81 108 52 29 40
99 47 35 101 85 61 18 96 15 52 44 45 55 78 33 80
63 115 90 78 109 18 26 47 66 8 0 47 60 29 87 31
76 123 5 33 56 23 1 71 75 46 116 3 124 22 83 59
9 45 9 118 63 35 37 2 43 37 49 104 67 8 7 15
3 12 49 59 35 50 3 111 96 119 114 92 13 69 24 22
115 33 12 50 69 49 52 112 87 101 88 26 110 96 41 113
108 90 45 16 13 48 127 109 39 113 74 53 54 98 75 41
3 88 92 72 9 16 57 96 118 17 122 100 113 36 85 94
126 2 110 11 50 109 121 90 94 67 15 20 37 90 62 40
50 26 113 60 42 42 28 32 59 23 4 45 59 90 11 57
92 121 69 15 102 62 105 68 1 120 88 38 82 22 78 5
48 63 65 91 105 93 123 37 116 0 82 47 90 93 105 54
86 46 69 60 108 46 0 109 38 88 19 121 111 97 126 31
33 63 122 10 28 118 47 17 118 1 64 80 94 41 6 52
124 68 28 94 82 99 76 113 34 113 125 13 35 0 50 2
83 98 16 105 55 112 72 0 52 116 69 121 60 51 74 57
120 102 23 74 73 100 60 108 85 57 121 120 57 43 123 12
13 11 117 68 124 61 68 48 50 10 41 110 61 115 39 53
90 63 0 35 35 60 15 120 117 8 113 46 51 108 58 65
119 47 5 115 109 74 35 31 84 77 13 17 64 53 71 26
116 71 62 23 3 77 15 120 86 0 38 9 108 96 74 100
15 80 87 124 26 123 27 110 72 41 127 8 94 70 35 82
13 97 105 16 46 120 8 4 121 46 14 101 14 88 73 30
40 33 26 66 28 54 48 100 95 48 108 61 118 15 15 4
112 120 20 31 112 29 35 105 75 49 79 90 10 24 120 50
57 18 117 85 72 37 57 39 85 38 100 76 53 115 80 38
107 100 69 92 1 104 69 77 26 20 39 36 45 31 86 102
49 75 60 122 113 117 33 70 27 6 18 81 121 98 119 101
71 60 65 72 36 6 21 62 27 60 98 72 91 57 46 13
4 106 7 117 96 40 60 123 46 78 76 40 49 67 13 120
127 78 64 36 84 86 98 111 18 69 55 110 126 102 123 2
80 2 120 48 42 52 44 89 2 120 1 51 60 14 43 59
92 108 95 48 66 66 32 84 7 87 66 5 61 61 7 14
63 127 62 106 51 106 67 54 99 68 105 31 82 21 90 46
1 58 94 67 124 126 23 3 86 90 8 19 23 15 33 87
15 96 65 66 74 4 120 45 72 98 76 26 119 39 72 120
97 38 59 93 37 82 96 123 44 104 14 68 119 48 27 6
16 92 73 90 96 65 8 40 35 84 66 26 123 10 18 92
48 77 57 85 32 25 80 76 1 95 16 121 15 43 127 31
7 72 121 103 10 1 15 45 86 81 72 81 91 90 46 12
40 103 97 72 1 50 20 2 17 37 123 32 80 123 63 88
67 56 63 77 58 79 123 16 32 67 97 124 29 15 8 69
119 105 13 120 27 34 122 44 71 118 76 23 113 11 111 52
68 47 2 126 126 125 14 30 64 111 26 93 127 34 35 118
12 48 110 39 82 104 84 25 94 32 49 79 44 32 4 112
79 6 110 77 3 124 108 67 107 6 32 106 41 67 96 53
