105 8 38 99 104 14 34 31 62 107 109 82 112 39 106 40
70 71 99 103 14 25 92 81 68 52 66 2 62 13 33 39
21 71 10 126 85 44 29 19 23 10 102 8 49 80 48 119
23 20 94 38 45 58 119 114 111 57 116 45 71 21 84 92
93 94 90 50 10 119 70 34 2 44 42 51 124 90 43 19
110 9 57 28 68 48 14 51 106 2 96 49 23 52 13 116
18 104 39 28 95 109 62 97 25 104 21 21 67 64 40 49
73 98 77 13 18 91 64 124 93 32 45 117 84 59 105 102
35 16 3 2 125 65 100 22 42 121 43 109 57 84 30 2
54 108 16 72 71 80 69 37 113 114 26 69 45 3 44 80
20 47 83 17 112 55 40 26 48 83 7 105 39 38 107 93
18 123 38 89 76 107 126 61 93 24 2 11 28 46 91 48
93 46 65 78 101 105 104 21 61 112 126 100 22 106 66 40
101 104 1 49 83 0 110 48 24 113 59 52 31 23 100 125
69 38 75 43 15 51 64 76 35 63 49 57 41 115 97 14
91 99 64 46 99 46 94 123 31 26 48 63 49 20 60 118
58 7 33 74 58 98 22 94 33 71 23 74 58 121 88 21
92 24 67 63 71 34 58 102 60 106 37 109 127 97 99 57
104 5 3 35 103 26 1 8 97 24 82 28 17 42 49 109
67 117 44 10 23 103 112 83 81 22 64 80 119 35 10 96
40 13 3 15 39 4 23 9 28 105 37 46 20 86 27 87
75 72 97 98 47 81 53 0 103 117 81 95 25 91 63 65
104 66 81 16 70 104 25 98 82 62 16 102 20 44 61 96
116 30 66 35 111 120 35 87 109 116 54 6 79 117 72 56
55 25 72 125 1 97 95 83 31 112 57 51 28 118 19 16
20 86 51 4 78 86 91 59 75 17 66 26 6 10 82 61
35 26 58 36 123 25 120 26 9 49 78 37 40 97 53 60
55 104 64 5 63 27 65 10 44 3 36 50 13 119 111 48
17 41 84 13 67 76 39 76 126 117 114 38 87 39 98 14
16 35 20 79 62 85 89 107 88 125 29 101 116 13 21 6
54 105 19 121 54 58 70 52 48 56 90 7 95 60 21 111
95 41 62 30 126 23 9 86 21 38 59 9 51 80 15 106
94 41 74 106 50 125 26 39 35 87 53 84 119 126 106 18
19 4 105 54 79 8 54 55 33 119 87 127 56 60 18 23
102 92 1 24 90 27 63 125 114 117 82 105 115 60 123 6
64 100 60 15 108 114 71 14 105 30 13 33 90 32 56 64
124 57 88 86 84 24 84 70 13 38 47 0 98 43 6 35
15 66 50 124 52 121 10 29 23 23 62 114 55 119 50 52
48 11 10 5 35 94 75 48 4 123 48 103 38 54 10 53
120 60 49 44 54 59 73 77 83 7 63 10 126 114 62 47
125 73 52 32 39 127 80 44 122 0 19 32 54 29 86 46
89 7 90 15 67 35 93 22 42 28 32 41 14 95 88 11
40 12 43 79 11 123 123 6 123 14 38 49 43 124 95 5
4 57 20 71 92 113 93 7 14 125 48 28 92 8 40 4
20 83 84 31 79 79 37 74 94 76 124 9 72 91 14 76
21 35 19 113 20 112 120 34 110 40 63 74 48 103 79 68
58 35 100 9 114 9 84 80 85 80 90 30 43 104 106 64
11 126 50 32 110 42 66 92 83 1 39 3 104 118 72 35
25 44 44 11 53 0 92 11 80 54 41 124 30 19 60 42
17 110 74 0 25 12 92 108 14 3 111 118 121 55 25 18
99 70 30 25 70 122 36 23 48 77 19 78 96 79 120 114
62 66 114 87 79 78 67 93 82 50 83 75 106 109 94 77
51 124 102 121 118 10 16 38 87 35 116 56 115 109 42 49
47 28 8 126 106 75 91 60 125 47 8 103 28 102 53 79
98 27 72 88 38 89 126 125 124 114 53 111 95 95 32 15
123 40 13 102 115 105 34 113 24 42 88 52 16 13 3 114
41 75 74 79 36 72 76 33 59 2 16 26 97 49 41 93
89 55 67 77 32 101 62 56 16 22 108 32 36 111 19 77
58 93 28 95 38 104 0 97 106 16 123 76 65 37 41 27
92 108 104 124 81 38 52 97 60 32 2 96 15 21 45 73
114 73 40 24 50 40 121 28 57 117 104 122 26 17 21 118
125 125 114 79 35 38 48 96 70 50 64 85 71 110 30 58
55 71 82 105 111 76 6 40 65 110 35 91 0 56 81 125
54 67 76 89 105 125 57 47 47 122 4 119 104 34 49 31
16 38 11 2 49 121 103 41 65 122 97 103 87 92 126 59
101 61 80 37 116 71 61 57 104 16 17 25 5 113 8 21
23 19 23 72 13 126 113 78 121 83 53 80 47 51 11 20
113 92 58 101 35 119 30 11 7 47 36 12 32 44 33 55
64 56 127 77 55 113 27 48 68 80 0 115 3 12 7 116
104 65 89 11 56 119 22 63 38 59 75 70 103 108 125 39
37 125 116 92 110 15 12 50 95 12 37 99 24 44 87 0
110 49 11 38 40 34 102 79 93 49 21 68 30 19 108 67
16 96 31 126 112 43 48 79 55 85 50 80 1 10 80 111
59 92 22 99 126 124 50 91 45 72 31 75 91 11 14 107
108 45 105 92 88 25 43 16 110 94 96 111 104 48 95 35
12 117 6 10 113 57 101 30 1 5 106 92 16 120 71 124
38 48 88 126 73 4 14 55 98 110 38 74 31 5 109 43
122 115 54 107 44 27 10 45 32 116 9 49 108 80 45 18
0 6 17 73 10 31 0 108 14 39 54 45 44 35 88 39
22 14 18 67 42 28 112 74 16 122 123 125 74 41 15 75
47 32 20 57 64 21 37 78 60 91 123 104 126 83 15 20
98 34 87 12 62 72 86 79 66 82 76 12 123 91 87 42
124 108 99 60 1 8 10 61 99 5 37 97 88 53 117 58
87 77 70 21 21 29 100 87 111 48 99 106 12 59 20 8
39 119 68 40 127 78 101 98 83 10 67 43 63 56 102 22
5 44 44 26 73 16 113 56 65 85 34 77 16 54 85 55
45 25 95 44 103 68 14 58 78 81 101 14 10 75 36 15
120 80 42 65 97 27 122 34 112 28 111 0 83 68 55 0
93 22 45 68 90 59 126 41 13 99 55 23 47 91 38 39
44 80 104 13 108 98 47 92 127 30 93 82 98 20 82 63
43 127 3 5 59 1 46 72 100 101 95 19 65 5 58 109
86 35 122 66 5 41 30 4 71 123 86 41 16 41 104 59
40 107 64 99 108 111 43 80 84 10 100 21 16 30 2 102
65 124 40 71 37 70 75 108 66 34 21 82 75 125 13 115
104 77 87 84 60 2 37 17 13 9 38 29 39 41 3 105
37 43 48 75 113 123 55 51 29 77 5 104 74 18 92 51
122 40 73 51 58 48 4 35 73 7 90 20 35 62 49 42
60 105 23 91 41 61 84 92 15 92 116 56 1 56 12 123
96 85 47 26 6 51 61 79 58 23 99 93 85 20 7 18
125 31 109 39 92 65 3 107 29 120 36 30 48 48 26 16
5 73 42 11 124 104 90 54 127 61 19 85 82 26 103 79
57 84 118 22 22 122 1 51 114 37 82 34 85 108 50 91
53 92 102 49 68 65 103 68 126 122 25 80 20 0 32 78
84 22 100 106 16 101 30 2 11 112 36 96 92 86 59 17
51 34 66 119 99 41 59 97 35 84 50 55 84 82 5 41
104 105 19 121 79 49 123 90 33 32 58 125 118 118 14 41
24 80 33 123 121 92 92 28 49 14 84 5 96 89 46 73
67 66 66 18 115 61 108 21 93 38 18 84 28 33 125 52
113 30 47 107 123 12 7 44 26 91 49 123 53 96 68 120
34 6 10 21 67 118 42 33 28 61 117 57 94 114 109 79
17 29 58 12 41 66 56 67 29 105 62 82 73 2 74 107
8 84 1 76 74 43 109 103 104 98 32 70 84 13 22 101
42 80 113 83 18 41 23 48 19 85 2 92 88 77 72 96
33 73 44 108 116 25 83 93 123 115 35 80 0 57 53 43
10 39 126 28 80 21 76 99 107 79 64 67 28 8 35 61
81 80 41 69 105 124 34 101 111 70 53 112 127 106 27 9
17 25 38 98 47 114 69 26 65 5 93 93 13 0 27 94
80 68 36 58 65 70 31 48 12 84 32 12 62 59 21 80
85 59 50 4 46 119 30 111 125 123 77 10 123 104 105 76
44 13 6 109 83 37 30 96 121 62 108 55 122 1 7 79
61 57 83 107 49 113 90 46 108 39 56 103 15 33 51 60
46 57 41 2 94 71 98 87 6 78 15 0 79 22 79 12
80 34 119 1 19 82 47 127 121 103 102 9 9 26 69 55
83 110 57 50 54 27 9 60 105 24 60 57 47 11 69 127
45 61 0 64 15 47 63 8 22 37 17 31 63 86 87 19
69 16 69 123 44 78 55 21 103 115 78 22 126 20 21 43
81 21 107 96 68 42 104 90 79 122 122 15 80 81 34 21
97 103 16 13 53 71 35 28 58 113 50 56 5 71 99 86
34 35 47 4 42 15 49 68 70 64 47 96 5 119 24 96
55 32 37 56 62 122 40 69 124 127 18 18 37 19 80 71
55 127 75 97 15 124 37 85 61 85 53 66 76 78 34 3
110 71 60 44 66 100 114 62 99 4 80 8 24 32 79 79
32 26 48 47 23 85 4 84 42 58 22 119 8 57 122 118
0 54 34 66 26 20 0 125 25 81 5 49 113 84 0 17
111 48 64 6 5 69 90 48 127 112 39 7 41 33 125 42
88 31 108 114 52 109 112 77 62 117 126 47 74 126 65 57
46 1 63 51 70 25 99 69 9 10 76 51 44 73 93 4
105 73 118 29 54 102 106 116 92 104 36 38 102 101 95 20
102 30 71 45 55 43 114 64 53 63 115 97 8 80 101 113
26 92 14 80 66 120 69 30 96 105 68 70 78 35 90 52
65 34 97 120 77 84 57 2 19 44 100 27 125 73 13 23
37 27 103 104 20 44 6 116 21 75 59 99 110 21 24 48
55 121 40 4 77 97 7 96 14 107 124 11 52 9 34 90
36 9 66 56 54 72 45 75 19 104 47 2 125 71 50 53
64 90 57 14 60 64 110 74 43 106 85 96 115 119 58 24
0 124 80 54 68 125 2 88 101 49 90 99 120 12 24 56
102 81 70 34 18 53 108 61 31 65 29 19 56 87 43 57
83 123 111 24 121 113 112 94 34 74 65 26 86 89 83 60
43 25 95 61 78 75 122 110 13 24 1 69 111 44 126 67
39 110 91 32 95 75 127 2 21 64 28 107 26 111 39 69
9 6 2 87 82 124 69 95 20 70 36 4 114 35 71 26
17 34 58 112 109 57 114 2 122 15 109 20 126 20 89 7
27 91 95 109 87 36 76 108 107 112 112 93 19 55 119 36
89 50 21 70 107 7 72 101 22 53 121 21 73 82 28 100
45 123 81 5 32 29 113 11 14 97 104 33 24 96 70 113
18 91 55 125 98 127 99 121 52 92 14 125 47 42 98 92
38 51 97 70 81 82 81 95 51 57 0 75 25 70 60 43
33 115 41 4 114 12 125 38 104 11 36 23 53 6 116 91
57 85 33 10 40 114 105 91 44 106 39 69 48 99 113 82
87 26 86 73 38 83 112 14 94 20 38 19 26 26 111 83
16 94 72 15 95 0 85 102 67 121 12 51 29 79 77 114
109 114 126 84 94 121 62 37 87 58 25 46 116 39 98 4
5 43 19 100 43 105 75 110 98 87 33 0 39 110 114 20
96 112 104 62 105 38 100 65 97 125 111 85 36 82 89 42
125 109 14 40 86 89 22 56 49 55 56 88 37 43 108 5
27 84 68 5 123 40 70 92 37 53 49 74 7 10 116 4
119 2 44 77 92 66 6 13 121 62 101 30 105 81 36 5
37 104 10 32 16 80 124 53 5 45 127 13 56 115 17 47
118 62 125 82 0 3 95 122 65 68 24 43 21 60 48 58
36 58 91 52 10 87 106 15 5 105 28 61 93 46 108 83
108 105 37 108 108 4 102 46 72 127 89 93 59 9 23 96
67 114 20 77 74 126 92 79 104 121 12 69 39 120 24 19
98 61 127 78 65 102 124 9 101 85 102 32 94 125 0 33
112 21 110 58 19 75 9 123 68 21 64 107 13 88 126 111
21 125 62 86 99 58 95 72 16 69 105 110 67 105 16 51
126 126 109 18 73 118 13 13 11 78 120 24 38 118 8 60
116 70 18 87 0 114 32 16 55 9 127 122 114 15 45 113
13 26 3 87 16 16 100 27 94 93 52 5 83 60 65 71
2 83 31 2 69 63 19 125 72 18 119 58 33 37 43 46
63 46 5 80 63 106 107 29 71 31 34 26 91 99 98 93
55 1 96 124 64 115 121 8 5 113 66 38 22 110 84 85
28 90 37 91 68 17 121 11 48 27 37 12 127 7 105 54
8 73 50 72 60 44 80 65 29 19 103 51 1 60 8 29
22 46 121 90 63 114 101 111 13 10 123 12 18 101 66 26
46 117 99 107 33 51 44 62 70 20 113 71 80 121 101 102
39 94 64 102 80 37 86 93 47 81 106 65 54 44 92 101
33 63 80 66 114 124 0 57 16 113 0 96 107 101 70 18
67 6 121 19 43 79 113 91 32 91 28 87 7 120 60 41
55 12 107 42 8 108 99 25 93 99 121 72 73 64 91 12
70 84 32 114 35 17 77 67 108 105 26 115 98 86 28 25
98 8 67 107 116 38 4 81 10 125 26 83 61 117 95 4
73 127 118 108 16 67 47 124 44 74 112 14 32 12 40 3
14 3 79 10 82 113 37 14 111 64 53 105 86 4 124 30
124 14 25 53 77 73 103 36 11 116 71 43 2 127 94 17
2 46 27 84 31 64 99 14 0 24 119 86 28 116 117 24
2 14 77 79 87 52 115 99 40 59 14 43 58 109 60 60
27 87 16 58 23 115 73 23 11 64 109 39 52 98 63 55
113 12 6 72 64 122 43 105 53 58 20 111 39 80 43 66
39 59 124 62 47 69 85 58 6 66 98 58 37 33 113 22
46 120 94 110 114 10 87 39 68 107 22 107 59 65 45 98
124 41 32 43 111 117 102 117 56 72 47 93 105 33 115 23
25 81 6 11 91 93 50 31 73 72 10 4 9 55 103 5
97 7 49 80 125 23 69 53 95 116 18 72 21 5 96 46
86 102 57 50 67 107 81 12 51 92 17 60 19 120 66 116
127 115 68 124 10 9 49 105 126 67 49 19 72 17 66 31
119 123 81 59 103 34 71 26 126 88 87 18 80 25 6 80
12 75 76 22 84 126 127 82 65 48 102 10 66 40 41 57
35 122 116 10 28 60 37 27 20 124 45 101 21 51 53 33
126 1 55 83 127 54 37 65 102 11 75 40 51 116 98 87
110 86 97 10 18 6 37 39 2 82 12 23 6 65 56 4
66 111 87 66 37 125 3 12 8 78 52 60 66 22 19 48
109 116 58 127 123 96 38 125 50 50 21 56 115 77 61 54
61 20 120 98 17 123 110 26 73 35 86 11 57 105 59 38
93 117 38 88 85 76 86 8 127 107 64 114 56 125 40 117
18 32 88 35 27 70 61 100 105 19 111 35 124 42 73 90
32 111 50 117 60 8 125 59 115 62 45 44 59 86 33 77
118 121 113 18 64 46 118 41 66 102 76 62 16 22 24 48
5 75 38 65 83 35 124 71 97 42 115 29 0 20 106 118
14 91 8 78 10 127 119 76 101 68 10 117 90 35 38 95
110 76 33 65 111 29 8 81 71 123 110 71 16 88 62 30
52 70 108 62 69 99 10 42 39 20 32 1 55 70 97 37
18 2 103 1 31 111 82 103 107 64 46 123 25 108 25 77
51 5 11 120 104 21 35 16 41 67 17 97 9 114 6 27
116 109 28 20 93 111 123 72 47 41 67 72 22 92 21 73
30 45 56 106 89 28 123 86 3 23 104 47 94 111 108 14
53 113 40 98 61 126 69 39 71 126 49 6 124 74 56 26
119 113 4 81 13 0 39 16 23 15 63 117 126 44 3 52
29 44 22 90 42 91 1 113 90 50 120 86 124 48 113 116
33 117 69 46 117 108 63 12 124 126 2 122 42 5 46 71
49 69 33 91 32 35 77 122 85 69 81 82 117 66 70 23
55 11 69 45 119 4 57 115 3 59 110 45 65 28 117 114
97 22 78 2 57 27 124 15 96 77 97 85 15 39 108 71
50 50 116 41 54 45 29 57 105 11 103 42 39 92 28 9
114 106 11 44 5 7 59 101 85 28 59 100 67 39 43 117
89 31 30 16 77 59 73 54 70 48 96 110 12 124 119 127
103 2 43 108 9 102 82 94 2 13 67 69 52 110 58 14
14 88 30 91 20 103 17 90 24 113 72 36 109 63 35 84
65 78 65 75 52 19 41 54 32 108 123 84 91 53 98 105
14 0 68 34 104 85 124 0 70 69 36 51 4 72 8 70
22 73 17 75 92 58 1 124 39 125 80 2 50 51 107 64
51 47 98 27 4 95 27 74 36 64 125 40 8 5 110 30
78 127 105 42 58 107 38 97 104 119 99 26 42 78 91 93
125 61 121 1 28 20 75 64 84 72 105 92 78 87 123 28
87 100 71 17 79 109 114 55 100 85 82 14 35 45 108 32
106 101 33 7 121 108 71 78 52 48 42 2 8 37 31 95
10 102 112 89 83 98 17 56 55 99 70 90 16 50 122 122
23 27 1 17 7 73 95 59 121 9 62 1 47 93 96 57
67 80 18 22 50 35 78 105 6 21 67 22 71 61 17 95
88 18 112 95 91 79 27 85 88 89 86 7 54 55 64 121
7 83 15 58 118 94 35 125 115 103 19 58 36 36 25 125
55 9 92 18 88 119 103 49 80 62 56 6 117 121 127 124
76 15 54 66 109 90 63 96 65 83 26 101 119 52 98 46
61 63 65 22 54 40 71 7 102 127 13 91 120 13 88 68
28 14 7 9 104 70 105 41 25 3 15 17 55 113 63 117
48 0 11 103 41 82 110 15 81 123 107 74 8 67 14 36
81 21 45 58 92 22 99 117 26 114 6 81 100 70 70 20
102 88 125 42 112 37 95 100 54 80 80 74 108 72 72 103
127 84 118 64 99 20 27 37 109 41 78 12 67 27 126 42
115 124 84 99 33 51 72 87 3 24 33 111 96 106 87 95
62 77 31 33 97 58 70 79 99 20 91 39 47 89 81 35
85 37 6 119 88 78 78 91 102 112 75 71 90 34 38 24
111 70 57 80 0 127 31 100 19 122 11 67 84 92 102 41
1 108 32 89 59 111 52 33 95 127 104 57 33 15 81 16
85 10 97 85 9 0 57 28 123 68 95 79 32 69 120 33
50 25 122 109 8 47 14 103 46 119 32 80 6 113 96 91
123 65 48 4 66 106 32 61 46 0 12 79 69 4 112 119
29 107 100 37 26 115 12 72 106 44 24 112 29 121 75 24
58 123 28 124 101 61 57 20 61 69 99 2 74 83 122 103
62 94 13 88 81 25 33 59 70 57 43 99 50 118 124 109
114 24 105 87 85 35 107 18 104 78 21 50 34 15 26 96
109 39 57 63 64 90 122 6 19 38 106 70 28 102 51 14
126 28 102 84 63 81 102 40 32 123 90 66 10 116 34 120
27 91 55 92 53 49 98 73 87 76 15 116 50 66 2 49
94 104 5 30 58 107 70 90 103 32 28 113 21 62 105 48
26 32 12 79 82 111 24 41 59 39 29 110 105 32 31 72
8 36 102 66 15 44 28 118 76 56 104 97 119 81 18 17
114 30 96 68 13 121 109 73 32 11 55 10 43 86 82 51
122 56 118 9 100 18 0 48 75 104 18 66 57 36 83 43
66 51 111 80 44 93 25 77 104 80 87 19 38 41 70 32
97 60 41 69 79 41 117 26 17 7 92 75 43 47 118 110
98 102 62 15 67 87 92 43 39 51 62 77 92 4 109 61
65 22 2 16 64 119 42 81 127 6 28 42 53 19 24 23
121 86 38 60 45 2 103 84 53 37 33 17 41 14 78 106
37 80 122 101 72 36 54 71 42 83 113 95 102 10 119 95
96 29 27 14 32 2 98 85 39 4 103 80 18 53 59 55
6 53 28 78 90 83 21 4 38 6 100 12 16 91 107 113
120 6 127 24 8 97 110 47 101 85 127 120 10 58 47 16
112 76 94 74 31 115 78 69 122 50 81 10 13 60 123 6
112 2 86 109 90 96 66 99 102 47 86 81 79 34 14 111
70 41 82 106 99 5 17 113 94 118 117 100 106 108 125 90
110 83 72 72 51 10 44 25 57 2 107 9 37 121 120 107
35 74 85 6 80 102 120 46 92 109 18 70 89 15 33 72
98 105 16 22 115 60 47 44 63 26 53 100 20 46 79 55
120 36 61 72 11 53 118 103 35 8 46 124 23 79 68 122
56 85 16 43 17 63 87 80 90 13 52 110 59 3 37 51
40 98 124 51 24 114 26 59 123 72 55 18 23 124 12 79
81 28 122 98 92 82 51 54 95 103 36 26 107 73 77 19
43 73 70 67 60 96 126 55 41 54 73 64 50 86 16 3
114 10 101 78 92 24 4 59 0 40 85 107 113 35 126 29
108 68 96 40 36 95 95 77 21 41 14 71 127 30 74 113
40 47 64 5 72 68 64 72 109 22 51 94 57 49 123 37
117 92 78 25 59 45 103 80 86 117 23 85 19 97 71 59
16 7 64 88 75 1 32 56 23 83 23 80 4 18 117 121
110 67 19 41 113 122 121 71 111 16 29 2 113 100 61 2
107 126 90 54 127 123 111 22 78 6 102 83 24 91 76 7
31 95 48 16 89 42 87 72 58 116 74 44 88 8 46 67
6 8 122 5 3 105 27 82 111 1 37 7 92 113 14 123
81 63 11 42 105 99 115 35 87 61 79 48 69 125 115 75
6 109 80 9 86 107 91 69 108 0 77 73 114 91 68 67
26 80 109 3 51 96 39 10 30 118 58 99 116 46 47 122
27 127 3 114 107 95 55 87 95 4 32 81 96 101 20 122
53 2 126 104 98 37 114 0 27 45 100 15 91 19 9 118
18 13 104 125 108 32 85 75 36 117 29 4 90 49 127 15
51 125 119 22 34 106 22 61 23 122 77 114 13 86 104 32
99 81 29 79 113 114 27 21 104 56 26 66 105 25 82 29
22 73 51 56 51 73 117 74 68 66 60 81 25 37 113 124
118 15 76 103 1 103 124 105 31 22 44 8 47 126 37 69
71 88 125 123 34 115 69 102 53 2 55 78 39 41 75 29
56 23 4 57 126 0 35 29 23 79 37 70 77 75 12 20
35 9 15 69 124 85 43 50 87 99 0 126 12 75 27 68
