10 107 25 25 74 92 14 43 127 98 68 70 23 91 38 35
24 40 124 43 88 120 123 1 46 30 2 54 37 20 39 47
0 64 72 74 28 86 117 28 56 57 98 79 20 8 114 45
49 110 88 9 103 83 10 21 114 12 75 23 33 114 70 33
50 14 107 79 100 97 107 28 26 77 107 47 86 93 92 7
76 52 16 51 7 26 72 121 38 19 16 71 5 86 104 55
100 84 6 72 53 113 100 79 63 79 126 21 45 90 28 121
14 44 44 22 70 116 15 108 7 32 52 12 118 28 67 91
112 74 35 37 59 8 117 122 87 115 15 4 78 43 125 92
87 41 114 29 29 2 10 36 34 62 48 24 90 116 115 75
62 23 112 121 31 101 116 118 89 3 123 39 47 120 3 6
34 118 36 63 120 46 100 26 108 20 50 70 8 38 17 70
61 2 64 92 103 52 82 64 55 77 103 102 70 107 109 104
97 17 39 89 63 11 115 43 32 37 113 40 75 3 111 8
5 47 100 108 99 55 45 26 4 20 1 74 127 110 50 96
127 90 57 62 101 44 105 5 82 90 46 29 93 29 38 98
76 10 79 47 65 124 73 70 16 74 16 16 56 67 112 55
29 42 117 2 86 94 8 40 57 54 70 22 83 108 121 31
118 72 78 56 68 23 126 84 98 14 100 26 81 85 82 110
127 71 113 85 38 121 126 95 47 68 117 2 48 110 33 38
54 111 94 122 6 92 79 104 107 51 3 60 8 85 43 7
28 28 93 66 21 91 33 68 31 23 70 79 5 103 117 60
86 84 54 92 48 5 69 27 57 72 88 65 29 3 73 57
31 38 124 52 1 29 120 32 52 62 111 58 37 100 118 123
56 44 87 105 50 28 4 107 100 92 44 1 95 117 59 126
27 55 50 28 84 42 60 9 104 43 67 13 16 57 8 72
101 96 49 23 124 54 2 97 18 47 98 114 36 29 112 64
84 35 92 41 77 25 50 54 68 117 67 84 46 76 29 19
44 78 43 40 4 45 9 23 92 108 9 1 9 121 65 94
28 29 7 106 54 57 32 123 46 99 79 92 47 108 111 91
59 26 4 63 72 13 86 36 121 95 37 3 89 102 97 117
4 104 95 58 33 127 53 79 99 5 43 18 113 26 110 44
10 104 73 35 110 11 27 111 28 23 73 37 2 85 51 47
126 62 42 43 104 15 98 10 117 24 1 5 108 67 87 118
43 32 25 25 43 52 8 72 75 81 109 77 38 32 125 37
94 39 80 70 54 50 81 43 74 82 49 54 21 8 44 64
41 69 89 84 122 97 28 69 50 9 19 88 42 16 125 8
55 77 79 109 127 32 24 74 114 73 0 7 82 45 71 123
114 32 79 108 1 108 50 51 117 69 11 31 85 9 40 12
86 119 121 86 23 17 32 9 91 32 16 45 77 87 40 64
119 119 44 120 99 94 43 89 35 54 120 120 63 32 4 22
23 125 108 46 15 12 55 106 44 71 23 122 30 63 58 21
54 102 13 26 69 56 115 104 111 107 97 46 12 101 68 35
99 48 82 114 60 9 92 105 81 115 99 111 50 29 5 104
3 18 2 72 75 117 49 58 97 18 104 109 119 45 16 90
93 98 76 26 108 40 3 61 27 102 44 77 3 49 54 6
68 56 79 15 46 0 73 15 18 49 124 9 94 12 100 60
111 48 86 91 89 89 24 116 63 68 66 66 118 120 72 58
48 23 73 94 23 18 109 41 67 105 51 34 118 23 94 101
71 52 64 32 13 88 21 76 28 87 14 18 79 86 76 127
110 21 94 5 39 75 47 107 53 98 13 43 121 107 16 64
31 80 97 44 40 118 120 68 77 6 87 28 92 35 27 74
57 121 80 96 69 127 75 122 97 88 37 90 67 53 26 98
5 123 14 45 113 6 113 62 12 72 90 105 108 118 51 37
111 3 5 52 2 81 46 99 41 83 61 109 8 88 79 13
83 94 58 69 100 44 3 113 116 94 90 96 84 13 5 67
17 11 120 19 92 38 119 5 122 52 114 2 12 66 16 96
32 74 37 4 118 40 117 107 6 79 75 90 93 81 30 110
92 22 1 56 60 120 61 54 45 48 57 57 114 73 25 18
19 62 22 10 103 12 117 109 91 64 72 56 17 102 38 109
124 40 37 56 32 99 111 77 19 40 7 5 113 32 23 4
95 45 14 70 57 3 51 21 68 123 77 85 97 116 67 93
28 104 22 60 75 5 10 94 45 17 99 30 49 122 34 16
40 49 86 97 52 10 118 120 5 68 78 103 56 17 68 84
5 121 84 67 56 72 51 105 126 20 90 66 54 93 40 24
103 77 44 47 114 43 101 44 62 96 111 33 68 55 114 73
49 70 12 105 14 64 83 12 84 45 78 10 11 119 34 114
68 78 33 55 121 7 99 55 103 82 89 43 10 75 117 59
17 1 36 31 65 119 43 21 37 121 31 48 112 65 34 53
15 67 108 8 74 79 64 50 33 25 93 43 100 82 102 117
84 11 20 21 2 63 43 39 56 74 87 41 12 121 94 27
61 74 36 7 25 100 57 58 125 23 102 97 105 76 86 61
87 106 83 90 41 126 1 97 72 89 10 84 82 104 112 15
50 20 23 75 120 80 6 117 103 108 86 81 56 44 14 16
22 97 106 63 95 107 32 40 68 43 124 23 19 108 38 70
0 61 17 120 14 23 109 117 3 67 70 60 111 85 76 5
54 54 68 22 33 101 62 102 16 58 125 35 39 35 105 39
97 123 32 111 18 13 100 22 81 43 82 64 0 30 70 54
84 10 76 117 111 10 91 127 69 88 35 108 124 12 19 93
7 51 76 26 65 48 48 18 91 2 82 91 32 24 18 116
35 94 105 18 105 69 18 46 29 53 26 25 65 45 118 73
97 66 99 34 115 19 52 78 21 6 42 53 31 60 41 66
26 18 84 3 87 102 49 117 27 75 14 93 121 5 38 90
71 9 124 58 28 48 9 49 54 51 102 85 111 15 23 9
33 108 13 121 82 62 110 110 10 124 75 3 1 113 93 73
122 89 3 22 9 12 71 63 63 45 21 46 60 44 56 93
24 69 86 107 3 68 89 13 65 36 16 66 21 109 11 15
70 15 37 79 27 108 15 91 25 36 9 85 80 65 50 105
6 9 84 10 77 45 23 14 81 40 81 102 21 92 117 92
107 26 43 7 6 58 98 31 94 107 116 47 45 38 24 51
47 108 61 125 25 85 11 106 125 92 80 18 57 69 110 36
95 26 43 101 84 13 4 51 121 120 98 38 30 122 89 78
102 23 75 127 108 86 105 105 51 57 123 108 126 106 16 93
4 60 66 88 73 70 11 66 62 109 104 92 103 66 42 77
89 117 76 69 76 53 46 127 110 41 107 108 19 123 73 23
55 11 112 1 81 123 67 15 105 44 108 80 110 22 30 71
31 122 119 110 106 37 83 114 90 54 56 68 19 99 84 44
86 83 72 95 59 59 97 22 25 95 57 85 107 0 62 11
122 53 121 100 90 76 87 53 2 15 121 21 114 77 66 72
33 10 40 92 70 9 114 95 104 43 53 83 43 115 94 37
41 87 10 3 36 97 56 38 112 50 60 98 127 126 43 32
8 83 124 78 92 110 46 68 26 99 23 69 86 118 107 127
77 117 3 113 86 59 24 70 109 84 40 109 82 83 13 90
38 10 41 2 120 87 70 18 58 94 88 16 84 67 16 33
56 19 19 14 78 43 84 60 127 124 41 81 80 54 43 118
64 84 121 57 43 63 75 101 29 35 118 113 102 6 19 30
25 38 44 103 81 0 35 80 125 76 33 77 3 76 67 67
33 60 124 76 124 72 50 25 107 40 11 82 46 30 112 71
68 29 46 21 29 82 101 26 30 6 103 33 82 43 101 115
103 97 64 99 41 114 125 21 26 8 103 72 38 87 15 106
116 61 127 18 15 100 44 46 106 20 79 60 63 52 48 38
22 112 10 63 98 7 84 124 15 59 68 53 19 83 31 7
16 30 25 32 2 70 78 108 90 29 40 25 82 88 63 104
72 73 39 42 80 124 38 95 55 106 20 74 61 51 82 78
81 107 110 83 49 60 63 11 89 104 36 43 64 100 19 9
45 59 51 126 55 90 93 110 68 114 57 2 37 11 80 119
118 62 74 40 122 10 51 83 114 88 127 50 60 18 59 105
77 111 103 4 73 69 115 13 55 44 15 92 55 95 83 45
29 30 85 23 40 9 107 26 97 106 76 29 124 8 6 74
119 110 78 64 51 65 77 106 109 93 70 36 60 26 82 90
56 39 113 96 48 92 122 17 70 70 46 67 78 53 13 69
35 91 5 86 29 83 64 10 48 6 47 108 32 1 70 88
40 56 56 89 20 50 106 91 121 25 30 71 78 43 13 113
6 18 71 35 101 7 46 21 13 93 2 46 94 72 6 6
0 63 95 21 113 74 112 106 99 14 50 49 57 63 34 63
81 105 99 55 112 17 76 125 110 78 43 76 23 50 82 23
113 50 44 98 124 28 77 95 42 127 16 99 62 50 35 15
27 6 70 11 23 19 8 5 97 52 81 120 102 35 16 87
7 42 79 109 12 67 38 63 92 15 57 9 63 78 96 11
23 43 15 114 111 24 94 90 55 54 37 123 82 88 38 90
2 117 71 14 57 109 77 21 124 6 30 59 84 126 70 108
42 86 94 25 110 61 115 37 115 24 33 70 112 71 32 114
61 103 0 118 84 77 11 80 83 42 11 40 40 81 20 82
39 114 107 21 47 95 59 35 119 92 105 104 35 9 90 96
112 91 86 68 40 98 20 124 12 31 36 52 112 56 7 24
42 114 45 90 81 104 125 73 68 102 49 104 111 11 72 95
102 31 35 15 1 55 11 13 86 47 65 70 103 72 94 17
59 12 107 12 116 104 85 57 78 6 33 61 18 105 28 120
8 63 7 9 118 18 22 76 65 88 19 40 32 113 58 91
125 37 104 114 14 61 43 92 68 76 26 86 53 54 78 62
118 86 71 108 104 94 57 42 54 76 82 86 61 12 50 59
50 26 45 64 87 88 28 27 36 54 113 89 109 64 23 99
22 95 79 126 61 8 40 115 84 123 73 18 7 123 77 57
21 122 121 109 82 22 8 118 76 122 79 57 58 103 28 80
70 108 78 3 116 119 118 73 114 63 91 121 59 40 51 80
34 44 61 116 66 70 106 15 64 57 72 122 32 101 74 102
81 24 105 69 15 95 14 1 31 105 123 90 17 46 42 51
90 104 39 29 46 17 44 110 75 116 104 107 89 50 82 42
74 59 112 90 27 126 91 58 104 86 20 121 4 62 45 95
38 84 124 84 102 40 66 49 28 42 28 118 92 110 32 39
42 16 1 69 15 92 127 119 51 19 112 55 81 29 22 120
114 18 76 88 58 15 9 87 57 37 77 22 20 109 61 62
126 62 3 13 26 2 4 77 21 116 5 102 18 27 94 4
46 43 92 104 58 101 63 115 10 12 9 30 122 70 92 120
4 95 5 31 97 9 108 118 125 113 93 15 13 59 19 59
102 111 35 32 84 99 20 95 111 29 125 105 100 90 97 104
57 102 7 27 111 116 17 109 101 110 124 114 42 16 45 16
127 81 49 84 52 69 51 35 98 48 13 70 10 110 47 68
85 54 95 68 42 112 49 16 95 46 2 9 62 48 25 61
1 74 17 53 15 68 88 114 117 101 56 127 84 103 67 41
24 50 124 67 24 96 50 42 95 118 76 76 61 50 20 118
62 33 30 10 101 88 119 81 91 86 56 5 84 117 64 108
39 60 47 63 28 97 105 123 87 53 71 21 103 92 11 38
125 41 48 98 1 39 51 92 125 107 98 81 96 34 62 7
94 109 70 122 79 48 117 38 101 61 59 77 25 70 115 22
112 35 120 113 74 43 78 71 22 48 24 118 82 86 125 48
68 67 42 19 115 31 57 89 92 117 38 117 59 25 11 43
60 3 29 6 46 107 77 68 27 101 58 109 60 55 29 0
123 71 19 110 102 76 71 67 65 109 56 125 6 68 40 66
71 69 72 118 48 21 58 75 123 117 56 55 44 85 55 39
28 74 22 3 22 93 70 88 75 126 85 81 66 125 20 10
67 92 0 115 114 58 63 109 47 119 36 92 77 91 3 105
37 25 108 59 119 50 19 66 49 104 19 115 102 39 125 41
4 125 28 118 56 91 99 103 83 7 67 32 98 71 9 7
96 118 66 87 40 86 25 89 62 45 77 36 84 74 77 88
72 106 78 0 69 49 103 24 56 43 56 26 114 66 33 82
56 100 42 96 58 67 58 120 112 7 29 69 81 106 29 25
84 108 25 26 29 1 50 86 44 107 112 30 45 18 112 101
118 26 69 48 94 127 40 78 6 69 19 88 48 49 113 4
29 11 30 58 12 81 16 56 60 1 86 105 19 70 78 9
97 19 57 63 19 97 13 25 39 33 113 87 82 99 91 111
110 122 41 122 75 58 50 7 59 8 112 78 78 62 87 47
81 16 110 100 113 124 126 24 29 111 111 111 82 75 94 64
69 7 58 16 65 108 23 124 116 7 74 67 69 33 114 22
49 97 123 35 93 121 59 122 104 43 105 59 118 71 123 59
78 54 75 16 34 98 12 23 105 87 90 46 120 76 68 42
45 63 77 10 56 8 4 33 51 109 92 41 52 87 100 3
13 47 19 48 17 31 71 122 118 33 40 111 109 109 25 27
44 102 37 101 110 42 6 34 23 98 75 76 57 48 79 71
95 98 119 113 1 62 107 120 95 20 103 76 1 0 103 45
102 13 18 84 55 24 118 78 122 66 26 52 114 105 123 81
75 114 66 77 48 46 69 15 66 44 91 67 44 67 112 18
80 26 76 73 57 75 58 33 26 107 67 51 73 17 76 0
69 60 29 21 84 108 24 115 1 18 69 122 83 97 0 35
123 77 109 52 24 39 85 50 18 24 101 91 42 50 91 111
110 120 4 66 100 29 53 102 47 122 96 3 91 96 38 86
45 19 10 69 58 95 120 77 119 93 40 33 15 4 16 125
124 21 63 97 50 116 71 97 110 39 100 73 7 11 31 53
30 41 122 89 8 114 38 0 80 78 33 95 82 50 93 79
71 28 48 121 17 119 90 127 30 63 73 37 74 104 90 104
18 85 65 26 71 103 26 23 54 60 119 8 110 84 87 53
112 7 46 1 126 8 1 28 71 74 66 17 50 28 122 68
113 59 95 57 35 121 80 89 53 71 97 35 27 57 88 12
64 6 13 63 15 14 91 86 88 29 104 11 58 98 79 43
29 46 100 64 40 53 25 93 124 123 1 24 52 89 36 116
96 49 51 111 64 15 69 24 44 45 35 102 15 115 18 45
33 118 109 73 43 7 39 40 2 40 64 54 1 100 42 97
21 94 80 85 109 22 110 25 67 17 0 83 4 18 0 38
8 109 111 52 116 22 92 118 62 28 44 64 0 87 33 21
53 114 107 34 8 89 59 75 106 59 30 111 77 30 21 86
12 4 10 0 27 102 119 89 2 35 25 2 122 59 23 47
45 2 81 53 91 13 0 70 72 31 53 22 61 74 108 73
78 118 74 105 92 65 67 94 100 92 96 95 23 119 14 68
122 96 121 85 109 122 27 53 25 80 75 86 26 55 32 105
45 106 82 9 43 21 103 15 114 71 110 9 63 125 78 57
93 71 14 74 65 42 127 90 122 75 49 21 2 81 126 48
59 80 57 102 102 33 117 88 104 100 97 39 97 47 96 62
119 111 8 56 25 7 19 19 82 68 40 85 21 38 5 80
119 62 54 93 95 43 53 72 15 22 111 112 70 80 46 61
63 54 117 88 62 8 107 16 76 20 101 97 58 106 49 49
41 103 14 8 19 67 80 34 90 64 19 32 16 65 93 79
120 82 39 54 91 18 70 39 38 44 9 97 22 58 18 63
34 33 72 53 100 24 87 62 88 106 94 104 44 59 55 36
14 94 90 105 113 32 16 23 76 25 120 99 84 11 34 118
88 119 124 87 90 3 9 67 35 18 108 19 9 102 118 82
55 111 24 33 29 82 108 98 110 40 6 85 55 7 14 16
127 10 103 89 13 112 28 48 2 8 67 11 111 57 94 38
41 118 71 70 72 51 40 54 92 46 11 19 53 25 35 52
36 10 13 49 122 42 98 124 50 37 8 33 95 102 71 8
92 15 78 36 66 118 90 30 36 101 50 89 127 85 14 35
96 27 84 90 69 54 87 120 92 95 25 59 69 97 67 33
112 17 69 50 7 31 81 43 4 3 4 3 88 18 38 56
46 123 19 115 49 106 107 13 73 5 72 14 102 11 47 86
28 116 8 35 19 89 78 23 92 83 27 53 101 65 109 19
60 0 7 110 106 114 123 51 119 68 65 93 79 112 51 108
100 60 15 119 21 94 15 114 49 42 39 22 107 20 42 40
21 49 22 127 35 17 51 27 85 116 120 37 101 44 17 73
104 32 65 125 126 80 111 47 122 22 70 101 43 112 13 64
33 35 63 68 53 114 95 10 103 88 47 76 4 64 21 108
97 86 105 95 38 89 15 32 111 85 6 26 69 19 90 102
55 26 42 108 12 10 118 115 98 38 63 102 102 85 82 71
43 59 39 82 20 54 114 4 11 120 30 80 12 121 54 67
19 96 47 31 106 37 19 76 75 82 50 50 39 4 121 83
64 32 37 84 86 23 88 97 16 119 49 28 112 103 95 3
72 14 34 50 51 53 127 127 8 49 49 47 54 42 2 118
75 39 74 33 63 35 3 79 26 52 107 10 28 74 13 100
88 47 22 11 101 21 10 109 71 59 28 125 102 31 115 49
70 61 82 5 96 85 84 122 10 63 4 38 9 17 10 97
65 32 109 38 54 119 19 125 51 47 122 25 78 109 74 21
42 28 26 11 114 111 5 124 46 10 34 56 27 44 25 92
76 6 2 2 126 21 127 49 69 121 74 19 102 20 40 17
48 67 28 34 50 33 30 96 43 64 24 71 108 50 35 57
56 38 59 54 59 59 103 0 52 49 20 27 69 60 44 118
127 72 24 49 105 55 18 21 119 42 92 100 92 127 29 21
37 88 75 97 19 51 97 72 100 117 99 42 50 15 32 49
87 56 99 64 111 117 85 103 31 49 75 124 49 104 17 86
102 8 80 111 6 1 23 59 47 32 109 56 93 96 30 41
106 110 117 78 69 32 51 73 20 3 13 61 57 44 23 31
52 103 14 59 104 37 118 23 69 99 80 35 67 110 76 45
93 65 124 34 98 47 107 118 50 121 51 107 37 74 10 89
49 24 20 25 62 10 49 3 109 1 38 48 111 115 94 76
52 90 110 22 9 90 12 59 83 63 39 120 9 49 81 58
74 102 84 8 112 5 11 94 6 50 14 117 37 108 66 89
70 48 112 79 10 124 11 93 60 50 85 69 99 39 0 45
13 84 53 125 89 65 91 95 115 106 84 24 86 22 113 29
71 97 108 81 94 119 47 26 41 4 95 13 43 95 58 56
51 112 54 12 49 17 107 36 123 64 60 82 86 45 111 29
15 91 111 109 83 30 7 124 34 102 9 78 70 68 6 121
52 60 6 101 78 113 9 73 49 69 27 8 114 10 37 1
102 20 110 57 50 117 53 85 92 63 35 34 3 41 27 55
102 33 28 52 19 37 125 68 106 25 76 92 35 114 94 9
6 76 66 57 66 120 14 30 55 49 64 58 90 91 113 64
125 13 116 16 50 114 84 28 11 33 120 46 19 86 56 25
35 122 82 101 114 96 3 41 17 67 99 108 30 84 44 27
97 33 43 19 19 0 47 30 33 40 76 52 126 4 77 33
127 32 6 113 0 9 27 18 76 126 126 107 83 42 6 52
75 50 72 94 50 119 124 83 31 73 7 30 77 84 63 76
116 70 62 117 79 89 7 28 87 5 7 42 47 13 95 123
63 39 89 113 30 86 68 62 31 75 92 108 32 27 57 20
97 119 9 49 80 16 77 39 21 84 82 69 97 49 64 33
88 25 18 118 111 87 52 14 34 16 123 66 44 52 87 13
43 96 62 123 113 11 34 6 95 116 75 65 37 11 98 125
37 116 116 20 75 40 35 110 57 30 48 101 82 7 114 125
104 49 120 89 60 26 95 28 15 43 93 52 54 63 50 91
51 38 112 127 78 19 109 7 49 29 108 3 37 95 0 13
16 120 102 76 18 69 104 33 112 69 86 39 4 8 2 56
46 114 55 124 5 36 4 54 65 112 57 102 79 57 115 95
49 89 44 68 31 20 101 15 90 59 54 94 67 57 22 113
6 83 4 101 75 12 67 114 71 36 17 33 60 38 42 84
59 120 41 21 28 5 118 26 70 65 0 42 19 83 119 26
38 124 127 113 8 66 100 80 102 117 113 34 27 28 118 87
20 31 108 48 36 99 75 106 36 75 21 55 30 12 81 69
8 80 54 17 18 26 97 120 16 82 26 43 110 16 2 3
48 111 51 84 82 126 63 118 73 84 45 104 96 127 45 105
79 99 122 98 126 91 90 14 45 117 57 28 5 60 31 53
43 82 10 125 81 73 115 26 29 32 2 125 31 47 102 111
19 96 81 17 59 43 31 105 32 88 5 38 20 36 91 63
118 101 60 71 46 47 98 75 80 100 73 111 20 47 94 39
16 47 56 75 91 87 52 123 47 57 33 68 93 125 3 84
98 64 27 17 111 125 92 63 98 37 47 118 85 13 29 101
61 85 48 24 44 101 19 91 30 53 31 124 50 35 80 20
99 107 37 82 105 2 18 75 39 65 65 124 78 94 97 11
51 18 35 95 119 55 58 21 108 90 17 30 125 97 50 96
77 88 50 54 90 68 1 1 5 66 126 84 32 95 95 83
113 3 50 104 58 108 126 38 70 15 68 67 113 118 35 62
78 86 116 40 26 117 42 32 55 40 116 87 7 83 42 121
86 92 97 16 72 95 54 15 111 122 82 96 113 118 30 63
76 18 104 102 7 18 6 62 58 122 21 65 78 63 58 36
27 28 53 99 123 107 114 106 102 69 74 87 59 104 22 7
122 126 109 1 16 116 63 74 110 84 12 60 19 70 97 46
98 22 18 94 1 4 72 103 73 19 62 4 123 85 11 118
83 121 119 100 109 55 46 91 11 58 24 31 1 121 77 99
15 95 65 16 100 10 120 45 29 54 50 24 11 61 14 95
54 6 67 35 61 113 127 72 44 23 103 45 16 53 16 31
20 82 47 120 92 39 38 121 94 88 17 105 21 32 72 76
38 11 111 99 125 110 43 41 5 19 86 21 72 102 52 92
56 100 85 20 11 123 13 105 83 31 83 104 63 27 52 101
39 36 72 36 18 115 77 24 6 35 45 78 9 98 43 66
70 0 86 81 123 100 59 78 3 14 54 66 41 107 39 80
15 111 116 33 98 65 57 105 100 103 55 110 73 98 48 15
