32 13 57 61 51 28 56 86 119 112 27 17 8 105 71 81
122 122 30 101 75 48 118 25 1 46 5 52 97 126 95 1
11 24 62 62 52 118 20 43 102 47 60 110 24 4 64 19
126 94 120 74 14 110 99 15 28 104 68 125 102 35 126 113
59 61 47 112 51 67 27 26 115 88 8 11 92 72 30 90
38 22 36 53 4 8 68 32 112 8 29 87 43 28 72 103
89 120 87 12 59 114 38 46 74 47 58 38 119 88 1 30
111 37 83 115 45 23 20 30 32 49 117 75 77 61 50 38
53 9 51 113 124 89 31 70 8 89 109 0 50 110 30 33
19 113 20 65 8 40 95 40 90 84 116 39 17 38 78 71
48 1 56 44 90 87 114 99 49 95 99 99 77 1 4 97
114 24 34 122 65 1 35 27 85 23 66 102 61 16 45 109
17 101 25 108 61 12 79 110 107 50 81 57 51 85 26 37
109 60 31 46 61 66 73 18 89 12 120 23 28 38 4 46
11 30 26 72 42 105 54 21 27 7 78 78 92 104 115 74
36 18 120 97 85 66 115 46 78 108 69 106 18 74 24 29
104 50 102 18 27 28 39 54 36 118 4 0 94 119 74 3
10 67 100 95 5 88 13 83 68 83 61 86 29 86 115 5
8 89 23 36 118 62 90 26 52 95 26 19 86 101 22 96
40 122 63 45 82 77 0 22 32 61 108 61 19 96 66 28
57 89 64 47 23 26 73 76 121 100 95 80 73 117 48 113
111 112 30 66 61 30 88 93 91 69 26 111 37 92 11 94
53 75 14 76 101 87 24 95 59 119 47 4 108 95 117 92
79 19 30 12 49 118 105 13 59 3 124 96 95 7 63 20
82 77 97 55 36 121 22 96 113 69 100 93 37 90 57 116
109 87 1 31 78 106 44 9 110 40 106 77 47 41 98 1
118 67 56 26 60 79 122 45 20 95 11 57 57 68 46 38
28 47 69 106 25 113 115 7 25 93 85 72 6 55 73 124
122 2 23 54 81 17 100 101 112 111 31 41 51 77 80 79
124 21 57 21 7 45 29 32 10 114 105 17 41 50 13 35
52 36 89 5 54 61 107 38 44 10 80 96 87 32 47 83
53 105 104 60 22 5 93 32 119 70 49 32 120 63 67 45
101 105 67 15 111 46 40 25 79 96 66 105 56 112 51 27
37 90 44 117 31 87 106 96 66 75 101 58 114 57 109 87
34 48 103 17 95 15 43 46 112 109 23 40 93 74 67 2
36 111 120 68 70 98 36 9 45 9 67 31 67 48 118 101
96 93 119 63 109 34 109 93 15 5 5 108 79 72 110 116
55 102 56 125 72 92 6 117 102 73 20 41 121 11 14 90
104 5 25 85 39 7 50 54 12 55 34 91 127 17 79 54
119 7 52 64 100 58 53 74 4 74 115 125 85 1 87 61
7 113 19 46 120 69 101 4 125 7 95 124 24 47 51 16
54 103 80 26 33 5 100 37 79 87 35 36 89 122 98 96
107 117 14 99 58 115 103 55 123 71 52 19 118 103 35 44
78 115 71 111 121 43 21 72 3 56 109 92 50 79 60 30
68 74 1 126 62 105 54 57 48 106 76 38 81 112 82 31
99 25 14 92 69 35 37 72 91 18 36 14 97 96 44 37
42 45 35 104 22 89 33 70 67 110 108 20 94 63 51 65
88 66 30 29 101 67 101 65 85 9 79 54 105 123 91 20
40 126 124 63 88 30 5 27 12 114 48 106 49 99 43 9
37 73 39 11 12 12 76 97 22 27 23 127 22 114 19 62
113 16 125 73 46 3 100 58 117 20 36 38 120 79 47 29
25 86 40 37 99 116 7 121 15 30 120 37 17 12 100 2
28 97 75 74 100 47 4 89 68 40 127 60 119 47 89 16
5 2 54 104 118 61 97 6 91 90 43 108 102 15 110 2
113 57 76 85 105 80 47 45 120 46 105 111 93 66 0 99
68 54 75 59 115 45 65 78 7 108 59 109 124 41 111 109
99 59 66 76 11 113 121 3 32 98 114 125 36 114 96 105
40 44 36 27 89 101 106 96 81 37 77 77 78 60 58 49
119 125 125 2 110 118 5 14 88 119 12 125 106 108 102 18
24 10 46 113 111 24 81 64 61 30 14 11 90 72 61 81
69 58 83 52 49 88 66 9 80 78 6 58 59 108 76 83
118 122 69 101 18 22 38 79 53 52 91 15 124 24 97 66
82 52 118 3 13 56 13 93 7 19 23 66 0 99 21 118
94 90 92 112 113 2 64 38 54 27 53 50 51 22 116 5
122 37 95 100 12 64 62 49 71 117 15 27 109 75 24 69
24 103 62 67 109 50 17 31 16 89 55 59 120 125 17 114
34 112 87 46 49 21 95 120 10 111 19 120 58 43 61 82
18 123 22 127 45 39 30 61 0 85 120 120 82 10 106 116
122 65 34 43 86 2 35 97 113 54 89 43 97 22 126 115
17 20 114 63 59 16 124 59 101 117 51 55 127 29 43 121
95 78 37 53 80 72 22 65 127 111 108 96 5 106 84 23
126 70 86 57 87 82 116 60 71 39 116 70 69 31 64 36
109 101 89 61 45 112 126 44 95 107 13 101 85 97 124 84
39 82 13 126 36 2 59 108 41 47 50 110 78 114 18 60
87 108 121 5 92 120 49 59 99 62 32 56 31 28 12 71
110 26 69 19 28 0 127 69 47 49 52 126 36 70 58 123
50 51 0 14 43 50 74 14 112 106 71 16 7 83 87 117
109 28 8 9 29 7 79 76 57 3 74 93 73 4 88 124
56 89 10 99 11 84 114 123 63 57 11 70 12 98 59 122
127 68 3 28 75 82 104 4 85 51 97 31 55 58 27 111
19 37 83 30 122 69 25 57 126 37 127 10 7 58 4 6
126 8 34 74 90 11 78 48 62 48 79 117 106 106 101 125
15 56 27 9 125 52 66 123 89 65 5 97 124 10 103 122
18 10 68 108 21 19 28 83 67 107 72 45 85 45 42 101
101 69 110 98 121 49 93 83 114 99 52 110 109 27 105 127
37 45 107 58 64 8 13 3 115 86 48 73 3 90 46 105
31 28 75 25 77 41 108 64 12 32 46 121 59 23 120 97
69 99 27 5 107 41 9 95 127 57 40 2 20 86 107 51
114 55 76 64 96 56 0 108 88 46 101 20 70 93 117 11
64 16 16 44 57 25 11 56 83 51 59 103 9 38 26 123
93 103 59 61 31 59 41 120 106 14 12 48 107 1 59 44
17 75 88 75 101 99 3 56 22 62 31 31 101 57 26 66
32 86 0 64 17 41 56 123 56 68 43 35 69 102 79 86
50 39 33 23 10 37 79 32 99 110 63 72 39 90 11 72
48 11 8 65 52 64 61 108 4 104 16 73 79 95 31 1
7 65 24 17 102 103 50 73 85 113 18 124 75 29 68 123
47 72 88 73 6 93 74 44 75 112 110 20 99 104 116 89
50 66 43 70 75 72 126 46 36 86 89 98 110 113 64 29
57 24 103 64 118 49 108 65 33 91 85 4 67 74 93 118
12 8 60 87 81 58 5 117 16 95 87 127 80 23 28 10
48 3 74 38 52 54 103 85 17 60 90 85 6 55 75 18
64 7 106 17 65 111 6 82 78 93 81 31 117 109 41 37
113 115 75 37 41 50 123 59 110 85 16 117 12 91 7 76
98 113 93 35 97 99 117 47 65 70 78 54 52 119 91 37
106 38 74 20 88 69 79 70 26 95 59 39 58 67 115 28
52 81 63 21 52 53 69 117 123 19 43 47 11 6 84 117
44 31 9 4 100 88 75 127 55 6 38 113 73 25 13 126
106 77 19 31 2 88 20 125 108 64 45 119 70 1 108 115
32 118 119 5 78 66 4 6 73 42 119 18 67 5 16 46
82 36 77 84 124 97 81 104 33 126 95 104 0 76 91 32
66 82 37 16 21 41 22 94 83 14 112 23 19 1 69 101
37 18 57 33 115 10 10 21 9 105 125 9 53 88 41 119
42 79 8 63 120 30 29 76 44 14 99 63 15 40 36 52
58 93 85 45 104 95 66 113 73 63 122 126 23 35 118 66
114 126 1 107 28 31 55 73 45 26 8 60 66 45 112 124
10 69 41 114 37 108 99 110 43 93 108 67 1 98 5 115
96 6 94 125 37 21 70 82 47 78 14 113 123 126 109 6
68 23 120 105 3 92 87 46 57 67 113 58 38 118 46 6
125 12 3 34 34 73 117 81 24 3 67 19 2 48 25 70
71 18 47 74 110 6 121 39 73 106 98 111 97 16 118 94
28 121 0 62 67 117 16 91 121 83 110 123 3 8 65 75
26 112 21 8 118 14 47 63 121 17 47 90 33 37 56 62
30 56 124 97 46 12 60 39 95 43 34 99 51 99 46 77
83 67 85 73 82 4 8 75 22 55 37 55 92 93 117 123
21 114 92 67 126 25 106 94 68 12 65 119 111 111 68 66
50 25 11 4 29 20 79 51 75 116 107 40 81 96 35 103
82 127 42 81 24 21 47 92 33 112 83 17 95 23 83 17
48 95 22 78 115 101 1 62 90 108 102 43 77 9 18 31
37 21 46 11 97 121 88 94 74 16 3 103 124 101 82 58
52 88 7 2 66 41 7 43 106 31 118 1 81 125 98 118
19 16 1 116 9 89 82 83 106 85 59 102 59 13 32 111
101 39 113 39 81 120 82 59 24 72 60 105 70 31 96 89
47 97 77 57 59 32 12 37 117 71 11 48 84 43 31 57
82 16 96 35 9 50 95 33 123 27 10 65 58 106 26 106
76 103 35 7 7 47 44 125 119 55 45 75 98 77 5 52
93 101 88 102 24 55 7 19 82 18 84 13 124 110 119 72
85 26 79 93 73 123 90 64 50 7 12 20 84 17 73 50
118 33 24 14 88 32 33 42 50 117 55 46 99 46 119 57
72 70 22 18 66 112 82 116 119 94 9 76 111 82 126 102
115 22 116 75 54 22 117 104 11 45 23 111 91 14 40 36
84 62 54 22 46 8 11 37 103 20 113 86 102 111 60 89
6 49 36 60 71 25 37 82 70 60 65 34 74 105 70 30
39 124 53 85 4 64 123 107 84 108 66 58 92 126 19 98
47 55 30 118 80 67 73 23 127 10 57 73 116 127 104 27
123 29 113 127 93 108 107 49 88 45 107 52 43 126 22 91
53 53 81 5 120 26 28 120 37 85 65 25 84 41 52 79
70 37 79 35 17 58 84 106 103 63 30 18 61 53 109 114
106 63 120 98 89 20 90 126 106 28 23 62 69 76 14 12
113 93 47 3 23 4 109 126 67 11 16 1 64 126 115 42
61 107 13 22 0 103 21 106 3 44 40 73 120 54 85 106
19 4 109 42 8 90 40 76 101 57 77 38 55 64 80 116
44 93 10 44 69 31 22 72 76 62 17 68 117 102 46 8
107 27 51 115 117 91 63 91 20 12 1 75 77 81 63 121
47 74 37 116 105 59 60 53 121 78 122 110 52 40 119 31
68 42 19 57 5 82 20 26 95 21 101 44 103 37 37 22
111 74 10 88 5 70 14 126 20 8 109 73 48 100 104 116
14 123 46 19 78 66 45 45 88 19 89 63 56 126 85 39
72 95 127 77 37 13 75 58 21 56 3 70 28 107 58 42
103 104 62 53 43 107 98 3 126 59 66 54 57 23 93 1
118 93 78 27 106 25 85 0 82 88 70 110 68 0 25 43
13 49 104 108 114 40 1 27 105 109 86 31 30 5 99 0
33 123 8 110 91 28 125 13 83 97 59 45 125 93 108 10
15 84 119 1 124 120 28 101 101 115 5 4 120 104 4 26
99 12 8 62 41 5 75 124 102 7 42 99 100 22 110 115
107 101 117 103 93 17 77 67 4 82 71 125 58 75 23 30
88 31 92 1 37 40 125 11 47 39 111 19 62 93 7 41
66 124 16 31 13 93 98 18 47 41 15 106 117 38 8 77
69 100 78 106 12 75 118 59 115 101 79 49 66 86 90 4
82 106 35 95 72 6 113 119 47 0 97 36 38 105 113 108
78 63 86 90 11 76 22 126 49 101 47 115 59 9 119 13
115 27 108 59 33 94 51 80 94 20 117 5 126 102 113 76
38 71 38 49 20 60 47 69 33 94 57 92 103 48 105 90
75 86 22 108 52 73 61 18 93 50 23 91 24 8 39 62
80 78 111 100 10 30 41 44 124 98 8 99 19 114 62 94
72 84 75 124 29 8 14 122 58 38 86 82 46 125 17 126
75 0 98 86 31 12 2 27 110 10 127 1 124 61 96 68
17 43 64 46 51 79 40 109 117 126 63 35 124 80 34 71
81 4 29 112 16 31 11 127 42 10 0 38 71 96 107 88
11 43 6 62 122 47 43 111 45 107 19 41 59 53 113 12
57 14 124 74 46 8 73 88 18 73 126 90 42 105 50 53
21 57 116 15 104 31 127 21 10 18 63 70 71 48 82 0
62 79 74 108 87 19 68 105 93 67 67 7 44 118 60 65
47 48 81 23 80 80 44 90 98 107 32 41 27 115 41 90
66 116 70 25 7 11 2 100 78 70 107 122 60 40 60 107
88 13 2 40 93 46 3 63 26 35 104 53 22 17 15 88
5 86 113 13 97 116 113 47 58 93 41 118 5 101 97 93
114 99 6 79 17 9 14 43 44 118 97 67 8 112 27 13
70 13 26 39 1 12 86 59 105 0 49 110 101 18 75 88
117 81 39 6 90 54 50 7 44 19 74 52 3 101 66 74
114 92 113 115 104 72 46 81 72 95 63 45 113 11 5 102
92 45 109 55 99 31 62 15 50 8 68 53 109 6 127 96
98 113 83 75 57 2 28 1 97 92 46 83 103 52 57 67
123 101 18 78 108 79 23 81 4 104 26 126 77 84 105 27
1 76 84 8 84 34 33 86 81 71 100 65 56 61 43 51
34 61 1 14 12 24 95 17 0 121 15 77 78 120 104 79
68 60 88 25 95 121 111 48 64 84 113 120 17 28 43 52
89 44 66 102 68 34 119 68 27 6 18 105 127 122 57 67
55 17 92 22 10 76 70 74 32 55 67 49 84 110 101 45
27 40 19 95 74 10 36 101 17 54 79 16 48 8 83 103
25 48 125 35 124 67 109 28 123 48 77 79 31 51 124 58
91 16 25 37 26 61 10 43 115 89 59 36 97 15 11 122
63 9 29 59 76 11 87 71 59 36 22 90 87 19 20 50
35 46 87 61 107 98 105 95 59 36 3 29 51 14 23 114
23 53 45 100 64 4 43 123 41 66 86 0 85 106 51 120
24 10 53 4 108 30 99 40 67 102 69 118 116 92 105 12
17 22 112 81 27 27 77 68 93 35 68 50 13 119 42 38
2 96 42 110 126 13 22 65 115 91 56 103 56 33 115 73
55 99 27 82 127 104 22 92 11 91 15 24 82 57 62 84
25 104 67 24 117 89 89 104 53 17 80 109 50 67 54 106
39 81 60 38 57 83 2 68 46 17 93 0 75 27 85 100
4 24 124 121 113 86 98 38 103 50 19 26 117 74 4 28
27 64 66 85 19 69 25 65 86 118 66 33 18 23 6 22
47 2 15 32 88 113 71 64 35 90 90 25 36 94 53 64
30 120 21 50 61 46 115 19 37 53 53 55 76 59 77 123
61 92 28 22 78 99 86 113 61 48 10 98 14 64 34 44
56 55 94 117 101 82 8 10 7 61 65 84 120 14 79 54
107 107 76 57 78 34 42 12 82 53 110 96 117 16 12 45
71 107 34 44 61 42 55 68 104 120 24 96 7 104 22 114
83 98 43 34 4 85 46 86 10 28 54 127 44 67 44 115
46 78 31 107 121 86 47 97 79 72 65 86 48 88 72 3
58 115 37 63 72 83 21 83 111 76 82 27 15 127 14 61
77 46 40 70 4 87 39 83 31 105 41 79 65 113 83 123
100 120 58 45 76 80 0 59 28 82 87 43 81 101 104 31
19 16 101 24 103 13 107 7 118 21 86 55 6 41 50 107
1 12 34 62 47 11 103 121 22 24 98 24 67 51 88 84
65 119 17 76 37 88 126 76 92 50 47 6 3 19 55 4
31 89 66 78 101 41 72 123 65 42 20 4 93 108 89 30
99 106 106 9 67 104 85 31 26 5 37 29 24 92 33 55
53 99 6 26 12 78 22 77 120 42 82 85 22 43 115 121
21 93 2 88 69 88 119 96 93 28 125 117 120 31 44 46
2 50 72 15 0 94 92 120 8 46 77 30 89 64 24 111
29 26 71 99 114 63 67 79 91 64 68 84 95 113 2 98
35 74 113 36 41 77 28 49 124 106 80 85 42 104 68 72
2 12 43 117 75 110 68 38 46 9 122 14 122 124 112 29
71 97 65 112 46 94 33 42 72 113 0 114 89 68 58 92
80 101 81 27 83 21 66 2 30 60 16 24 57 0 54 0
97 119 112 15 85 17 58 29 3 58 16 92 126 74 56 79
48 9 106 3 31 44 5 61 105 21 86 34 21 12 34 118
3 18 6 89 35 64 118 38 122 6 3 120 81 59 71 1
69 50 4 100 94 10 33 71 31 119 105 53 3 11 43 7
29 49 96 65 113 86 103 107 93 106 100 46 38 43 47 107
93 51 79 60 61 112 3 93 104 109 18 107 120 61 114 22
111 82 87 96 41 62 76 6 41 48 52 79 91 99 58 57
22 9 117 84 121 120 49 97 101 67 77 94 0 63 116 111
18 75 80 59 9 28 65 50 76 117 1 39 88 59 96 110
68 85 66 62 78 115 31 51 54 108 17 55 44 5 38 62
80 118 121 90 18 58 12 94 47 14 6 7 73 102 117 14
60 56 76 10 43 107 61 98 88 79 25 4 84 63 66 37
54 59 127 72 117 11 39 36 25 45 43 99 19 32 113 79
88 61 89 4 40 23 102 0 102 127 4 58 62 70 95 116
1 94 61 118 106 100 26 3 17 69 102 36 102 87 116 62
20 77 66 61 100 40 61 74 39 66 5 102 8 100 90 10
67 23 0 45 123 27 48 12 96 23 49 70 110 37 5 3
114 71 64 87 112 125 33 23 63 38 125 72 11 88 82 78
111 82 123 107 109 43 119 78 66 40 20 49 77 25 52 64
97 116 23 81 113 56 104 49 95 102 121 106 62 75 56 45
4 108 102 59 118 40 82 71 59 87 57 45 17 66 13 74
15 48 54 127 114 15 71 126 50 40 41 55 52 20 106 57
1 80 116 119 120 70 62 51 29 119 97 46 58 110 121 73
31 47 72 17 62 16 15 113 56 56 40 108 77 18 37 78
99 26 69 91 96 3 15 126 122 112 44 52 94 37 125 125
84 70 14 19 86 30 4 14 86 44 122 35 62 32 113 33
58 54 125 26 57 12 24 52 124 69 104 90 106 102 88 63
44 102 82 2 4 86 16 91 2 10 126 64 42 112 98 100
38 95 127 96 107 23 20 103 92 124 65 71 98 25 6 14
0 88 16 4 46 32 95 48 43 94 112 85 78 82 58 116
49 57 84 28 80 104 3 45 101 69 116 71 94 122 86 94
82 102 99 0 7 66 48 50 32 32 7 110 115 65 99 36
122 55 65 75 32 68 120 5 9 108 76 104 102 34 70 56
9 41 56 16 108 104 66 12 8 73 123 123 11 94 32 5
21 97 80 53 37 72 58 47 52 7 23 26 41 93 82 50
7 10 66 115 114 4 127 123 78 122 118 89 88 22 94 110
119 47 35 29 119 94 76 44 101 99 70 14 64 25 65 71
35 3 58 22 8 58 17 86 52 7 47 13 30 13 123 21
60 30 50 52 124 126 96 97 97 38 112 34 63 49 105 99
52 36 121 60 94 10 18 18 17 65 31 47 79 26 69 11
57 119 63 53 118 31 23 87 70 7 121 5 56 99 104 108
7 97 41 101 107 59 119 125 125 23 44 76 49 113 87 106
105 23 32 95 54 55 54 124 62 48 2 118 19 106 98 26
76 11 127 55 71 118 52 68 13 97 16 63 82 103 41 59
126 73 26 53 0 81 49 62 1 51 52 20 30 23 46 106
34 45 33 105 35 86 45 49 55 61 112 9 37 25 69 35
99 95 88 99 48 10 34 49 61 86 69 91 109 115 69 16
32 103 121 68 61 39 117 116 100 101 125 9 126 66 45 97
34 5 69 82 15 103 4 77 61 73 40 43 61 110 59 93
85 52 33 18 91 22 6 64 123 3 73 122 70 118 91 104
124 32 58 11 7 62 88 69 8 1 112 69 111 43 34 68
95 68 86 59 90 92 123 86 95 68 80 37 59 43 13 55
118 49 96 48 29 97 83 34 37 73 59 12 46 101 114 8
51 29 49 62 58 108 119 54 82 104 42 11 81 71 75 72
120 44 120 22 13 75 56 50 20 115 62 66 88 48 74 11
78 124 74 8 104 65 63 58 41 105 70 123 49 17 67 41
61 59 63 74 6 120 124 27 107 58 93 68 107 40 79 57
36 25 65 12 91 0 70 4 106 12 127 27 30 66 68 91
125 4 38 4 124 34 31 103 93 124 43 72 36 123 1 72
20 66 84 111 67 27 116 45 39 115 72 69 54 12 33 51
16 71 55 12 105 86 116 70 83 31 14 119 26 15 64 47
82 20 30 21 47 18 66 87 6 10 28 60 22 61 111 39
4 39 51 110 125 39 52 80 71 67 72 97 82 8 16 36
28 47 57 76 65 123 35 71 5 63 3 28 125 115 67 1
26 118 111 23 30 36 104 101 103 48 70 57 56 87 94 84
6 23 32 71 19 67 15 24 3 18 52 0 5 119 1 31
110 113 55 12 21 31 113 124 79 55 53 7 14 19 91 20
43 124 92 62 63 107 86 66 125 11 66 3 2 68 34 112
53 89 124 74 120 109 70 71 37 123 78 51 15 42 72 58
38 36 120 101 15 78 40 12 89 106 15 92 46 50 76 99
11 73 45 4 54 115 75 91 111 26 15 126 68 87 56 106
123 48 79 10 126 119 22 88 98 38 52 16 88 0 116 99
73 33 103 0 21 51 91 4 77 106 2 17 65 58 123 60
106 74 70 104 66 93 64 36 3 116 52 91 117 40 62 62
74 38 62 95 89 26 99 38 4 101 55 70 31 50 2 9
124 73 113 62 38 50 98 41 38 23 4 27 63 66 90 9
104 24 104 65 50 75 103 55 48 30 125 79 80 127 88 77
72 74 11 110 124 110 23 34 5 27 62 68 94 24 78 70
48 54 8 99 2 111 26 50 14 23 2 94 22 90 43 95
36 55 77 32 37 101 67 42 0 1 110 94 25 60 37 73
115 45 44 117 28 70 39 42 93 41 9 116 4 52 83 40
107 32 73 16 5 12 58 6 13 41 100 38 101 9 111 88
54 28 77 83 98 117 125 64 30 6 52 34 59 7 75 38
39 20 55 45 32 113 51 45 26 23 83 0 33 66 88 87
