38 98 83 83 23 33 30 110 1 48 87 79 3 49 35 50
65 109 96 7 13 46 59 123 87 46 98 100 67 8 37 105
107 120 60 2 25 91 112 26 11 72 105 14 121 13 64 58
122 32 66 7 78 125 3 38 43 101 10 110 110 47 87 89
39 20 91 64 111 76 90 122 20 68 8 13 81 72 72 75
105 10 83 55 7 86 93 51 59 103 33 41 22 121 2 61
13 94 125 124 42 88 118 62 28 126 75 109 70 19 56 47
29 11 103 37 97 68 88 29 44 121 70 66 114 73 0 127
39 125 123 81 85 113 15 113 111 90 94 54 110 23 101 11
34 76 48 4 17 8 33 61 2 103 127 116 48 127 116 87
125 111 40 82 97 55 68 80 18 34 6 0 57 108 11 92
56 60 96 73 68 1 6 70 104 6 59 25 5 47 112 2
30 25 85 127 80 25 80 98 59 86 98 117 66 110 81 123
42 49 68 110 50 75 53 26 81 112 51 86 31 36 89 61
61 46 61 13 71 13 112 2 99 82 119 38 64 72 33 106
121 101 89 43 48 14 70 1 126 121 88 29 29 49 90 90
95 23 104 38 36 88 40 8 42 32 46 107 104 79 85 98
52 46 13 101 60 83 102 58 77 62 87 106 111 50 69 78
73 45 116 110 5 29 118 47 61 36 26 37 115 112 7 39
30 21 12 91 104 115 21 53 49 109 32 33 31 101 111 104
18 100 86 23 1 76 70 62 112 97 99 99 81 107 11 111
0 23 74 104 10 96 30 60 77 62 93 108 35 76 84 53
48 43 76 49 119 18 111 104 115 83 75 68 62 86 52 62
110 126 38 120 94 68 52 43 2 17 23 37 94 108 90 14
23 38 64 14 57 47 118 44 2 66 113 64 24 37 126 6
35 37 127 2 105 51 45 108 69 69 17 35 49 108 49 72
18 113 86 75 33 77 120 35 15 105 100 39 14 98 46 49
7 45 51 113 96 97 93 37 38 110 72 87 90 122 31 109
107 117 56 12 66 48 48 81 25 20 121 39 118 39 89 126
84 12 111 52 109 76 90 19 58 34 106 21 28 9 2 8
127 58 20 65 107 68 19 4 88 12 44 79 51 5 77 7
17 60 59 127 8 21 18 66 56 125 87 84 6 89 92 5
26 112 38 60 35 92 22 11 72 89 22 69 123 115 82 5
111 14 55 118 37 65 88 80 99 104 126 109 28 85 108 54
69 18 114 104 111 8 115 55 98 10 124 93 125 78 98 108
92 25 98 1 90 58 81 61 34 79 42 63 37 22 117 106
41 104 83 24 112 70 79 82 80 75 47 77 25 17 57 117
42 28 118 4 86 71 65 121 22 107 56 59 2 45 38 43
21 121 67 6 63 18 88 16 93 8 93 118 25 23 107 68
51 97 72 9 40 10 2 62 117 58 122 119 104 32 34 125
25 101 3 88 119 92 104 84 100 70 74 125 93 53 65 16
22 10 25 62 20 28 125 9 86 119 1 62 23 35 60 48
9 63 8 0 27 113 85 127 55 31 125 20 85 62 36 107
72 61 42 92 89 39 102 48 30 103 110 53 10 42 101 19
106 109 20 5 94 105 5 21 8 2 41 93 64 77 73 9
11 115 101 100 26 75 20 56 50 3 109 61 45 82 80 23
63 100 29 30 77 34 51 86 36 93 51 100 42 124 109 53
111 83 26 9 30 46 65 81 49 46 14 95 0 94 118 64
67 19 94 16 53 17 102 89 110 26 62 25 22 43 78 6
126 104 15 29 23 81 110 72 127 124 39 0 90 30 64 29
49 30 46 103 47 20 64 30 46 126 55 69 42 5 75 40
110 90 69 5 43 51 77 43 47 117 43 10 19 107 39 68
9 85 43 56 106 108 86 24 106 13 93 20 19 40 61 1
3 2 6 46 54 83 89 101 72 4 111 91 111 23 32 120
108 75 49 86 55 7 111 34 21 76 54 40 117 115 41 120
118 47 38 44 2 0 17 75 4 1 38 116 24 70 108 4
18 29 91 73 37 74 107 58 22 34 98 11 21 11 3 11
58 42 55 60 42 73 7 46 74 46 34 98 116 15 102 6
44 65 80 81 11 59 11 34 93 109 45 115 120 49 126 50
91 54 111 5 127 118 51 73 36 86 43 25 101 17 31 17
83 111 99 94 43 110 0 8 92 46 123 84 95 122 7 58
48 118 63 47 108 114 120 17 72 35 42 45 52 73 63 7
57 34 102 100 16 102 108 108 20 104 65 115 98 72 45 18
62 108 65 42 95 57 59 39 92 101 85 16 47 20 24 104
18 92 100 54 46 102 47 26 118 63 83 52 43 118 118 85
38 16 57 50 122 44 55 94 109 25 34 31 51 110 9 70
74 109 124 121 83 43 19 73 106 103 125 22 93 115 107 3
4 36 53 126 80 109 92 61 6 127 92 57 109 101 127 55
82 123 48 38 39 68 111 17 43 109 39 8 96 18 11 100
54 65 98 6 46 63 68 52 62 32 109 43 6 109 98 88
104 19 126 15 87 110 33 2 91 72 10 59 91 21 32 17
86 2 24 4 65 92 56 127 124 38 42 2 19 13 91 123
32 89 11 119 71 44 121 34 116 3 94 79 24 126 97 111
0 121 115 66 85 44 65 81 82 108 84 101 121 47 96 25
8 107 16 80 23 9 114 12 12 80 91 36 78 60 19 79
53 7 17 10 51 82 92 5 62 48 106 55 95 74 80 103
54 96 55 77 105 42 89 117 122 53 26 73 113 45 24 39
52 41 49 103 123 13 108 58 61 86 113 28 33 66 4 87
34 59 36 12 101 126 1 96 51 27 41 36 73 65 75 125
106 125 101 101 10 81 31 72 40 17 100 73 83 104 32 117
36 68 1 9 66 3 105 117 30 18 26 103 83 101 101 61
98 74 35 109 27 66 53 67 83 25 12 38 2 44 28 38
113 29 47 51 32 25 41 63 43 67 38 127 40 11 60 11
85 95 120 113 34 45 52 117 70 65 28 72 109 56 110 94
85 30 18 118 55 59 53 98 126 91 97 38 103 30 49 60
125 41 45 31 86 98 21 29 35 49 101 16 105 84 111 62
114 1 52 41 60 105 11 58 69 109 96 44 11 18 104 8
59 22 40 18 120 61 47 27 110 20 43 87 104 26 21 90
27 74 3 87 51 15 17 120 124 114 36 7 4 13 15 63
35 55 81 27 116 0 54 98 21 97 57 125 124 79 88 23
25 91 111 76 106 0 69 102 114 105 109 118 118 125 54 25
52 7 52 41 8 106 11 29 76 69 26 72 20 114 95 45
78 78 121 56 79 62 31 65 40 12 56 30 9 110 56 62
117 108 103 125 87 114 26 35 55 53 107 75 39 74 120 117
25 114 46 104 48 77 41 88 89 97 119 99 79 47 33 69
27 8 66 114 122 93 21 50 18 0 125 57 75 118 47 100
16 106 41 68 71 14 102 29 126 43 36 59 20 36 113 112
97 78 83 23 91 51 10 95 1 117 119 45 49 38 115 65
16 28 5 87 43 107 116 41 22 24 101 43 60 86 27 29
37 110 52 0 34 62 96 35 51 87 81 100 125 68 37 13
96 42 100 11 21 88 53 44 112 26 87 44 112 114 73 21
97 126 22 3 60 118 38 112 77 119 84 74 59 122 87 28
36 59 39 58 19 92 102 3 118 61 47 103 47 120 124 16
118 18 19 51 8 58 35 85 49 119 31 109 113 118 9 22
49 48 80 68 13 54 71 3 115 118 106 34 111 103 51 101
121 70 24 2 0 59 87 50 51 119 31 36 109 40 58 31
88 10 99 101 64 43 105 51 33 83 86 16 58 9 118 52
79 14 54 80 74 13 2 125 4 33 33 114 73 92 17 33
102 116 7 39 31 112 90 65 67 48 81 126 57 71 50 9
86 104 89 32 117 91 29 122 124 62 108 69 26 125 102 1
113 109 40 17 93 2 82 33 51 35 31 108 107 81 117 65
57 78 97 46 41 126 40 37 60 20 106 87 17 81 88 3
62 0 20 28 2 102 61 53 9 92 34 116 45 23 53 102
102 22 20 15 20 61 53 81 81 31 40 99 112 0 102 47
0 122 75 2 96 8 56 105 100 90 94 17 113 19 119 87
42 11 103 62 72 28 15 26 59 55 125 44 55 99 91 55
93 38 58 61 46 114 38 18 76 4 35 61 24 26 21 66
37 124 0 110 24 16 8 83 71 5 127 127 104 90 54 69
0 112 2 46 98 40 64 46 45 99 108 69 125 1 7 35
125 7 17 21 23 25 104 95 30 104 94 6 66 20 75 67
5 77 113 103 117 50 22 34 21 2 103 19 3 110 54 0
118 71 21 13 96 125 108 126 101 74 4 40 95 79 107 100
28 92 75 17 14 97 52 36 99 27 55 102 10 109 102 0
52 123 13 20 121 122 18 94 68 22 6 35 101 113 7 1
78 83 18 92 52 70 0 24 98 55 126 108 36 101 108 88
96 121 108 89 115 126 56 56 20 62 91 121 48 99 122 126
54 13 90 106 83 91 2 53 18 1 33 55 102 13 15 70
7 124 32 122 122 88 50 15 22 14 8 70 113 3 68 39
30 127 17 60 114 92 27 50 127 98 28 75 13 49 58 32
123 117 78 88 46 123 66 21 44 41 93 90 53 80 52 83
79 69 15 65 33 42 115 33 12 15 108 26 64 39 58 59
28 8 20 74 3 86 95 47 127 60 9 52 12 61 7 92
2 22 29 36 64 17 69 77 32 49 103 97 88 33 28 116
41 48 62 44 6 29 91 5 90 101 57 102 34 64 66 37
86 96 73 23 113 14 100 17 63 75 114 24 108 15 12 21
63 75 65 70 104 28 75 66 1 5 41 36 69 107 73 28
75 18 51 60 32 23 78 95 98 64 119 78 79 4 99 15
79 36 85 55 64 32 122 66 37 35 102 107 14 47 7 90
65 58 22 97 81 100 64 51 37 56 1 116 60 100 3 11
8 88 66 72 121 60 10 30 95 112 9 110 31 16 72 96
74 94 65 27 67 2 78 104 58 79 92 118 51 96 1 59
56 67 4 49 0 14 80 95 127 89 77 30 106 21 127 52
116 64 80 55 66 30 31 124 110 123 114 33 91 115 93 20
55 97 69 55 111 21 22 110 111 100 13 89 121 12 13 109
76 93 36 15 124 67 11 106 63 126 11 26 113 104 46 40
73 116 95 57 9 118 39 120 90 52 81 83 64 95 65 13
60 101 28 56 41 39 34 104 37 46 2 23 22 49 63 96
37 31 25 46 21 64 39 111 117 120 66 53 87 3 66 20
105 94 76 18 6 111 122 43 29 124 66 51 45 2 19 82
33 44 1 54 109 40 37 98 32 103 23 120 107 90 12 84
56 88 102 62 71 96 106 100 92 44 24 10 46 43 92 79
88 93 5 69 5 42 39 38 18 62 30 125 24 42 81 81
2 55 15 74 23 121 46 115 38 70 125 84 114 90 36 74
55 41 15 61 84 54 99 102 116 1 99 13 43 52 94 45
107 109 119 2 103 38 117 13 108 115 97 94 77 5 40 4
47 55 65 3 109 36 105 98 37 76 111 80 0 77 126 107
58 117 109 33 27 98 46 8 85 16 102 34 21 15 39 68
70 104 71 52 13 48 22 50 124 5 3 124 82 1 103 12
118 84 46 18 55 92 26 12 108 0 47 2 15 86 70 86
62 14 10 75 62 32 126 59 37 1 55 119 2 31 3 120
52 93 38 34 125 125 83 67 123 48 56 86 28 60 83 57
37 117 122 5 80 83 95 75 34 120 81 11 49 41 32 101
7 70 7 4 67 91 71 63 11 0 21 40 60 104 97 97
93 91 103 45 47 70 120 81 62 73 92 111 115 124 84 122
67 91 126 6 54 70 69 66 70 90 106 2 66 75 99 31
39 74 76 86 16 69 39 78 14 3 61 1 127 17 123 66
109 122 73 35 64 14 101 6 105 79 8 43 27 107 75 66
54 23 24 70 92 63 21 107 66 82 108 65 100 104 4 81
98 77 116 34 91 90 40 68 41 48 112 68 27 59 6 81
82 30 24 47 93 45 26 31 127 6 97 99 110 101 52 80
50 41 114 13 3 26 82 44 74 66 113 102 125 119 55 79
22 79 126 115 124 24 19 124 31 116 95 13 89 20 94 11
61 80 24 64 107 106 108 53 44 93 27 41 85 83 121 107
34 119 94 31 16 113 27 47 101 122 60 62 14 26 73 75
107 98 11 86 76 120 11 121 85 39 34 42 122 27 21 28
19 116 59 35 101 86 82 75 81 14 9 95 41 83 43 20
53 54 106 1 46 117 122 4 28 29 46 22 56 68 51 75
56 110 110 29 69 64 104 22 79 114 117 120 69 32 12 122
87 118 123 5 107 118 9 8 19 56 30 75 124 81 23 52
64 5 81 5 70 58 27 21 44 16 13 113 49 25 107 8
15 102 13 122 92 23 2 111 79 33 59 75 114 82 127 50
87 80 55 29 10 82 50 54 99 63 39 20 88 18 28 103
121 41 98 85 64 100 69 15 5 0 90 120 82 89 42 41
42 98 71 52 52 121 107 23 57 18 43 17 37 71 121 30
113 91 115 49 63 56 65 69 56 27 61 10 117 103 52 31
73 123 83 126 116 62 21 45 81 65 63 118 8 56 20 121
19 7 43 82 64 108 23 120 7 84 3 124 60 55 27 5
50 111 3 38 45 25 84 126 90 19 116 98 75 8 92 94
16 7 48 80 115 72 72 122 28 75 119 88 2 18 94 52
1 97 91 47 122 47 45 84 66 34 55 13 42 19 107 58
26 27 10 13 99 83 7 0 30 126 88 33 17 54 85 18
24 48 65 18 95 111 103 33 17 30 46 59 49 25 118 75
87 52 54 117 112 49 117 24 39 9 7 0 57 94 83 74
30 89 121 24 11 2 61 65 118 33 5 2 77 16 29 36
68 83 25 52 4 14 77 44 23 84 44 81 51 127 27 81
89 20 106 100 23 39 37 13 72 42 15 21 58 44 57 127
0 82 51 4 96 0 48 120 85 93 73 8 92 100 89 53
120 67 25 15 106 62 29 51 105 44 72 35 89 2 34 89
84 86 93 53 86 14 45 43 107 118 51 71 90 13 125 82
80 22 98 59 85 127 110 62 43 54 97 4 56 4 93 13
90 59 66 48 73 111 92 52 101 15 123 63 28 120 17 109
15 115 40 100 114 22 34 30 76 3 34 5 7 0 18 97
59 84 18 4 67 110 56 40 125 51 103 26 44 120 7 59
108 47 31 94 69 65 124 17 68 31 22 76 31 40 45 90
124 63 94 63 45 22 103 43 73 78 69 117 71 76 48 51
123 79 17 64 16 14 81 85 45 104 33 76 16 78 38 13
14 4 76 59 26 52 102 99 2 43 89 73 119 9 124 114
89 14 50 105 28 4 62 73 108 95 21 124 46 59 9 60
63 86 119 89 10 94 60 12 9 21 86 1 31 82 115 120
96 38 97 124 42 32 69 22 127 90 18 45 21 28 105 84
114 97 45 124 63 106 8 72 127 94 73 30 49 61 22 17
99 120 14 13 24 83 35 23 46 53 69 67 81 46 24 67
15 69 63 78 47 72 23 47 38 96 77 87 29 100 105 0
92 119 13 116 74 48 11 120 102 80 60 55 127 84 123 14
25 58 93 73 2 116 120 41 84 69 0 114 41 105 114 5
96 0 121 43 48 5 35 22 85 95 78 84 51 73 99 77
3 64 22 6 52 14 47 8 83 47 122 125 25 109 2 121
109 124 36 29 1 72 52 86 39 2 43 91 75 14 40 78
78 62 84 2 76 3 10 31 51 5 28 76 114 31 69 95
27 106 124 28 50 48 114 89 50 29 52 125 43 92 76 121
26 32 123 102 36 6 6 87 11 34 35 125 65 104 92 92
82 88 120 4 9 107 94 59 8 18 57 52 111 5 45 9
37 41 112 73 47 118 32 58 24 67 55 90 44 19 54 126
107 47 3 116 26 97 48 34 115 105 86 98 110 4 108 19
31 84 28 38 44 103 111 23 49 105 91 44 53 7 127 50
118 41 95 1 96 47 88 12 39 67 93 19 14 42 30 46
126 59 84 42 34 67 65 84 44 28 0 98 36 127 20 26
40 115 27 9 34 115 21 73 54 115 93 69 29 123 115 28
54 71 70 89 10 8 45 54 36 45 24 72 45 44 98 85
31 125 94 65 112 116 11 39 103 104 108 4 99 95 32 26
38 103 115 48 111 32 102 19 77 127 92 122 43 62 80 75
60 46 12 44 34 23 83 9 127 63 14 99 30 46 125 68
21 112 116 4 16 91 24 93 90 116 88 5 50 40 80 110
86 93 27 121 116 110 2 116 46 16 87 76 63 84 17 84
68 5 89 84 96 113 49 58 101 9 64 23 49 16 6 8
109 33 1 98 15 3 86 61 20 45 10 83 1 27 39 69
32 0 25 1 113 74 59 86 84 123 110 5 12 116 13 121
21 14 91 36 18 49 98 38 94 108 121 95 7 32 36 39
33 61 40 18 8 100 105 92 95 87 97 107 75 111 101 96
125 64 4 15 114 102 53 80 82 46 48 89 79 84 1 112
18 41 2 26 13 107 118 109 66 87 88 13 70 61 109 68
126 114 83 112 88 9 64 43 55 112 4 6 69 5 118 87
47 121 113 60 100 103 41 39 62 2 52 5 63 34 73 61
20 28 45 108 37 110 23 93 94 28 99 35 33 90 122 80
83 107 13 55 82 54 94 17 56 19 22 120 53 95 53 73
123 99 53 33 81 77 126 47 105 97 83 10 59 77 91 14
57 104 70 11 30 36 28 87 55 50 79 108 17 4 53 13
103 107 46 56 56 44 104 33 13 59 43 73 8 6 87 65
110 29 77 13 66 105 100 121 28 51 102 45 55 27 58 31
6 104 87 62 20 63 95 34 122 11 107 3 17 66 68 0
96 17 13 34 123 113 27 23 36 1 68 91 29 127 122 35
103 82 98 124 17 65 30 12 76 9 15 94 75 83 94 43
101 107 77 96 92 105 119 0 106 59 91 7 58 86 43 34
40 13 30 57 78 60 69 27 69 84 121 16 40 87 60 13
66 9 109 30 114 100 30 93 31 121 100 90 79 15 124 119
28 26 49 107 86 118 6 27 75 127 43 115 86 103 0 24
47 66 94 9 104 91 51 122 40 124 113 25 75 118 107 109
104 97 2 93 119 25 46 10 3 71 64 97 81 103 35 0
41 2 10 17 93 61 11 5 57 124 31 5 114 10 114 91
107 116 56 98 13 102 108 16 45 45 113 126 20 21 126 61
23 8 79 116 69 90 121 127 87 24 4 73 34 118 36 13
106 92 112 119 66 92 8 111 9 121 109 29 14 108 91 37
116 42 25 58 4 19 57 91 43 61 37 78 51 73 91 29
38 75 20 104 40 28 88 49 22 69 79 36 49 42 74 38
84 99 96 88 118 25 52 34 86 89 112 9 34 75 38 72
23 58 49 63 87 9 112 109 78 63 17 0 105 91 38 61
63 6 22 53 31 74 87 117 35 71 126 69 19 36 14 42
94 63 105 53 72 89 34 22 25 52 22 2 15 60 64 78
66 86 4 97 32 91 86 67 35 84 8 54 120 22 96 87
85 73 12 29 34 47 52 59 99 74 62 114 7 126 65 73
84 69 43 116 32 1 55 67 86 63 121 78 86 89 37 43
34 50 73 69 97 125 0 68 71 62 54 78 60 119 24 16
60 67 4 93 68 59 32 26 123 26 105 81 115 14 124 22
64 69 91 33 66 91 101 10 26 28 88 86 19 112 103 80
51 107 45 120 39 77 18 34 103 123 115 91 10 111 113 74
53 76 108 119 39 81 1 65 109 90 24 1 74 127 81 126
106 126 118 17 75 8 51 51 4 38 14 14 22 127 88 75
75 68 66 114 22 68 52 3 30 76 4 104 75 85 102 53
83 92 71 31 101 122 82 105 33 96 119 55 95 79 2 42
20 68 28 42 8 80 45 38 28 50 15 103 7 117 29 91
82 100 122 55 94 76 32 127 44 23 54 11 102 56 53 122
125 81 36 5 34 82 44 62 4 59 38 11 48 67 102 2
39 96 57 5 44 89 5 88 112 59 99 87 116 24 81 113
106 118 118 12 72 34 74 76 93 112 87 14 51 62 16 90
30 74 96 75 35 101 35 20 32 7 107 20 31 60 5 9
50 124 21 122 30 96 70 124 80 30 10 4 92 26 94 122
100 62 69 8 35 105 28 68 112 7 88 15 67 94 25 118
90 46 112 120 14 55 116 95 85 126 99 49 25 65 43 125
54 10 8 15 41 122 127 88 125 125 73 83 101 40 118 84
68 106 20 105 104 96 59 6 21 15 92 29 65 64 82 119
75 90 6 116 84 5 76 81 2 21 37 103 62 27 60 2
5 80 107 110 48 39 116 70 54 80 99 119 17 53 110 92
15 116 80 99 122 28 52 124 49 89 100 111 116 32 114 122
112 93 104 32 4 92 102 59 45 73 50 62 126 33 26 13
21 106 112 15 6 37 12 55 126 112 39 115 16 25 109 0
118 85 32 123 49 7 54 94 80 104 28 79 9 54 92 31
32 77 46 38 114 58 94 112 42 5 99 58 30 80 58 20
37 91 15 87 98 69 53 50 46 82 1 55 8 94 86 41
43 5 79 29 63 45 13 106 50 113 36 80 65 95 101 103
58 116 62 28 58 115 78 104 69 80 31 78 46 118 119 89
123 70 118 58 116 3 36 38 116 73 119 54 40 92 29 98
80 91 126 10 78 76 114 20 28 18 98 74 8 89 35 3
31 25 61 19 29 98 58 17 43 49 71 83 13 100 53 93
63 51 104 14 127 90 34 28 108 4 102 116 93 10 119 124
35 53 16 64 23 74 82 66 123 25 21 8 126 74 101 61
125 77 75 124 40 109 24 20 113 127 9 78 9 0 75 44
53 91 109 76 37 63 14 32 88 35 40 86 109 13 20 106
91 95 103 3 77 127 23 62 126 32 13 7 33 88 52 86
51 33 35 88 96 49 120 56 85 32 15 66 45 35 45 8
2 20 11 79 19 35 14 18 67 27 25 100 115 77 59 38
110 94 126 78 15 118 7 100 22 22 39 67 57 84 76 59
104 87 11 123 122 25 13 62 52 39 34 39 116 93 77 99
59 75 49 75 65 56 47 87 78 86 26 7 42 102 67 18
62 78 14 56 103 27 118 27 66 25 66 55 118 15 26 50
90 75 125 27 4 44 114 82 3 12 90 45 115 29 64 49
107 78 105 82 105 96 109 44 121 47 99 111 62 125 33 24
72 30 51 76 75 37 31 78 49 121 123 36 22 59 85 1
9 63 83 115 31 64 31 24 111 2 7 45 127 41 69 71
71 120 20 18 29 51 96 78 44 92 115 66 23 72 67 33
7 22 20 38 86 51 62 69 53 70 114 52 111 55 123 54
