20 113 71 127 53 90 3 14 102 47 93 25 52 42 32 70
102 91 69 110 113 87 48 41 84 8 125 91 97 90 96 117
75 39 116 0 1 120 14 103 39 107 0 92 21 32 34 123
124 103 105 109 62 26 22 19 34 19 110 3 109 78 121 56
118 109 57 119 101 71 95 13 51 95 105 72 0 11 68 124
114 45 105 48 71 127 67 105 18 49 109 0 0 102 56 118
83 113 109 57 57 76 70 108 44 47 52 44 58 120 40 44
38 17 92 109 16 32 87 34 81 68 34 81 42 91 71 125
76 53 54 5 1 124 113 45 43 38 89 101 30 1 17 68
18 110 50 34 14 9 69 95 77 103 49 119 66 120 116 15
45 43 20 47 39 6 92 83 44 54 56 74 55 74 15 74
56 65 108 70 74 49 37 23 25 86 14 91 79 2 106 124
45 127 43 85 5 8 40 49 62 96 123 117 42 10 63 98
75 44 40 21 93 78 44 118 36 58 82 115 61 60 112 106
59 27 63 64 35 103 113 97 72 109 87 114 119 22 85 67
66 125 88 32 75 5 22 112 63 104 99 124 37 83 103 96
111 38 33 18 14 18 116 86 127 75 72 119 97 29 58 36
27 18 68 102 23 90 86 87 67 58 83 104 13 58 72 124
97 105 15 111 124 3 69 123 78 13 114 47 43 44 83 70
63 23 44 86 114 3 45 53 61 1 29 74 59 101 71 28
79 86 11 75 89 80 70 39 94 57 86 9 101 42 79 36
65 123 123 51 126 40 104 59 41 5 6 101 107 77 1 58
35 13 5 124 93 75 35 59 4 121 68 106 35 19 14 101
15 9 24 13 50 1 73 91 6 79 64 113 28 66 43 63
79 48 59 44 124 94 104 0 87 44 106 123 64 121 96 79
2 120 92 52 121 37 16 0 116 80 113 16 18 29 79 97
77 10 14 73 104 118 74 64 34 52 59 98 45 27 49 48
19 14 100 13 51 116 13 40 69 126 56 87 27 8 57 105
18 71 50 123 61 124 59 95 49 118 66 94 17 115 14 36
1 115 49 53 103 62 93 44 61 21 4 88 29 61 65 48
4 116 43 65 112 102 32 33 92 98 0 109 86 14 17 87
1 67 12 105 1 105 21 62 127 25 23 28 86 88 76 90
54 126 76 70 100 56 51 121 32 116 108 2 60 26 20 122
6 85 36 101 14 96 13 106 69 98 123 116 118 19 92 44
17 40 114 117 97 37 110 1 25 91 4 85 117 24 79 123
110 116 97 124 84 110 103 25 80 98 14 70 117 106 114 6
19 100 123 116 10 106 117 35 69 121 121 58 18 72 53 0
60 22 124 16 4 99 42 84 69 56 26 58 34 12 64 53
113 60 41 123 38 31 30 107 24 23 37 42 96 90 42 28
113 39 45 117 10 87 74 80 15 100 10 49 113 75 103 98
7 16 93 45 47 123 24 72 19 61 114 115 23 29 15 8
68 60 126 78 19 72 30 34 44 41 84 29 116 59 127 123
75 92 40 123 88 64 67 107 125 53 94 20 82 109 29 22
42 27 101 61 99 3 96 15 44 52 45 32 111 44 27 58
9 67 53 97 3 120 76 0 46 42 21 0 23 50 23 65
77 124 127 48 127 95 63 44 19 108 76 2 25 104 60 34
43 114 3 47 106 79 47 24 121 68 25 16 118 48 82 67
44 81 115 43 48 51 87 67 31 36 69 56 12 1 90 55
115 93 102 94 44 22 118 37 90 15 54 81 63 8 20 107
89 8 23 9 59 110 76 90 18 17 19 30 18 109 86 6
75 60 100 119 82 90 29 45 106 83 126 41 91 18 21 52
26 44 61 85 26 9 48 45 26 67 75 44 48 33 50 123
94 22 115 48 113 16 93 91 99 91 4 62 110 25 114 8
69 47 94 96 56 14 13 82 81 88 126 1 122 49 125 88
71 112 8 56 0 102 19 99 65 24 33 47 49 19 56 119
66 22 87 122 36 100 76 117 60 74 118 54 123 115 14 67
99 23 123 99 125 15 70 62 39 103 110 88 122 38 79 60
60 38 54 96 10 2 85 71 77 75 125 72 63 12 11 34
35 7 6 32 22 76 94 61 52 76 21 46 114 101 107 46
11 33 14 22 36 99 93 113 47 90 57 110 102 69 16 9
76 22 41 98 99 8 31 23 84 52 69 71 25 48 117 37
82 4 59 118 103 24 103 22 114 32 4 89 101 21 98 49
43 12 19 14 20 50 37 104 103 107 47 0 27 37 37 109
41 96 99 16 120 74 39 107 107 43 68 80 64 38 2 108
104 93 76 24 42 117 113 3 87 104 102 38 23 7 107 50
15 46 37 10 11 58 60 29 59 57 86 6 47 5 106 23
98 54 48 12 43 33 16 2 9 118 41 32 126 20 82 13
66 119 23 77 50 83 106 109 13 65 115 60 70 93 84 41
19 4 53 62 37 69 65 46 60 106 78 58 126 32 71 65
24 95 14 74 50 121 55 63 58 42 124 0 7 80 41 26
84 95 88 121 36 25 39 96 3 117 26 2 21 98 67 45
65 81 119 115 74 46 51 4 88 47 5 95 127 46 121 83
13 82 76 50 107 115 18 111 104 45 113 125 15 52 43 80
5 34 67 80 81 118 84 41 37 89 9 36 8 2 119 21
84 67 71 64 54 90 47 30 7 32 28 22 84 71 102 89
105 41 41 58 32 126 100 69 87 109 106 95 111 97 117 68
37 60 4 91 22 51 122 29 83 22 51 39 93 25 0 70
67 42 1 99 40 101 40 127 82 18 95 65 116 84 5 25
16 9 116 39 60 110 68 15 4 120 54 97 17 55 40 84
97 41 55 9 14 96 8 96 114 103 33 102 59 39 127 76
48 116 115 109 98 55 124 103 47 51 72 65 106 112 21 75
25 77 84 39 45 92 7 31 68 41 6 127 80 5 75 0
121 62 109 92 118 106 67 37 29 11 102 7 124 124 82 21
73 38 61 118 2 68 21 70 109 27 70 61 33 17 62 26
80 43 118 70 21 57 107 50 69 82 57 65 78 11 86 23
49 19 13 52 88 34 122 69 62 64 3 95 82 65 121 34
108 112 104 2 41 83 52 110 37 110 47 115 121 6 10 43
25 23 95 113 58 89 55 120 26 58 87 108 123 80 14 103
64 118 105 106 73 30 88 111 12 8 98 5 14 109 48 39
4 15 25 62 105 80 54 3 10 13 111 5 94 125 108 30
115 86 8 60 116 97 43 0 105 14 5 119 123 54 30 127
69 55 62 46 7 116 49 17 2 32 22 96 29 3 126 16
89 7 77 77 104 120 77 81 6 82 72 1 8 102 1 78
30 63 124 37 51 46 55 53 78 77 21 108 80 20 124 41
27 73 118 3 66 67 84 72 22 28 74 30 2 75 108 32
10 105 70 61 23 125 115 101 74 8 81 27 28 78 68 55
16 31 17 99 122 20 25 12 21 58 67 123 72 83 65 79
79 97 73 73 57 124 88 80 10 97 22 123 100 91 34 116
122 51 87 116 71 112 0 92 43 68 87 115 23 25 66 102
122 11 47 52 7 8 4 17 105 26 12 77 117 46 65 111
98 24 99 41 9 100 6 52 40 93 39 63 118 105 37 113
116 84 37 124 92 41 13 69 67 26 18 57 72 83 40 42
108 12 84 117 112 90 41 24 55 80 87 46 57 124 31 45
80 68 41 45 109 55 114 48 81 5 105 25 88 18 68 68
30 24 57 14 114 98 38 41 50 125 87 107 121 118 25 73
58 66 118 39 121 105 88 74 110 65 100 70 83 40 11 113
64 68 127 50 39 37 91 89 34 51 69 27 41 94 101 100
32 91 11 26 68 99 100 50 37 72 121 120 112 4 106 48
72 105 98 111 15 62 73 49 113 14 77 26 108 50 126 12
13 10 38 82 109 11 4 18 83 125 11 68 1 117 116 74
94 87 57 109 21 2 31 6 16 108 32 124 30 31 9 43
41 47 125 22 58 2 41 14 127 52 82 1 41 70 75 7
29 4 117 50 7 20 56 23 0 89 20 30 120 29 73 33
76 71 55 7 73 96 21 72 20 103 73 61 45 20 69 75
25 58 125 32 78 54 55 78 15 75 108 7 104 53 40 53
124 95 60 69 64 81 14 84 56 87 18 101 108 87 48 5
17 46 37 95 100 92 45 115 40 25 122 16 78 34 69 75
1 1 16 65 82 30 22 10 118 40 112 98 127 32 103 16
78 12 111 50 104 28 37 16 53 31 33 3 65 102 78 67
104 95 4 58 125 26 69 115 66 53 85 65 85 60 81 36
72 64 86 49 92 124 65 17 27 98 21 93 73 99 32 49
66 36 107 64 63 48 51 1 101 9 67 59 69 20 95 14
85 53 63 49 49 0 67 77 99 88 42 44 59 74 93 126
110 72 62 45 121 113 47 94 122 114 25 64 6 120 78 91
46 13 13 95 13 80 44 112 40 86 28 99 32 121 97 15
66 31 60 59 17 107 25 11 93 51 75 100 43 25 63 89
38 76 57 52 28 101 36 68 60 65 40 92 58 9 107 124
41 40 55 58 19 81 69 113 4 17 85 47 42 20 9 81
115 49 10 42 14 36 55 122 37 102 124 52 60 67 10 122
81 20 70 15 52 68 74 89 69 2 80 71 33 84 63 20
5 74 63 19 110 118 14 19 92 10 72 24 77 82 18 30
103 88 46 27 28 120 117 97 122 69 40 27 25 104 48 31
50 111 50 32 101 64 52 65 75 124 89 24 78 107 55 53
68 101 81 96 93 70 66 88 11 106 115 37 82 35 68 4
18 118 37 119 55 89 56 2 85 17 26 35 125 81 89 65
54 42 33 20 112 99 108 123 78 95 32 32 3 100 37 21
91 74 13 18 35 69 20 120 87 46 27 84 0 116 21 54
30 54 74 14 26 54 10 104 22 42 8 25 15 45 46 106
119 59 124 26 1 16 18 88 62 46 44 62 34 65 117 65
119 63 79 17 118 89 121 12 4 2 37 19 47 83 125 39
15 121 65 16 9 84 104 71 2 20 6 36 85 123 101 76
58 53 94 48 14 87 60 18 89 97 37 9 53 34 48 68
27 113 84 36 69 60 108 71 80 114 108 37 109 81 113 39
6 79 88 21 39 20 39 0 118 77 9 43 111 57 111 11
43 67 47 112 127 27 56 79 13 36 116 122 117 101 34 124
53 122 17 92 14 56 92 4 5 102 47 117 31 30 0 74
97 47 59 96 75 115 47 88 23 35 83 12 9 117 8 62
111 25 26 125 82 118 2 87 92 49 76 124 80 76 70 49
124 1 18 71 116 65 31 11 101 114 24 110 103 32 44 86
58 70 84 12 60 86 99 25 7 48 21 87 124 91 9 120
93 27 63 81 92 95 93 65 81 117 47 57 21 91 15 79
33 99 91 94 57 63 119 65 111 12 24 107 103 33 100 68
60 35 22 25 2 115 90 84 104 10 13 125 101 28 77 7
0 40 101 57 103 92 122 86 104 19 66 79 52 38 20 113
73 42 10 76 29 100 32 5 110 45 2 84 73 79 91 73
120 64 3 95 28 125 54 4 16 120 83 69 30 103 54 103
17 64 51 46 36 83 51 19 0 54 103 74 5 66 19 125
2 22 93 30 20 19 34 36 11 117 105 41 93 31 16 110
95 68 29 4 23 80 23 24 6 126 98 12 64 117 9 66
12 102 96 32 121 2 68 4 119 46 45 84 77 62 67 45
53 0 88 24 83 95 24 114 94 113 19 111 39 104 1 63
25 67 82 120 50 57 26 67 87 72 126 8 98 116 83 23
117 43 47 72 10 72 58 104 57 77 87 96 54 89 32 79
28 114 71 78 43 97 17 2 42 15 10 12 4 93 35 121
8 82 65 18 26 124 123 83 73 82 52 127 43 84 78 71
70 22 21 113 119 38 115 33 54 125 45 58 90 80 51 98
35 116 116 61 112 111 17 58 66 69 57 109 25 8 53 95
30 74 80 21 113 67 55 39 64 100 97 26 53 20 124 88
8 112 21 121 96 38 51 34 107 108 15 4 116 68 99 18
15 51 40 0 118 95 39 54 67 8 80 120 28 76 80 36
61 102 29 29 12 80 63 120 61 78 124 49 19 96 68 34
19 108 34 10 75 73 64 14 81 17 7 109 93 87 17 26
61 47 55 74 127 118 66 60 69 62 110 88 30 50 122 50
30 28 60 105 101 124 119 54 13 126 35 107 86 52 5 19
99 61 93 99 51 31 31 120 94 13 80 124 63 74 46 93
102 106 70 75 103 62 1 116 60 36 95 18 89 101 38 60
34 3 31 85 35 63 78 1 76 30 125 12 105 44 105 79
22 48 27 125 110 28 114 42 65 81 61 26 54 99 86 88
102 118 46 9 53 124 10 1 26 8 13 3 52 119 83 74
39 110 72 21 10 58 63 75 11 124 101 66 95 60 26 70
50 72 79 103 68 90 104 95 98 118 98 22 109 53 96 20
35 40 41 46 98 104 121 110 101 95 48 68 27 74 10 77
19 90 52 87 52 28 54 22 18 25 44 127 78 12 19 114
53 60 32 23 37 25 5 10 120 53 78 19 0 89 96 19
51 20 106 103 49 33 125 67 58 41 67 8 53 86 122 106
19 26 2 56 52 7 66 44 61 16 64 61 105 32 80 28
53 58 3 102 91 0 41 21 41 108 30 95 67 24 73 86
51 75 14 103 83 80 19 16 96 83 77 74 116 29 102 41
87 106 15 51 106 56 72 20 37 102 115 104 127 60 62 50
8 76 25 91 28 44 107 124 0 56 70 116 85 45 29 44
23 44 95 1 100 40 21 9 14 8 113 13 69 47 63 77
123 88 40 23 5 19 20 5 75 90 121 32 7 22 76 30
45 92 93 92 82 125 22 106 65 77 68 109 96 123 107 75
42 110 64 68 79 112 102 67 89 61 37 71 65 17 90 110
109 55 74 63 53 96 42 118 45 110 99 13 105 78 88 19
61 24 87 12 8 62 79 97 123 117 40 60 6 3 42 116
58 116 51 111 84 93 101 1 76 72 14 53 23 102 73 84
127 32 96 7 94 48 105 89 37 17 21 43 20 63 31 79
51 83 62 7 48 36 8 124 108 22 50 3 125 123 87 124
27 56 3 122 104 108 83 13 126 105 56 18 40 88 97 92
43 32 99 91 68 108 88 48 2 10 52 127 5 11 123 32
67 127 26 43 107 110 56 105 87 113 124 127 73 93 91 116
125 63 79 65 43 39 114 45 49 38 45 54 49 40 87 117
39 113 32 19 95 89 124 54 74 120 54 19 86 17 7 83
80 86 21 123 126 7 41 47 45 86 102 94 126 61 83 38
46 116 57 14 77 53 68 23 46 122 42 4 12 49 87 92
7 108 88 5 115 1 53 32 87 27 127 85 88 82 123 6
70 52 20 19 106 89 42 24 83 84 28 95 5 115 60 13
96 20 18 83 21 71 116 108 98 115 65 58 69 61 65 12
113 85 31 91 46 74 115 2 30 15 97 36 3 29 49 99
49 67 54 70 11 42 50 109 29 116 40 99 49 105 111 34
62 14 126 109 88 113 111 119 1 80 27 4 110 76 103 31
15 29 102 26 72 24 8 101 12 48 72 61 25 55 96 87
70 94 68 30 79 51 21 80 4 48 84 114 124 59 17 12
89 119 38 33 16 46 6 28 94 79 90 119 6 58 79 76
24 19 107 103 71 0 56 75 49 12 61 45 72 78 57 33
70 96 66 86 14 72 114 109 23 76 100 30 6 51 106 30
71 85 6 14 86 62 89 7 74 22 52 18 100 110 51 42
78 117 0 92 62 115 73 85 63 46 115 70 97 94 100 40
51 106 54 9 40 15 16 115 37 69 5 10 51 57 52 1
46 53 93 108 40 39 66 103 85 53 45 54 19 18 95 71
124 21 80 37 37 97 24 74 38 29 84 89 86 9 90 5
62 55 113 102 94 51 77 51 105 123 106 124 13 73 67 9
94 20 46 3 117 70 78 27 100 34 116 58 43 78 63 105
113 109 54 99 81 84 64 112 77 37 74 29 52 70 20 81
96 69 60 54 60 66 81 7 65 125 122 23 100 122 47 85
103 101 57 56 57 121 40 6 30 115 35 83 57 56 36 26
125 96 80 57 34 34 64 99 31 58 122 3 52 41 89 27
14 18 83 71 11 124 77 42 111 113 125 40 41 33 66 38
1 19 96 35 53 32 6 84 91 0 87 15 41 48 43 55
66 126 126 78 122 75 120 105 60 117 18 101 22 84 12 23
103 108 58 28 12 64 112 103 64 72 119 105 120 34 32 59
32 30 9 27 105 1 4 38 118 22 11 12 107 23 35 82
3 93 111 16 29 95 119 93 39 110 70 32 16 102 91 49
4 100 76 109 101 80 19 91 103 31 103 82 54 10 36 58
103 19 74 4 115 65 97 26 48 39 58 64 13 21 113 17
121 61 126 94 14 18 57 117 49 32 71 103 42 107 33 17
127 107 21 114 45 118 12 93 29 71 29 42 92 15 59 86
76 58 52 90 76 110 79 125 14 22 100 57 2 6 74 1
113 96 115 30 86 127 123 116 70 25 30 35 40 90 121 116
20 45 79 96 27 30 93 42 53 65 99 55 71 45 56 57
13 43 87 100 42 83 88 113 108 118 20 20 80 13 8 100
58 87 68 86 118 33 0 43 99 99 98 42 16 26 99 30
69 59 2 111 14 90 96 122 80 116 14 33 1 22 5 60
110 74 18 100 107 18 15 78 117 113 121 5 11 92 35 80
23 37 63 37 127 32 31 80 20 45 113 22 68 118 82 50
64 100 22 44 118 37 122 107 22 115 112 33 80 20 113 103
57 48 13 57 80 44 9 101 90 122 123 30 112 77 80 49
49 102 93 39 11 87 18 33 75 2 66 27 22 51 2 80
99 15 9 52 60 18 25 22 12 20 52 124 97 4 45 18
106 10 57 117 98 75 22 45 77 88 72 100 11 74 52 110
90 61 34 22 79 59 44 91 79 96 87 48 100 5 66 78
15 123 67 113 70 89 30 20 49 102 120 60 49 44 42 11
105 77 33 56 8 77 19 88 45 106 8 17 111 75 95 127
70 34 112 13 123 15 33 44 117 25 104 38 69 18 49 46
95 82 102 104 31 121 64 76 99 72 93 83 19 60 82 90
0 113 5 35 90 33 103 74 40 64 89 108 30 114 98 120
33 82 112 47 9 101 14 94 99 113 15 124 51 59 122 51
44 127 86 6 33 62 80 73 126 41 53 28 28 23 20 61
106 4 108 115 105 123 82 77 108 97 73 31 28 67 82 72
67 41 78 100 103 30 45 101 72 99 1 100 122 21 33 100
25 13 88 3 8 42 80 117 11 25 20 40 93 103 112 32
16 63 4 119 93 49 92 37 20 93 9 15 114 42 115 11
56 75 14 64 117 94 53 1 120 74 41 85 49 25 117 65
88 121 56 54 42 20 91 63 113 101 78 99 15 65 110 71
13 125 8 2 91 61 3 83 7 44 40 56 70 29 121 30
22 49 84 65 69 48 0 54 21 78 25 36 15 8 108 28
5 116 31 96 49 34 52 57 79 92 113 21 122 107 51 16
28 8 81 98 56 81 24 77 31 50 113 47 58 93 75 63
81 106 31 3 13 83 60 92 48 45 113 42 24 36 58 53
44 12 23 100 93 47 49 125 97 35 44 27 0 119 90 82
98 122 85 111 77 17 75 125 62 60 39 87 96 98 12 13
110 35 113 75 82 35 72 52 70 116 79 70 108 42 24 78
36 109 61 113 126 8 111 61 68 22 20 36 120 32 49 102
67 35 50 21 70 122 73 12 111 25 82 91 67 107 41 103
88 102 88 87 110 71 20 50 94 40 86 86 72 8 61 11
43 111 32 113 105 106 125 88 3 79 51 70 58 92 45 19
66 5 106 48 77 126 98 43 38 57 1 110 65 62 121 108
45 25 93 23 3 90 111 6 41 35 76 100 127 121 119 66
127 97 114 76 95 85 119 5 14 120 115 79 55 108 59 100
5 24 123 9 114 107 15 27 14 92 127 13 85 118 79 84
87 66 32 54 23 23 59 37 16 46 116 71 26 47 43 32
71 39 41 57 18 56 84 32 20 84 45 106 74 125 62 34
63 95 88 86 118 20 123 6 66 111 77 93 30 121 125 101
32 38 30 50 94 114 82 115 70 127 93 17 124 27 51 59
122 11 17 113 31 12 119 98 123 69 63 25 62 60 126 94
98 28 16 64 15 98 51 85 97 16 102 94 44 25 25 38
37 43 23 68 55 15 38 51 84 101 76 18 33 75 112 3
47 15 73 76 66 41 26 110 5 13 48 29 86 115 62 93
9 82 4 95 5 66 36 58 8 22 110 119 77 105 46 124
121 119 72 59 32 99 42 38 112 90 67 70 78 1 36 87
83 40 55 88 106 91 18 115 114 0 106 63 105 24 60 98
15 4 30 48 103 72 86 88 34 25 30 112 26 66 72 109
106 127 69 85 90 87 72 76 87 50 12 64 75 72 35 90
76 65 10 52 9 96 12 43 121 42 28 19 109 100 0 87
99 69 44 61 28 116 10 115 39 22 52 114 94 87 76 42
24 87 94 33 55 106 76 49 21 104 68 2 76 69 89 47
10 6 109 39 122 119 26 33 13 78 19 107 37 96 21 61
55 116 94 110 94 43 31 115 19 100 117 96 41 79 15 51
85 124 90 79 115 117 113 0 67 4 107 105 100 1 38 27
117 5 10 83 48 41 71 67 13 60 35 54 11 51 106 96
47 68 48 35 57 33 35 125 37 15 102 10 16 12 37 5
17 47 88 65 89 31 5 102 92 40 29 103 91 7 72 11
75 120 46 5 25 81 2 62 96 104 72 112 116 110 117 6
29 78 71 118 109 76 93 73 117 122 49 80 1 121 91 76
113 9 81 10 91 83 72 59 59 17 44 48 127 33 54 28
111 125 19 93 74 112 38 63 106 87 15 107 80 107 55 65
116 9 75 79 92 20 11 24 37 55 72 36 88 126 64 72
123 83 37 69 67 75 4 45 35 20 24 115 127 80 53 115
89 0 67 53 20 78 77 57 5 21 93 93 19 30 37 15
113 74 84 53 22 89 98 57 109 123 44 108 75 97 95 36
98 34 89 118 112 39 48 117 60 13 83 80 43 120 95 29
67 51 82 89 12 52 18 121 47 62 101 122 32 69 30 2
103 120 120 88 31 40 77 91 54 32 43 97 25 10 126 92
62 80 53 74 5 71 68 52 5 41 47 37 110 77 39 86
69 32 46 100 72 123 64 126 28 107 96 53 118 94 17 52
47 70 126 52 13 66 104 18 108 23 56 90 101 95 48 42
127 94 15 72 90 79 70 118 58 38 43 48 5 60 100 52
2 99 104 15 37 80 33 17 104 89 108 77 57 28 119 56
123 6 0 85 85 71 75 16 109 118 64 114 50 37 38 52
