37 79 9 81 74 62 103 22 45 64 47 13 7 76 25 114
44 44 126 2 25 89 39 4 61 83 120 51 103 11 81 12
91 90 94 37 24 69 59 70 5 107 83 12 55 109 127 99
25 125 102 50 86 13 55 19 97 47 71 72 59 24 84 22
114 50 59 11 119 118 81 124 97 36 9 24 17 8 124 43
5 98 93 92 111 20 111 80 68 54 24 127 78 109 21 65
31 80 76 23 70 29 19 40 65 28 64 83 36 60 126 42
30 91 6 14 112 117 94 52 44 119 51 122 100 72 59 3
24 7 26 94 36 46 6 102 74 71 57 111 3 55 25 34
18 31 48 2 20 14 54 64 5 105 59 105 49 118 109 73
126 7 40 34 53 46 8 0 117 65 111 121 120 8 27 11
39 75 13 59 89 68 124 95 45 55 72 95 45 53 40 43
61 80 78 114 127 86 114 116 24 97 109 16 105 8 27 16
83 41 76 45 109 72 12 26 127 84 121 44 10 34 88 71
114 38 57 113 124 44 102 20 13 83 37 119 92 64 7 47
105 83 92 86 27 104 113 26 61 106 71 71 12 31 14 127
69 71 112 65 115 86 86 1 42 123 120 6 59 127 53 37
83 18 123 110 122 108 9 55 87 80 126 99 111 12 98 52
84 83 117 71 41 75 72 83 70 64 89 2 64 15 39 19
33 34 1 27 15 10 83 102 90 81 73 73 94 44 125 50
127 115 121 40 62 66 124 5 2 85 7 66 100 46 85 5
80 87 33 95 97 116 69 60 69 15 5 35 59 3 85 58
118 79 98 52 17 94 57 19 52 64 86 24 110 43 30 63
2 63 30 100 51 100 32 120 115 37 28 46 40 113 104 30
64 74 83 81 41 12 101 93 77 59 117 59 102 19 122 105
82 25 77 5 125 109 126 112 18 26 30 59 11 6 89 76
80 44 29 121 57 2 86 6 61 76 65 36 95 60 13 50
85 90 55 82 71 53 66 89 79 96 20 91 102 110 39 54
26 68 48 83 71 6 89 4 82 27 40 50 87 53 100 44
15 27 126 86 81 64 48 32 32 68 123 6 50 34 60 77
103 108 32 46 115 122 50 69 21 91 119 108 16 91 24 32
119 22 118 72 86 38 104 118 107 100 124 29 6 56 106 109
58 6 57 89 111 24 114 6 112 34 53 121 56 84 126 14
3 94 16 29 126 56 75 111 28 16 74 28 67 9 7 125
15 64 86 127 88 73 5 72 107 59 65 35 15 63 49 18
29 65 47 28 122 122 11 22 11 85 50 78 95 58 75 110
122 34 109 83 107 115 27 86 46 93 121 61 28 42 80 58
108 127 86 102 122 97 124 5 54 46 83 21 104 30 4 99
64 113 54 43 100 81 1 18 46 122 80 75 37 32 5 17
31 91 119 25 60 115 30 114 33 113 8 10 16 12 109 80
125 35 124 98 116 125 116 35 120 68 110 29 100 115 46 4
78 37 29 10 24 60 124 57 45 4 67 61 16 48 14 14
83 10 112 72 7 100 107 127 41 89 28 13 76 74 17 26
111 47 36 7 107 32 65 24 37 4 86 53 53 100 67 8
110 51 80 117 24 59 117 65 20 17 78 96 92 96 122 75
15 30 83 122 63 20 18 100 24 104 25 77 76 93 86 58
16 38 48 40 98 37 105 118 54 56 87 18 24 81 94 39
112 49 33 47 69 51 19 93 28 44 43 104 9 1 35 26
39 83 66 9 120 44 0 46 100 87 65 124 40 31 35 24
80 68 71 21 119 90 114 19 7 29 124 16 30 31 42 70
114 109 79 106 25 79 24 125 38 89 121 79 120 28 103 72
96 47 93 87 9 80 107 16 109 103 33 12 6 75 82 120
56 33 98 81 113 122 78 23 84 71 102 76 99 78 21 67
125 114 27 6 66 6 23 48 109 56 60 115 3 14 107 60
47 77 13 32 71 92 56 27 35 30 104 7 108 125 74 105
111 101 112 50 107 7 98 88 63 30 75 66 44 54 126 91
3 12 124 75 104 52 102 11 82 78 18 63 75 93 40 59
66 24 109 46 31 79 6 94 109 82 33 25 8 31 116 12
43 112 87 19 36 61 31 119 12 49 54 87 14 94 18 81
119 127 127 22 78 5 117 59 87 22 84 96 53 73 108 97
57 67 116 94 0 19 85 12 69 11 100 83 105 118 36 96
118 35 119 68 41 108 0 0 2 84 96 55 29 76 24 87
15 13 53 16 32 10 28 101 21 0 57 126 119 93 95 109
1 86 49 42 66 49 42 68 6 11 123 35 87 20 122 103
54 61 96 0 117 15 80 13 97 121 49 1 95 89 127 35
28 39 34 96 98 97 96 71 62 86 121 71 54 114 92 109
47 60 109 37 75 61 50 44 55 99 45 22 60 45 57 89
84 92 57 54 61 25 125 124 112 119 67 38 105 31 19 25
91 0 62 38 62 112 82 117 83 0 11 16 45 69 105 1
33 34 55 94 59 53 90 43 44 30 82 21 61 101 46 25
102 108 63 36 92 18 25 48 18 36 64 63 105 41 64 10
75 119 105 6 44 67 50 88 97 4 110 31 105 28 56 79
9 119 115 101 9 12 21 27 49 85 90 26 126 26 37 73
18 14 80 62 81 2 23 51 6 5 82 111 33 10 63 42
1 50 16 11 63 37 38 112 123 1 10 121 27 47 67 45
61 19 108 15 21 3 66 27 8 20 10 41 30 73 84 31
124 100 42 59 9 81 43 4 82 53 126 109 101 65 27 34
84 7 49 105 10 115 4 18 7 14 59 37 88 15 69 84
115 111 15 125 64 58 1 18 111 127 0 84 64 27 119 20
34 40 125 44 28 1 62 35 16 121 73 104 9 14 60 124
125 75 121 62 5 123 80 116 122 80 73 59 107 64 79 13
104 77 57 4 78 119 40 94 113 113 70 122 127 2 118 124
77 112 58 82 107 11 71 101 91 16 32 71 80 112 84 56
61 14 61 11 5 101 106 118 86 48 112 85 51 103 81 0
87 12 83 66 23 26 39 114 42 72 57 122 56 14 50 117
28 111 0 33 84 106 24 42 27 8 127 78 111 81 78 70
93 33 8 116 59 48 102 101 120 32 95 48 46 18 37 74
1 37 107 86 16 3 0 43 12 0 121 123 81 71 66 46
105 74 34 36 122 8 10 114 40 105 34 86 123 71 32 125
109 12 83 125 15 83 40 27 83 33 23 36 104 89 82 81
35 116 118 30 125 0 16 37 105 51 124 101 122 28 98 103
40 53 100 56 8 12 83 92 45 106 0 22 67 83 103 103
71 93 5 68 93 21 106 71 72 102 44 67 2 14 42 43
67 15 99 75 27 54 39 73 33 40 95 100 123 70 75 66
36 80 7 1 102 113 72 46 87 116 113 89 2 28 4 69
43 103 17 70 30 56 15 63 96 110 35 91 53 111 30 89
126 33 54 103 59 46 16 99 116 38 126 100 3 103 36 50
86 50 83 47 77 7 116 85 113 28 106 124 66 85 15 64
118 69 39 50 115 55 21 103 94 19 76 97 123 112 19 81
34 102 0 111 109 117 68 94 17 46 91 83 3 106 19 122
48 59 44 35 114 65 11 80 84 87 50 79 71 69 33 105
44 33 89 25 22 29 120 39 76 83 122 79 61 14 73 109
73 117 17 59 54 28 12 11 115 62 90 58 3 123 35 47
29 124 73 51 26 65 91 102 20 85 53 81 99 127 63 44
116 80 104 43 108 116 54 95 50 16 25 53 12 60 101 41
57 46 92 83 111 55 57 3 13 110 84 112 109 19 29 98
99 5 13 79 121 67 46 43 83 71 96 95 4 69 8 61
115 101 16 98 28 73 101 41 55 58 26 37 77 55 7 49
60 20 0 53 87 47 96 42 118 64 10 122 6 18 55 121
119 71 92 20 16 65 61 72 123 87 109 73 14 116 122 74
8 122 127 95 41 95 9 32 32 19 26 38 38 82 31 29
25 123 49 42 61 111 114 56 70 95 1 85 83 123 31 91
118 31 58 31 126 67 63 30 87 90 68 125 44 100 26 69
95 76 111 28 59 97 85 1 64 86 86 19 82 118 110 72
21 40 103 19 108 39 50 67 1 118 64 45 90 90 114 58
38 98 86 97 67 43 99 4 2 57 23 84 47 6 28 68
46 3 88 26 42 10 93 43 0 29 88 91 120 75 21 30
45 107 0 112 23 99 116 25 28 12 109 76 18 9 16 64
12 104 91 55 114 56 98 115 86 59 78 78 6 99 108 51
78 108 35 101 79 24 126 108 36 107 56 54 116 72 118 1
49 81 56 35 10 26 22 96 85 100 46 91 71 26 14 22
7 50 123 86 74 122 66 110 101 122 36 90 67 26 91 116
108 19 23 118 45 46 86 3 18 4 94 90 30 109 112 37
31 107 124 105 101 62 87 75 57 123 37 124 21 0 112 1
19 7 119 64 53 77 67 72 81 34 34 112 15 18 21 46
125 17 23 99 80 110 46 9 105 83 5 126 83 117 0 102
124 119 38 50 69 106 122 22 12 28 6 27 46 28 73 43
45 96 14 125 78 60 6 55 15 11 53 98 0 53 72 125
86 57 48 40 120 7 95 99 21 102 118 84 18 30 68 40
114 43 63 6 117 49 118 69 120 61 90 35 113 15 124 72
72 44 112 64 51 79 35 72 53 25 29 71 56 97 112 42
13 47 48 2 96 38 71 89 100 33 124 85 48 120 29 120
37 13 57 88 93 92 33 18 118 62 90 46 31 74 88 44
121 8 47 89 46 118 50 18 24 46 104 72 39 5 65 76
19 122 36 112 86 69 2 76 3 92 122 35 38 82 79 31
90 126 121 9 117 43 27 13 90 3 85 1 9 22 77 28
16 113 12 103 55 14 51 58 107 46 93 17 0 45 49 91
43 42 100 32 85 127 45 47 3 3 48 12 25 125 40 42
111 52 17 38 66 68 96 45 114 62 63 115 107 112 78 22
26 50 55 111 49 100 31 52 103 79 64 1 77 104 43 60
28 60 98 95 0 66 12 115 0 75 102 107 59 52 2 85
102 57 69 23 29 100 76 5 51 12 6 0 117 49 60 17
109 30 112 109 97 125 96 97 72 70 77 4 122 79 89 96
8 30 120 37 2 68 42 54 80 48 54 69 97 115 87 78
17 71 60 114 68 28 84 13 99 33 17 93 112 106 62 120
9 54 29 11 122 72 65 74 120 120 16 90 107 103 40 124
46 100 111 115 1 67 0 100 100 17 65 84 123 127 76 4
53 105 16 47 49 81 122 42 73 10 4 52 113 44 49 31
17 32 18 18 99 18 118 71 35 55 27 31 55 103 35 108
80 51 28 2 5 22 44 78 32 48 3 17 92 52 48 109
84 67 127 55 85 117 126 121 45 25 24 100 0 59 80 80
111 108 82 116 2 126 66 34 46 69 51 11 121 100 120 77
39 120 4 124 109 2 117 26 27 13 126 27 73 79 108 56
59 62 44 62 61 110 96 107 52 20 118 45 120 111 123 31
103 127 27 84 2 17 111 29 30 109 57 103 60 37 31 120
99 75 54 32 58 22 12 110 42 2 27 34 113 22 65 88
22 93 45 24 110 28 53 12 9 110 116 70 19 19 62 119
95 116 23 25 10 35 7 53 38 34 87 23 57 25 112 79
118 29 103 100 57 28 112 66 11 100 8 30 120 70 21 87
58 45 112 69 80 119 122 118 25 81 14 82 106 126 33 96
3 11 30 101 111 84 71 117 110 123 94 73 95 29 22 67
120 119 4 5 92 32 34 33 18 68 56 19 51 90 58 55
101 89 28 85 45 100 74 28 95 40 101 62 70 123 1 62
114 5 68 78 37 102 111 55 42 40 74 94 2 5 21 103
94 49 60 11 21 6 39 116 47 12 50 117 8 52 51 122
57 119 73 95 93 56 22 8 96 97 102 98 102 123 74 68
44 6 79 66 13 119 54 60 3 105 49 11 29 100 6 86
92 79 53 57 7 76 65 104 45 39 74 19 34 20 87 79
27 38 17 40 29 71 100 33 48 21 44 77 121 50 36 85
1 89 15 9 37 80 113 82 120 59 101 26 80 60 105 107
99 122 19 0 66 119 33 114 12 78 64 5 0 100 91 2
61 106 11 99 58 124 53 50 55 27 77 7 87 54 114 58
49 5 59 115 124 92 101 8 42 37 14 43 9 105 45 71
83 56 42 13 52 95 64 107 122 13 115 82 67 101 12 116
107 71 103 103 36 77 112 78 114 126 121 124 103 38 67 58
94 109 71 18 76 7 126 71 20 113 25 88 86 37 76 65
109 52 41 17 1 25 95 115 23 89 111 126 127 50 56 94
31 127 112 108 7 110 51 27 95 76 115 54 113 64 119 94
116 32 111 117 57 79 104 80 40 88 78 39 10 6 5 42
6 118 22 13 100 73 40 68 21 28 122 6 92 113 101 80
18 84 69 75 35 45 28 75 5 106 115 16 113 120 58 119
110 80 4 83 25 44 23 46 72 17 52 36 2 25 116 20
110 57 96 17 103 124 93 108 102 80 124 87 72 54 78 55
6 82 10 31 127 33 77 71 50 2 108 52 27 96 73 9
26 41 27 1 37 120 109 11 72 106 99 16 32 49 71 39
4 81 70 3 114 20 74 36 22 54 89 49 23 34 59 49
75 86 50 112 78 31 123 22 9 94 38 42 16 110 81 20
63 23 23 50 43 97 86 65 24 47 115 47 81 46 96 28
4 18 12 82 49 8 104 59 102 14 101 118 124 54 10 60
77 33 110 121 3 68 58 27 116 45 74 69 91 42 98 95
60 110 49 109 118 25 40 93 40 13 83 36 67 94 96 17
127 78 10 2 19 68 29 7 114 103 76 77 17 46 45 77
10 62 3 42 47 27 85 110 48 8 113 8 18 91 48 54
124 92 76 121 93 72 1 90 34 28 68 4 19 55 46 30
117 49 72 36 76 29 19 125 37 4 5 55 95 53 109 91
17 57 84 110 1 86 73 36 114 13 40 5 68 86 35 58
7 107 94 83 8 113 80 46 117 85 101 84 10 83 47 27
12 4 10 14 90 83 50 76 96 90 81 36 48 117 94 55
96 61 10 105 46 91 23 36 48 124 120 59 79 40 86 92
44 96 106 6 51 28 82 19 118 35 56 38 24 22 93 121
83 103 98 2 66 121 38 115 117 30 46 69 70 4 33 114
101 11 120 24 39 74 44 29 110 100 67 6 122 32 127 78
7 97 80 74 90 118 61 80 20 107 21 91 111 54 77 84
65 70 109 104 16 25 5 126 125 72 5 119 104 4 69 111
102 21 57 64 11 118 16 32 97 37 123 81 91 72 37 28
14 18 4 31 43 9 29 40 81 34 32 57 39 101 41 13
123 98 77 6 89 94 38 58 3 33 11 95 106 49 123 120
67 0 23 111 9 53 23 91 87 55 20 126 29 61 11 24
32 89 30 121 55 69 51 58 102 63 25 80 112 21 73 51
21 96 34 30 21 58 121 109 113 14 107 14 75 119 38 107
80 69 100 7 10 24 65 112 87 91 65 71 112 10 122 5
106 29 35 0 87 29 109 72 43 88 87 118 79 125 98 31
66 70 38 76 94 104 61 53 67 126 124 51 8 119 56 114
20 91 114 107 120 95 51 35 56 10 26 7 8 124 39 74
66 77 23 33 53 84 86 120 82 83 43 90 74 99 76 94
63 63 73 55 30 124 91 86 7 117 94 15 113 5 89 51
82 112 84 8 68 43 0 22 126 44 112 72 15 61 38 78
124 111 6 26 107 97 113 114 86 79 1 71 84 91 122 38
75 79 46 16 122 47 38 120 91 23 64 106 84 102 57 80
85 63 106 64 32 91 51 118 42 52 61 126 15 55 37 91
6 83 107 0 2 17 120 93 40 56 72 124 30 1 76 115
64 55 52 96 18 103 86 61 27 19 59 43 74 96 6 81
52 113 81 54 2 74 20 43 2 92 39 33 93 116 20 29
43 72 125 61 47 83 122 75 102 54 118 48 22 124 1 74
88 115 18 31 30 101 44 96 64 19 26 63 106 115 8 73
63 113 62 46 104 35 65 41 87 97 90 35 63 74 85 23
61 103 55 91 77 99 59 13 118 85 76 97 72 84 42 8
69 104 54 45 11 119 86 98 88 49 5 23 123 91 46 56
66 101 19 15 73 78 28 63 35 104 32 107 61 74 115 2
51 41 48 62 32 6 33 120 55 38 15 50 1 62 106 68
35 125 83 108 75 112 44 110 88 76 90 21 23 77 24 74
119 72 8 23 78 41 16 6 80 31 56 81 93 35 21 1
32 105 109 108 89 25 90 49 102 52 71 125 2 95 71 121
39 79 16 117 121 32 123 73 64 52 26 29 87 48 30 119
25 12 99 114 37 62 35 11 114 106 8 116 73 79 109 112
31 126 102 24 30 97 97 94 21 123 124 108 43 26 100 68
38 71 54 76 5 90 87 120 68 96 108 14 47 90 126 78
88 100 102 118 70 71 85 91 67 81 72 110 107 44 51 18
115 105 94 121 67 53 113 8 21 93 22 69 55 20 19 15
121 122 6 63 65 91 26 4 44 98 115 23 14 38 41 2
15 7 123 83 61 108 91 82 73 113 23 1 5 43 16 126
37 22 61 102 113 88 107 29 58 94 53 73 4 94 75 19
102 70 102 35 50 65 117 123 50 13 124 56 56 13 54 93
35 116 67 21 76 46 50 6 12 103 79 16 70 26 36 44
96 10 79 18 76 68 14 126 81 10 54 9 23 109 102 59
97 42 80 45 88 2 51 101 106 3 117 48 29 25 92 126
36 43 16 112 111 30 110 65 41 37 74 64 18 49 123 115
91 75 32 51 78 83 24 56 86 14 104 116 39 68 114 75
111 2 59 94 33 42 31 74 79 106 10 97 27 6 84 118
81 116 41 31 71 66 87 30 80 63 18 119 3 4 67 114
6 126 81 39 40 112 113 119 90 124 88 117 2 44 107 83
32 21 115 104 87 74 6 39 10 24 30 13 28 97 0 34
96 81 74 8 65 59 0 28 55 88 17 57 5 125 13 37
18 0 13 105 74 19 16 84 43 46 98 71 16 98 106 112
51 52 120 116 111 120 16 39 81 34 96 86 31 109 123 49
109 9 26 56 28 42 12 72 88 110 15 104 80 121 88 3
59 62 73 21 110 121 9 58 69 80 5 121 31 102 127 9
76 127 31 102 6 104 126 87 57 68 73 84 108 2 36 39
64 109 61 46 103 70 104 44 22 109 38 54 84 37 63 32
36 95 7 42 71 5 1 1 74 74 85 54 76 121 94 12
102 27 58 77 97 34 122 120 16 32 46 100 69 109 4 106
76 11 20 20 17 22 21 91 96 106 17 45 99 111 57 73
10 116 23 108 22 17 100 38 49 18 10 118 127 15 96 76
26 117 96 43 11 117 6 107 95 24 24 66 7 82 11 18
70 34 126 92 51 98 3 100 116 13 91 115 28 59 63 55
48 31 98 59 20 105 39 115 1 63 53 8 17 65 26 87
99 24 52 23 122 55 123 110 68 86 98 97 18 33 24 66
65 122 126 85 99 37 73 100 100 126 109 118 63 7 77 35
32 1 58 26 56 53 9 125 12 107 94 30 12 118 96 77
112 94 35 84 3 108 56 104 106 37 94 42 45 43 77 77
45 7 103 101 60 112 98 72 91 64 102 104 54 71 53 39
37 88 123 41 68 51 17 47 89 111 89 6 26 38 83 71
45 58 45 105 43 15 50 6 80 24 110 6 95 36 45 5
124 40 46 65 92 63 112 53 46 73 59 72 111 14 16 28
72 61 5 115 76 55 122 28 80 104 35 47 12 80 52 9
121 98 74 85 33 58 10 79 3 69 24 114 83 40 14 27
101 19 15 49 75 9 78 27 113 113 74 126 65 127 7 58
97 81 15 3 11 25 82 14 94 106 0 49 18 14 77 119
33 92 41 108 101 119 7 86 104 82 84 41 81 91 100 50
44 115 53 55 13 8 69 107 114 69 29 5 83 106 124 117
70 37 97 43 28 105 1 4 59 86 46 12 49 18 62 94
5 116 21 18 124 91 126 110 32 27 115 116 5 112 105 75
21 74 118 50 51 119 54 110 77 100 122 127 118 57 93 124
45 114 14 41 77 12 23 110 39 11 98 44 123 75 119 16
21 109 66 73 101 121 55 50 93 50 49 84 107 14 80 24
1 94 65 78 107 88 60 18 99 30 63 94 105 54 111 127
36 49 72 9 42 127 59 8 49 109 92 28 123 44 52 124
10 117 75 117 78 7 8 49 38 71 16 15 125 127 14 33
89 39 53 122 40 79 78 60 59 17 110 29 38 47 125 51
82 71 61 57 126 102 9 38 123 102 99 8 87 98 102 48
9 27 43 50 106 121 110 37 11 92 66 49 11 63 100 94
6 33 23 4 8 32 43 3 6 14 11 93 112 114 14 122
13 57 44 120 50 26 29 61 118 96 110 1 31 82 95 38
116 118 42 124 22 85 127 29 99 10 122 84 124 8 78 10
65 122 2 116 20 31 49 10 127 32 11 31 114 107 69 102
97 111 98 120 69 97 21 40 108 15 124 104 24 74 114 89
68 116 77 88 20 127 98 19 31 110 50 17 89 119 120 58
103 90 50 44 60 71 84 40 87 81 16 111 27 3 72 96
119 22 56 11 21 27 31 52 9 81 69 98 73 61 28 48
24 79 92 84 22 48 124 109 1 12 92 29 15 37 125 7
59 53 18 80 80 49 4 89 3 73 59 76 7 88 124 31
39 88 115 61 8 111 43 10 123 7 39 11 44 36 18 103
89 36 55 42 86 59 3 89 5 63 37 12 23 33 43 62
121 30 123 1 13 38 11 8 46 50 19 90 86 37 66 48
74 121 90 32 53 93 121 58 28 30 70 51 63 113 113 56
15 109 57 28 19 69 36 65 119 56 28 78 93 94 126 39
87 88 71 12 53 64 70 82 94 12 5 29 125 119 85 12
100 15 40 119 84 77 57 75 5 85 25 98 51 23 10 10
111 81 23 37 18 93 119 112 106 124 14 103 115 99 116 87
114 28 79 70 105 8 18 110 93 43 81 16 67 91 26 50
44 49 87 62 15 78 47 121 75 61 96 62 32 84 22 19
113 101 89 90 109 107 73 74 23 26 90 90 117 116 12 33
38 100 96 53 50 15 46 125 76 14 60 108 99 82 127 84
55 89 46 36 68 119 110 91 17 72 53 6 60 66 40 98
38 8 23 88 23 69 86 99 84 18 79 55 100 79 11 27
40 57 63 108 49 45 72 66 117 125 73 49 63 113 20 101
121 43 62 16 113 20 115 69 38 66 124 10 17 7 37 57
64 100 38 113 17 110 52 6 107 125 55 43 110 75 16 103
119 78 119 104 98 106 45 8 44 41 18 62 48 55 119 112
27 29 98 44 11 22 50 119 19 106 34 1 53 50 104 44
