99 29 50 25 90 29 64 7 39 16 103 126 48 22 81 101
127 58 34 21 63 127 54 55 69 103 87 61 38 27 106 10
56 29 35 18 58 99 25 98 115 0 96 35 23 50 9 22
108 43 44 43 42 98 98 111 73 58 44 112 85 23 122 13
52 29 31 110 1 57 80 116 57 49 24 80 99 33 103 79
76 19 122 118 117 93 101 62 23 17 46 108 40 40 121 92
70 24 75 71 81 27 59 11 76 83 91 47 116 66 126 64
85 121 54 74 86 27 9 109 45 55 89 85 96 82 50 38
106 125 109 60 24 40 71 101 124 34 20 112 101 19 49 58
12 103 5 98 3 14 79 48 69 40 5 37 122 55 75 100
52 56 32 77 97 103 50 93 10 70 77 111 89 126 41 101
102 46 71 105 60 22 25 2 62 30 39 56 86 115 29 10
43 61 87 12 37 9 105 47 80 55 30 41 53 71 15 27
118 86 4 50 109 29 52 43 60 92 100 18 79 1 28 122
62 116 7 99 125 112 18 77 39 48 119 93 120 6 120 110
92 125 32 73 26 85 117 86 49 89 104 0 90 5 122 24
121 1 124 118 114 14 68 25 63 59 118 55 65 111 37 29
108 69 103 6 26 92 93 75 53 69 75 15 74 70 39 67
71 35 58 57 50 126 83 113 57 73 40 122 56 77 23 36
18 126 43 45 90 8 120 15 77 68 30 24 10 70 91 81
105 21 11 27 19 94 12 76 39 52 70 96 1 94 4 20
92 47 65 55 55 57 70 5 125 101 29 7 43 120 89 20
14 100 48 33 66 60 110 105 113 52 73 114 18 78 6 111
125 71 38 53 1 108 58 126 81 87 6 124 79 95 17 93
67 65 127 5 125 109 110 110 33 56 97 52 6 103 35 3
47 73 56 48 53 114 46 7 73 52 3 25 19 20 118 86
85 117 91 83 98 74 65 4 2 34 56 8 10 91 11 57
36 68 105 89 54 23 96 0 76 100 25 95 120 15 54 78
5 17 33 103 91 98 107 93 5 35 101 15 126 113 72 34
53 49 124 107 72 92 107 20 64 4 116 57 20 42 7 25
59 40 0 23 10 108 116 15 15 90 30 14 75 102 48 0
23 44 107 96 9 87 116 73 91 104 2 111 18 9 8 78
75 106 9 88 35 22 53 42 41 76 108 41 47 1 32 13
92 124 126 77 126 62 115 52 89 40 102 12 63 91 17 10
69 26 98 104 48 23 18 90 99 126 3 18 0 35 32 92
31 30 41 29 92 28 81 53 68 56 65 3 19 82 13 88
109 111 65 29 6 83 119 105 82 123 124 82 30 28 46 62
58 87 91 22 115 45 75 55 101 12 59 120 94 72 80 75
56 17 105 62 101 96 40 55 91 36 9 122 64 55 56 122
14 19 16 1 64 91 56 37 103 115 29 69 60 110 17 116
127 122 50 100 90 90 27 54 126 36 48 62 91 104 56 105
123 72 106 60 35 35 97 10 22 127 80 82 109 97 70 108
91 121 81 53 83 108 107 82 17 27 16 108 3 73 86 127
17 64 59 53 99 28 63 122 27 15 76 8 112 19 117 75
12 70 1 95 50 108 49 67 8 66 48 11 11 6 10 28
70 69 81 42 98 17 36 125 32 112 6 17 3 123 92 15
65 93 111 115 74 32 55 82 98 103 93 109 109 104 10 51
45 91 93 15 108 1 13 13 114 19 30 117 14 122 5 79
88 116 66 34 20 121 116 119 96 81 100 77 57 110 1 103
74 94 118 54 96 3 67 82 22 97 71 36 92 76 115 52
64 54 86 85 47 74 76 16 27 48 93 85 31 94 60 105
61 50 31 29 54 99 111 76 68 54 113 32 3 100 84 67
26 42 24 74 116 100 90 16 21 55 101 52 22 33 29 83
83 60 112 9 31 95 86 100 21 71 4 24 43 89 92 70
3 116 16 120 89 106 8 110 33 109 34 55 14 63 10 97
123 122 107 27 89 65 127 111 8 3 7 51 92 99 121 96
88 9 88 49 115 96 31 21 77 65 76 91 0 87 60 123
81 39 22 43 104 21 26 112 25 33 36 117 5 29 85 93
39 45 14 26 13 45 47 90 110 124 53 110 83 114 105 36
25 0 79 2 21 105 114 46 11 22 36 16 52 121 109 91
39 123 117 52 40 37 15 22 33 68 4 116 54 109 24 80
109 104 82 3 81 68 49 92 91 85 108 15 79 89 106 118
84 95 42 124 4 57 18 37 126 22 25 52 4 50 4 113
26 86 116 107 27 38 72 118 123 52 5 74 14 111 64 98
40 76 61 92 12 122 73 16 98 89 89 49 56 121 50 63
58 74 81 32 49 3 105 6 116 123 3 64 24 71 59 64
20 120 29 32 114 102 49 85 63 10 6 119 3 57 55 61
3 8 93 53 11 71 59 127 66 62 63 91 6 123 27 26
115 56 58 102 30 107 59 93 118 65 85 121 122 12 55 126
20 20 51 31 91 110 30 30 45 94 121 51 89 20 77 76
77 7 50 107 115 109 73 105 47 30 98 41 42 25 39 62
46 90 93 9 73 123 39 118 89 32 41 50 53 118 127 2
125 49 109 112 31 54 89 78 84 60 119 126 85 31 60 3
121 25 13 66 21 52 56 110 85 97 33 10 87 32 12 85
81 121 69 112 48 31 62 4 91 54 3 48 85 63 52 78
89 65 17 110 117 73 92 74 43 125 84 2 29 96 87 111
90 29 95 10 60 30 14 23 84 17 71 41 81 123 119 42
60 8 24 50 82 116 124 125 114 81 127 15 49 87 126 11
116 94 21 48 124 36 71 80 53 14 121 6 10 112 48 70
121 72 120 75 61 117 72 47 70 71 62 119 30 61 3 18
27 24 66 23 60 9 103 114 24 96 120 34 80 41 104 73
113 97 20 46 86 92 93 28 36 28 19 66 89 22 85 116
47 23 11 107 33 114 93 57 82 86 91 34 127 67 108 112
36 0 31 122 93 124 22 1 24 42 67 113 64 24 101 111
48 112 91 81 98 56 10 52 14 101 87 13 40 67 126 77
67 29 71 32 25 94 33 50 8 101 35 72 125 9 56 45
121 19 126 92 75 8 16 90 109 103 103 22 42 101 99 110
2 42 14 28 8 48 78 16 21 113 89 18 122 17 64 116
36 62 80 111 71 96 73 52 72 49 74 114 22 45 96 25
88 111 53 96 31 3 113 52 116 74 70 111 91 6 99 127
69 51 110 12 19 56 64 91 105 11 78 127 56 46 24 16
29 77 113 60 80 98 112 69 44 55 52 7 61 23 6 2
74 116 14 93 44 79 57 21 90 7 21 18 53 45 35 83
123 20 15 75 118 0 16 34 55 68 41 116 91 47 119 37
35 5 3 80 84 60 101 46 67 122 65 120 40 100 75 35
120 91 110 110 91 127 16 18 67 57 6 31 104 125 68 11
9 61 112 33 82 31 126 115 15 81 4 110 105 88 0 25
55 22 103 42 123 105 104 85 85 79 1 34 88 19 66 97
80 50 3 34 82 1 22 97 82 26 80 59 114 80 85 41
102 60 83 97 37 60 55 123 11 56 29 99 75 95 69 28
18 72 62 100 73 84 69 27 111 21 87 97 101 44 11 75
104 94 45 14 26 100 9 37 28 38 9 103 6 78 3 24
22 66 124 95 22 65 122 5 87 81 103 60 125 114 8 102
80 53 116 107 25 125 16 53 35 25 28 41 103 32 65 125
98 61 92 120 127 87 126 86 40 101 18 38 87 26 12 39
79 0 18 104 125 35 29 32 60 58 74 36 90 11 33 60
73 126 52 72 85 50 30 125 23 48 35 110 75 47 22 26
47 40 3 44 75 32 77 8 90 23 44 52 34 77 112 107
75 37 51 32 87 81 30 111 2 65 93 77 113 115 103 32
28 106 77 103 11 26 111 101 49 27 26 83 105 10 63 52
47 114 85 7 68 115 118 70 52 83 19 37 71 122 70 99
101 19 74 112 45 58 85 94 85 111 49 62 122 112 115 41
99 72 48 39 59 38 109 111 122 0 21 65 122 91 36 95
110 110 79 27 40 37 121 126 20 42 60 14 27 47 56 126
119 104 37 50 15 18 34 9 18 55 74 12 18 110 108 0
92 59 27 5 96 20 3 117 62 63 3 89 111 59 87 102
36 124 25 51 14 59 60 32 114 6 45 4 116 25 4 80
84 31 85 53 51 88 42 113 24 45 75 7 105 34 109 13
31 6 64 45 65 124 78 51 2 123 55 118 20 59 70 104
90 28 29 13 116 71 127 12 117 74 19 94 108 1 107 11
7 43 57 73 39 7 124 41 2 52 31 22 111 101 126 74
1 28 87 118 99 86 2 88 32 22 54 13 23 33 24 30
76 81 103 115 88 100 28 90 24 59 112 7 33 111 81 34
11 41 24 110 127 27 71 32 49 125 45 72 31 69 102 107
23 78 95 111 50 123 74 74 55 58 81 88 41 35 122 52
76 19 35 75 46 106 107 95 103 24 39 6 94 13 114 117
91 81 100 13 76 46 87 3 105 41 91 18 76 86 71 24
105 106 99 23 84 79 118 59 103 29 66 69 42 52 58 6
105 87 96 20 66 66 23 65 125 89 119 54 112 85 55 102
50 5 1 28 30 87 28 112 47 98 95 115 99 120 30 76
79 126 96 17 64 119 82 61 80 74 115 64 31 42 38 81
47 39 109 78 126 10 62 46 108 29 33 79 21 64 27 100
62 123 118 127 114 72 60 66 18 48 2 49 90 40 2 10
80 112 88 78 122 22 124 102 52 30 54 73 94 81 46 28
77 36 27 63 108 88 2 127 8 4 48 98 45 51 108 125
35 68 75 29 91 72 3 15 102 57 88 68 11 6 96 88
42 124 23 23 84 25 22 92 30 70 62 75 121 43 72 28
111 19 57 74 91 61 89 65 118 50 5 1 56 102 89 99
98 113 122 54 10 16 18 40 86 80 115 80 123 59 108 107
79 38 53 42 99 15 108 89 65 113 91 121 87 52 92 57
37 86 111 48 102 1 88 61 82 76 13 77 7 121 56 86
31 110 1 2 125 109 92 62 94 55 55 54 107 20 111 17
106 95 65 81 96 25 14 50 101 27 0 109 20 56 67 52
38 68 54 35 49 18 97 16 73 25 70 53 45 53 70 23
20 7 104 117 32 118 39 6 17 39 115 38 96 54 90 6
123 16 42 44 35 11 60 108 36 2 33 81 56 103 105 76
110 81 65 15 72 105 21 89 16 8 127 112 62 89 119 57
106 33 102 13 44 34 121 81 37 27 34 93 2 11 41 113
93 107 0 37 84 21 126 100 29 126 85 91 87 76 21 65
109 123 78 25 29 72 106 66 99 13 31 101 24 73 86 117
52 86 26 8 107 25 108 8 23 65 100 110 13 121 48 122
116 126 20 17 70 126 84 41 11 115 15 36 60 101 25 112
60 52 120 39 77 101 48 100 38 20 82 52 13 2 46 1
1 66 18 71 65 102 113 76 90 0 112 22 101 10 7 33
62 127 73 11 100 121 111 11 13 65 63 26 68 109 27 69
48 45 12 113 20 125 61 110 125 46 4 99 56 11 4 118
11 77 1 111 70 112 122 83 49 57 109 117 39 8 58 87
54 71 72 74 68 5 56 66 51 60 37 107 72 41 97 83
119 98 66 61 82 61 17 4 118 126 121 29 7 52 116 61
123 60 7 63 66 63 1 117 123 38 97 67 80 66 22 71
97 38 122 68 69 56 83 119 64 23 45 46 29 44 14 0
29 97 75 86 99 103 87 69 67 6 24 42 58 81 110 27
120 104 95 61 33 50 53 97 74 98 15 103 14 29 103 44
127 50 2 98 26 90 39 93 96 63 8 26 17 118 53 9
94 20 70 127 70 123 97 16 93 112 120 108 14 95 24 13
18 26 111 44 116 23 9 84 86 17 110 103 7 35 112 102
55 55 101 126 50 70 14 16 55 6 124 69 102 20 82 120
46 65 36 35 88 45 119 47 63 102 22 70 9 7 44 65
62 18 63 112 88 77 0 15 84 124 84 58 16 38 50 63
104 86 98 64 3 89 111 66 63 6 9 73 13 53 10 75
71 73 59 32 22 60 47 106 56 4 36 73 42 86 8 18
44 106 83 48 67 66 114 3 72 123 76 85 49 86 32 120
31 92 24 53 24 72 32 80 76 68 25 118 27 33 9 71
11 92 119 79 30 106 82 103 101 30 60 22 116 93 15 19
57 39 72 81 111 104 33 59 45 59 50 72 92 59 15 104
23 7 55 53 113 9 28 86 39 89 109 27 54 124 46 111
35 118 64 19 95 97 78 12 28 0 84 121 59 99 97 82
106 24 8 91 33 36 50 72 125 31 99 51 27 17 34 62
7 98 81 102 68 32 114 96 32 70 89 92 42 58 46 20
82 54 112 115 91 34 59 88 65 30 12 92 47 46 26 55
17 108 29 85 12 16 53 44 86 15 8 0 73 55 21 28
109 5 15 72 39 75 33 104 105 45 68 25 91 94 80 108
74 109 65 86 125 119 3 84 6 11 84 79 66 105 107 48
110 123 120 21 70 25 125 47 70 65 72 34 32 24 14 106
6 80 65 3 71 68 87 77 79 44 28 18 21 8 66 4
3 58 25 73 84 23 120 26 88 65 60 120 89 75 99 95
27 36 99 98 104 58 47 55 102 75 73 124 83 11 0 86
70 25 31 26 48 24 52 9 89 113 1 50 60 100 18 87
8 117 57 112 47 104 40 22 51 113 18 7 125 18 93 67
43 125 93 92 21 17 101 110 2 102 32 62 75 50 21 83
39 78 68 87 54 108 109 106 93 127 113 90 17 78 29 60
75 122 24 96 12 125 78 14 100 111 77 47 33 98 2 73
34 109 24 110 61 24 41 89 106 0 4 60 102 108 91 121
124 64 17 99 77 125 106 67 18 65 122 24 106 45 3 12
26 27 122 87 51 36 48 30 36 52 90 10 32 53 4 28
117 21 127 67 18 106 6 36 43 1 61 21 46 64 34 72
92 28 31 15 64 79 45 101 3 7 111 35 60 115 63 50
9 62 117 27 40 123 64 83 124 125 105 42 61 11 114 25
39 17 41 104 96 86 77 99 94 60 6 26 48 69 76 57
4 65 84 44 61 20 0 57 17 105 100 79 116 86 104 27
104 17 3 72 104 80 44 70 13 50 96 61 120 45 118 124
110 74 40 43 95 40 101 112 17 73 63 5 31 40 33 7
57 36 80 33 117 124 103 2 46 72 63 38 117 53 34 99
127 75 15 94 115 116 79 5 61 14 10 92 54 43 100 112
80 52 17 69 48 121 71 94 65 6 5 54 59 39 25 58
114 40 25 102 28 104 107 89 118 117 54 45 33 26 29 113
78 46 54 126 39 125 92 104 3 97 30 62 9 56 120 123
96 17 97 125 121 76 86 112 66 12 29 99 38 58 84 116
104 10 114 16 7 79 120 10 48 23 72 57 79 64 53 47
82 22 44 75 99 3 59 37 15 88 8 54 18 92 42 123
102 29 11 109 108 3 119 28 26 63 86 105 127 11 25 81
33 69 29 4 72 88 41 88 49 49 14 67 13 56 62 115
85 73 96 65 77 87 94 103 22 52 81 22 63 106 103 96
47 4 101 120 93 14 80 14 64 94 81 77 22 16 65 108
89 33 45 38 121 11 14 15 63 95 37 126 73 13 95 120
17 68 112 110 82 64 124 18 30 78 96 53 94 33 33 55
66 78 94 59 90 108 75 25 75 112 24 20 125 119 12 15
59 125 125 13 61 122 32 92 72 0 17 38 33 50 93 99
0 59 31 90 39 106 116 114 90 12 6 88 3 19 103 62
16 100 75 77 94 107 41 38 107 58 76 12 108 42 112 109
101 15 71 13 121 59 127 83 71 6 43 74 25 18 8 41
119 84 118 85 63 32 124 43 90 72 55 71 114 39 52 88
54 123 101 47 55 100 3 126 106 46 73 3 65 81 44 56
37 35 13 101 67 9 16 29 82 71 100 68 111 24 28 37
29 51 24 11 94 16 89 33 56 109 82 6 7 6 70 104
122 93 57 107 21 33 28 116 7 21 94 69 96 22 115 126
73 11 9 40 27 98 73 84 79 27 90 86 33 32 62 27
125 119 6 18 25 35 7 32 56 101 102 25 124 89 23 69
100 32 109 0 2 54 84 81 81 46 40 114 78 102 13 75
94 20 93 119 55 100 23 111 74 125 8 70 86 31 11 59
63 121 59 65 47 15 19 1 61 59 115 11 33 1 86 127
21 51 118 76 24 14 59 98 11 68 40 98 99 51 29 35
44 88 100 92 103 119 93 36 50 80 47 84 81 5 83 102
56 74 50 80 88 110 50 99 50 90 69 21 14 98 56 58
58 29 22 33 20 115 69 71 68 116 27 21 121 110 124 50
56 46 2 16 28 53 116 78 15 57 100 29 28 28 88 86
57 110 120 78 98 61 21 38 50 48 59 43 30 55 93 87
102 96 103 2 21 91 81 36 21 53 66 49 81 26 7 11
8 127 89 106 61 110 16 111 30 76 26 60 3 120 19 105
88 123 108 109 86 61 17 107 114 83 28 67 109 36 78 118
35 39 96 96 21 113 79 51 61 106 112 64 98 3 42 58
126 22 39 85 83 56 64 69 12 93 8 121 1 87 111 36
126 80 5 20 65 84 71 126 62 55 62 32 59 104 90 57
126 1 14 81 58 79 22 70 44 31 63 45 118 47 81 116
127 86 8 64 43 80 62 105 7 124 10 66 101 100 124 99
102 10 53 32 89 75 102 5 106 37 50 96 84 4 85 83
90 93 19 5 45 81 111 53 78 121 119 51 93 115 22 67
126 75 99 87 23 73 93 1 111 15 98 67 19 55 23 110
20 42 115 66 124 98 119 74 91 110 125 57 98 19 124 96
95 96 55 118 41 20 119 24 36 89 92 55 16 115 37 37
29 25 103 25 123 94 99 87 76 96 16 46 116 12 14 83
108 70 73 22 90 64 46 126 26 10 54 42 125 91 79 27
116 54 52 112 20 24 71 97 120 87 15 108 99 30 63 80
100 8 102 62 73 20 61 99 31 115 13 28 78 93 55 67
19 108 51 40 4 122 9 124 81 24 105 52 54 40 4 26
49 106 89 122 127 22 93 30 9 106 58 87 71 114 26 91
76 72 66 83 6 27 24 14 28 8 83 11 51 118 79 19
58 37 78 20 1 73 106 96 13 58 6 72 102 19 127 50
91 66 5 98 93 30 112 121 38 68 4 90 58 83 109 116
120 59 8 121 4 115 89 17 45 95 90 19 115 89 69 78
27 75 48 120 105 33 113 15 101 117 105 31 72 86 19 64
17 27 57 21 14 19 39 60 114 1 79 101 90 21 52 118
96 100 110 73 5 96 88 106 85 66 9 30 24 28 94 42
56 24 63 70 43 102 2 29 103 82 3 66 103 55 56 71
27 38 16 33 6 104 11 92 42 21 122 67 49 88 109 105
112 44 48 27 19 50 57 122 4 60 60 107 115 116 50 14
27 66 47 33 43 59 125 85 80 119 24 1 80 5 107 64
50 27 92 69 77 21 63 82 81 124 61 68 112 112 82 11
50 2 45 93 61 42 51 13 34 75 14 114 81 121 50 3
20 14 72 98 35 7 52 116 3 113 56 116 97 11 127 20
13 44 113 74 87 36 87 121 112 101 107 65 95 29 68 115
44 12 85 79 19 9 68 23 123 124 11 92 7 10 112 20
55 98 94 14 6 53 7 118 27 114 55 122 15 123 109 59
7 67 11 27 76 79 50 71 75 61 36 83 71 20 103 126
118 70 12 125 123 19 115 22 5 43 16 21 38 126 80 46
65 91 73 13 42 123 85 118 56 121 73 127 13 48 126 4
118 10 1 114 30 116 8 35 31 25 56 70 23 9 116 88
100 61 101 15 56 58 5 112 51 78 111 65 126 109 69 117
120 70 103 22 58 111 57 90 8 114 32 31 123 20 119 95
81 93 110 9 23 115 121 75 65 104 12 64 86 81 53 78
23 28 100 81 11 29 43 20 15 75 51 10 95 43 106 48
8 88 57 31 76 50 106 13 27 118 77 113 71 2 63 94
30 35 48 42 64 91 62 80 39 113 90 6 28 68 55 36
29 112 68 105 35 46 118 62 37 68 47 108 70 110 75 101
17 123 15 81 86 77 33 125 62 124 4 91 64 59 127 93
43 67 70 78 114 61 12 23 1 59 3 71 41 78 44 58
73 59 12 32 8 45 29 71 41 33 34 106 92 33 71 8
101 14 86 87 75 99 110 76 30 113 19 72 64 64 2 9
94 38 42 65 27 40 1 57 46 53 92 105 60 39 16 99
59 71 16 91 56 67 8 83 91 91 83 124 29 43 83 124
81 126 61 108 38 62 38 84 115 2 62 47 41 78 18 100
21 35 63 77 102 71 32 65 34 115 61 63 31 17 59 112
15 120 93 53 54 3 9 41 5 71 88 46 21 107 18 42
14 81 120 116 24 24 54 58 12 115 121 43 4 53 27 19
45 120 72 100 123 82 13 0 25 102 46 47 81 64 89 95
17 81 83 41 106 9 99 118 125 93 33 1 18 60 21 63
53 93 35 48 47 49 49 73 23 95 120 104 32 81 71 49
35 26 91 13 36 62 3 33 27 36 34 45 96 55 109 21
21 16 70 68 65 119 13 88 86 5 64 118 87 7 40 122
34 3 7 70 65 10 103 93 46 9 10 14 65 119 36 86
8 106 26 73 97 40 34 55 45 98 46 4 106 86 126 12
89 5 82 26 15 57 119 61 66 2 76 3 121 112 89 1
90 116 75 59 28 109 114 73 79 32 78 57 118 76 69 79
82 23 106 97 80 97 31 19 99 107 22 93 91 112 94 53
100 41 112 0 22 98 73 102 3 23 31 121 100 101 73 54
124 51 23 77 20 54 96 120 33 118 85 124 102 51 49 74
93 33 74 115 4 20 89 7 43 121 0 15 94 73 69 90
124 93 39 17 19 7 9 53 126 94 49 100 17 99 47 110
4 121 98 8 13 59 15 57 52 16 72 18 89 14 109 86
107 20 103 126 28 112 51 26 78 101 126 95 72 45 78 76
39 48 85 52 107 100 109 32 116 54 50 78 68 31 36 47
52 11 45 80 123 97 106 73 70 104 40 14 22 118 90 61
38 47 113 18 20 95 50 8 21 100 86 89 4 122 8 56
5 53 8 0 22 114 73 92 90 114 106 112 104 69 45 15
116 31 33 8 126 83 17 19 55 103 108 59 98 116 115 103
41 123 104 64 109 49 28 72 35 7 56 12 76 102 27 64
5 60 73 3 15 90 22 70 65 2 2 35 118 117 11 31
113 115 95 94 36 124 38 72 3 95 84 79 69 111 15 74
43 88 77 58 50 99 0 116 101 2 23 91 120 34 122 105
21 90 71 58 86 110 2 89 77 86 40 18 69 55 92 112
