37 11 27 24 5 78 93 26 41 85 6 57 48 30 89 39
52 80 111 10 118 88 0 97 60 124 127 66 52 105 48 89
116 75 113 121 25 79 19 66 36 25 124 84 55 85 124 107
37 107 117 28 67 117 125 127 113 124 66 38 102 114 127 90
61 113 84 87 64 103 25 100 1 21 56 56 107 52 36 16
32 25 44 99 15 42 99 0 38 37 38 12 23 38 103 84
23 59 43 87 34 69 59 35 90 115 92 69 40 0 86 72
25 2 43 40 44 14 41 83 51 79 95 74 117 70 31 12
1 74 99 36 15 30 71 106 18 35 47 58 35 5 2 61
8 45 101 52 60 14 7 111 94 103 58 83 45 89 96 47
35 67 83 51 98 26 29 116 62 76 46 97 82 48 30 90
93 4 14 25 18 22 9 112 125 67 68 42 28 36 89 63
103 44 114 73 71 15 61 5 92 107 102 46 27 5 8 121
9 22 18 27 44 27 12 41 94 80 84 122 116 45 58 91
90 44 37 33 60 98 38 24 78 12 70 105 17 78 98 26
100 117 54 17 16 66 58 111 18 14 105 6 60 35 97 22
80 6 55 12 105 93 36 55 105 106 32 123 56 3 21 28
120 75 45 8 13 104 119 31 118 97 37 50 4 7 72 84
13 127 96 118 92 4 45 70 110 78 65 38 81 86 67 73
34 112 81 47 88 73 79 79 42 116 1 46 123 74 3 9
73 99 127 38 104 45 108 86 123 45 125 76 3 64 21 37
48 102 85 9 47 36 88 89 24 89 8 20 35 11 29 109
110 28 19 86 73 127 45 68 44 42 16 47 106 37 85 26
12 42 35 59 78 123 21 102 85 29 122 120 40 23 101 22
52 120 109 125 119 26 66 35 68 82 83 46 120 40 72 4
82 108 63 32 103 84 6 60 113 1 53 25 24 26 48 76
19 29 74 10 55 12 46 123 94 1 41 86 41 113 90 123
93 26 27 69 110 33 1 96 34 54 121 59 81 41 7 100
70 81 110 125 93 28 120 60 29 33 18 70 19 109 65 112
7 92 53 117 126 55 85 32 109 79 91 62 120 99 34 63
52 17 60 18 45 53 78 75 86 96 17 105 77 83 90 84
47 15 74 45 70 31 78 52 110 41 114 103 12 21 38 65
33 47 119 65 57 19 39 78 20 96 77 11 61 44 120 62
2 41 104 68 91 19 8 97 30 3 4 117 23 127 92 56
46 83 122 104 103 33 54 123 1 3 6 62 47 126 125 49
39 101 117 2 120 125 99 22 1 104 12 24 103 104 81 21
60 75 125 35 108 52 30 109 55 36 43 103 34 40 24 73
14 14 76 6 11 47 29 12 23 41 37 126 17 118 20 77
65 17 112 45 69 14 26 125 50 69 100 84 110 124 30 124
10 106 2 22 25 31 34 49 72 71 47 90 61 67 39 126
85 24 43 26 38 69 23 89 11 123 45 121 120 75 117 2
53 119 24 79 23 59 0 95 2 47 57 64 115 97 62 72
121 106 98 31 47 122 120 58 117 38 51 109 113 40 112 39
32 8 118 55 67 118 22 70 37 80 6 24 49 68 96 42
46 67 73 94 61 66 24 50 104 76 32 89 116 16 0 20
24 118 75 92 108 98 34 18 50 40 42 99 108 11 13 27
78 86 121 11 24 17 61 0 93 93 90 82 109 90 102 6
81 50 98 61 20 4 79 70 44 122 41 24 5 54 51 83
12 44 94 37 62 27 37 27 121 127 109 102 90 84 108 43
6 78 104 26 82 56 96 126 50 9 23 55 63 74 10 75
119 104 112 53 3 22 80 124 21 62 99 111 18 79 26 24
30 3 50 112 59 18 111 109 27 6 36 90 80 46 37 71
22 22 124 25 44 77 22 65 11 121 49 29 72 75 53 102
78 103 87 9 121 70 118 20 76 26 110 28 72 19 100 94
41 96 120 85 45 14 23 56 7 72 85 79 19 10 54 98
113 13 107 106 83 98 126 31 124 108 59 69 0 31 35 41
0 27 127 45 41 22 102 48 94 59 0 113 70 54 83 55
67 63 34 22 33 32 53 29 13 112 98 13 16 6 54 16
33 53 61 75 75 35 123 41 95 123 27 37 49 110 92 116
45 126 10 78 31 63 108 44 48 78 57 64 84 111 80 118
37 13 65 112 49 60 26 16 56 53 53 105 35 17 94 81
16 104 31 47 40 11 91 88 90 20 24 46 3 104 36 40
117 101 25 38 34 51 54 90 104 107 67 11 125 33 92 13
10 124 60 50 7 23 10 97 43 34 16 46 10 52 87 127
63 37 90 37 22 35 84 109 23 69 70 26 97 75 95 12
50 112 83 80 41 98 15 9 81 51 101 6 34 3 95 97
40 57 7 62 92 91 43 116 32 113 14 2 60 109 14 111
94 97 63 7 68 79 16 21 2 117 27 36 120 122 5 32
51 12 94 16 103 9 4 8 123 18 10 55 127 24 38 93
122 102 100 62 53 117 83 55 106 110 91 99 104 96 3 27
109 98 43 84 107 47 92 102 65 102 30 65 127 68 30 121
42 3 55 95 120 10 22 98 120 113 69 96 82 73 123 63
43 39 19 22 86 112 125 24 86 27 89 85 95 119 78 10
122 5 105 114 15 0 85 7 113 26 103 67 99 99 2 14
10 22 37 96 6 34 120 92 61 81 50 28 73 0 38 67
6 16 54 21 16 11 29 1 37 4 69 9 103 71 23 113
93 60 82 99 94 74 64 27 28 114 56 101 114 94 40 120
110 94 14 126 105 43 0 15 47 69 24 23 12 47 8 106
108 90 77 74 37 13 102 65 127 30 38 114 124 78 106 107
45 120 105 22 35 105 37 83 46 61 106 59 109 114 37 89
77 114 35 114 0 9 51 127 39 89 113 36 39 92 15 84
84 120 107 120 98 16 75 16 78 53 75 59 39 112 20 116
99 55 102 99 65 25 98 104 114 84 12 26 48 27 110 4
20 89 124 118 106 71 6 56 124 82 115 36 66 7 24 37
62 127 8 127 24 107 104 11 63 116 37 111 16 19 115 36
109 112 26 87 55 32 15 52 114 2 88 53 9 112 90 71
111 99 71 8 78 47 19 13 35 56 124 51 75 111 87 56
95 113 15 23 18 30 75 4 32 35 57 41 19 20 113 3
119 56 11 69 103 30 82 10 86 78 62 33 61 21 90 29
7 105 52 25 8 127 29 40 34 87 82 53 107 67 56 98
123 67 39 98 97 121 108 55 71 42 89 4 64 51 33 71
28 85 96 36 84 125 77 118 84 31 44 63 98 100 33 93
40 72 63 9 65 43 65 8 86 26 13 22 77 46 93 105
4 61 14 88 58 91 79 15 122 123 78 92 95 112 57 7
56 120 17 122 35 82 2 121 108 15 15 57 62 108 34 66
41 48 26 100 11 105 115 5 100 65 97 68 49 26 75 106
45 111 47 114 89 41 8 101 69 15 0 115 43 73 30 88
41 45 86 119 105 92 46 121 104 99 91 104 25 36 101 70
19 20 56 108 61 64 81 2 79 81 117 122 26 20 83 67
65 41 58 42 5 104 35 109 75 127 86 100 35 59 42 54
80 98 34 13 35 115 16 114 68 5 109 94 25 64 33 90
105 91 5 110 67 40 92 14 39 50 115 74 109 29 0 61
0 34 75 35 21 91 21 89 96 2 55 122 66 88 84 43
51 89 26 118 2 118 5 41 40 120 116 21 21 116 83 21
23 30 56 44 121 78 6 89 80 61 83 19 22 40 62 73
1 88 64 3 78 69 45 118 61 33 12 82 21 95 104 44
125 32 89 118 110 95 79 63 28 35 82 50 75 16 124 76
105 60 80 55 1 125 46 62 30 58 16 51 25 120 96 22
25 57 12 7 24 91 70 52 126 24 103 73 41 99 22 18
31 102 73 32 99 119 94 1 49 110 52 74 103 20 96 0
77 108 7 101 72 78 26 70 102 1 16 15 100 38 33 3
12 107 35 111 98 1 112 20 111 36 94 86 57 63 86 6
43 94 108 115 44 6 58 18 7 74 34 107 112 67 110 124
46 17 107 17 18 91 37 1 127 3 88 56 66 46 63 110
12 43 97 56 49 27 75 56 101 109 35 85 48 17 81 95
34 60 112 52 23 21 53 23 24 13 79 91 60 14 73 72
57 42 1 106 70 76 34 43 57 69 1 105 86 82 72 120
15 56 44 38 77 98 61 102 111 13 65 43 27 10 116 85
52 117 63 122 65 98 38 122 39 39 99 126 121 44 118 8
100 35 47 50 5 108 24 116 121 89 32 21 99 20 106 23
9 41 18 74 11 56 68 51 95 39 49 88 83 39 97 56
74 16 106 79 124 2 68 118 91 100 11 62 120 117 85 1
30 103 75 42 31 15 93 126 54 14 87 10 53 56 66 0
72 44 79 68 46 19 58 9 119 69 71 111 58 28 112 89
4 59 3 35 74 96 34 1 110 121 11 35 49 77 35 121
121 115 61 39 6 120 48 126 61 119 109 120 19 94 81 23
25 84 59 100 52 93 101 34 86 112 69 7 61 105 0 54
92 61 93 98 53 13 96 115 4 78 107 23 44 60 47 69
27 8 68 84 37 53 22 48 25 31 78 17 101 100 104 32
17 88 101 97 79 95 88 105 48 102 59 27 100 93 123 127
101 64 83 10 117 105 58 14 8 9 32 110 109 8 14 126
97 115 95 48 82 55 25 2 29 85 29 1 50 25 0 23
89 83 34 78 61 92 92 69 101 124 51 82 5 65 80 102
52 48 22 6 103 48 9 5 5 38 6 55 63 7 78 24
90 112 102 23 77 67 93 50 63 16 5 68 82 85 42 6
5 65 13 109 113 22 114 118 60 120 45 124 127 123 20 90
108 123 113 57 62 78 107 125 95 112 66 49 70 108 55 75
45 68 56 30 90 42 20 23 35 65 19 34 61 39 124 41
34 110 98 96 60 77 94 27 62 32 76 4 12 4 79 58
72 8 88 35 50 109 58 85 46 77 120 107 116 116 20 23
98 118 119 31 68 85 58 2 117 7 6 2 11 85 60 83
93 20 118 16 1 48 101 48 125 93 27 114 82 48 9 52
38 0 83 106 86 14 108 75 21 114 77 32 72 9 115 37
30 106 53 31 26 27 79 24 120 107 10 74 27 19 127 65
19 82 44 105 96 24 53 117 11 2 21 83 12 9 120 42
115 46 73 13 73 25 37 65 4 47 12 31 66 11 96 86
93 12 63 62 37 116 51 48 119 73 3 3 82 123 45 69
41 118 82 114 15 120 52 19 39 64 50 106 75 19 64 40
31 127 102 68 116 26 116 107 99 119 110 53 115 27 122 28
17 76 15 33 68 67 52 108 3 103 86 78 122 22 118 25
21 93 94 9 119 82 116 90 74 98 15 61 125 9 89 15
85 104 48 26 43 100 6 46 75 92 124 69 114 115 95 7
80 61 17 71 15 5 33 89 104 48 22 101 57 112 116 14
88 36 40 4 9 46 50 84 10 47 26 124 34 121 4 114
54 21 57 69 26 90 31 2 10 53 104 67 37 92 81 126
1 122 2 10 40 52 94 51 99 120 47 5 113 51 119 39
72 48 109 99 10 12 101 20 65 77 87 103 42 41 101 43
35 103 53 75 27 19 126 127 12 46 4 125 97 124 37 42
44 18 13 55 30 114 75 95 64 35 70 106 76 43 21 111
18 74 58 46 93 57 45 105 103 49 103 72 45 12 114 90
29 94 59 19 120 99 112 32 113 68 68 52 34 37 69 33
115 79 36 6 20 65 13 6 41 90 83 58 8 0 8 37
95 67 57 87 38 41 119 23 109 59 76 15 96 17 49 84
97 85 90 117 22 104 123 63 66 78 122 74 79 2 112 46
69 41 5 107 82 124 3 64 55 79 79 24 96 0 108 65
85 70 54 108 46 49 43 112 0 37 59 79 39 43 125 108
84 2 88 38 126 91 102 53 42 54 77 10 54 57 76 12
0 2 120 46 52 35 31 52 73 90 3 112 5 0 93 89
2 53 127 0 16 102 53 58 28 3 68 82 60 16 94 60
19 86 107 71 122 10 123 67 100 126 51 105 126 16 66 0
69 65 0 85 39 53 15 67 56 84 22 117 100 116 49 119
75 28 62 69 38 57 8 10 55 59 115 53 76 53 53 17
119 53 103 30 107 118 98 35 74 120 24 47 108 74 38 55
102 101 124 13 30 4 23 86 64 11 11 12 64 65 29 55
118 4 86 97 123 56 5 69 48 29 116 28 103 27 84 78
0 80 91 30 85 114 116 21 125 0 33 62 65 62 117 55
67 75 25 62 3 30 3 51 59 120 80 35 19 36 113 19
116 76 49 73 62 38 94 60 38 127 122 103 62 111 30 1
59 55 63 62 85 66 114 17 58 66 52 77 102 37 96 90
113 18 36 47 56 2 107 94 2 101 69 64 85 99 65 16
27 0 78 112 66 64 1 125 2 53 74 104 90 43 67 75
61 103 123 117 105 102 83 107 76 24 43 33 123 108 49 22
108 127 7 47 64 8 44 66 62 118 43 24 33 110 100 94
85 95 83 62 69 38 42 17 62 85 50 58 66 99 80 46
99 87 93 35 96 9 101 30 0 16 54 33 126 26 0 83
121 83 18 63 122 60 80 56 17 3 114 83 102 67 2 73
26 95 108 122 105 82 24 105 98 79 10 97 105 10 52 99
94 70 34 88 2 114 16 20 117 3 103 92 70 105 37 96
73 18 91 50 100 115 27 70 66 37 39 44 48 92 15 14
34 49 102 37 35 118 57 25 121 32 117 63 10 26 32 83
44 123 5 16 110 32 87 49 69 126 93 117 90 108 3 125
29 105 34 64 96 91 89 89 123 78 25 5 105 57 88 21
109 83 1 111 29 21 26 31 113 66 64 78 54 85 107 97
29 104 30 77 59 25 24 33 79 14 81 101 10 83 48 119
38 49 102 67 70 1 98 55 67 35 5 121 120 112 90 21
88 120 98 19 17 122 52 96 8 5 70 18 88 118 9 126
39 112 65 109 113 36 36 52 71 41 45 63 25 7 84 113
127 55 4 17 49 56 113 58 61 55 76 22 45 86 20 84
70 86 65 55 122 101 107 65 14 24 0 39 31 84 24 30
11 28 47 61 84 33 119 18 88 67 40 6 25 60 90 95
18 28 22 12 1 1 77 16 25 77 55 56 34 80 87 45
108 6 106 65 39 97 83 0 37 123 6 62 55 96 30 74
124 52 86 126 54 36 14 79 113 69 8 19 21 95 65 2
101 43 67 13 13 22 13 50 17 19 112 72 115 14 18 112
67 105 110 121 13 124 72 126 65 80 18 87 47 83 89 21
126 28 34 11 50 47 61 67 66 46 11 53 60 30 37 127
7 19 120 20 15 65 18 81 17 36 40 65 119 1 86 118
29 120 1 79 39 63 18 105 109 29 30 41 59 68 41 66
87 33 86 103 98 105 56 116 13 96 53 5 97 11 123 126
3 124 77 42 59 95 19 40 124 49 82 56 117 123 122 77
28 81 52 127 58 108 115 71 76 40 76 45 51 71 43 54
68 120 96 127 87 115 40 83 36 122 11 26 117 6 103 17
87 27 16 17 7 3 88 83 43 37 0 94 108 43 20 48
35 116 48 122 103 88 77 12 82 89 38 71 95 13 88 54
40 105 71 47 108 31 2 24 68 2 118 49 45 11 97 80
127 17 74 103 105 23 115 59 112 25 2 79 38 91 5 78
68 76 125 48 108 127 72 48 1 63 97 46 74 67 126 73
84 72 48 62 95 35 121 80 60 124 31 98 87 37 48 27
113 45 75 93 44 20 14 45 83 111 91 29 50 89 102 7
33 23 69 1 58 62 81 119 58 112 89 17 21 10 44 7
55 120 100 100 12 114 17 95 98 109 124 20 70 98 27 104
121 96 105 52 31 58 43 89 42 4 107 64 14 23 71 70
15 43 42 27 30 59 122 0 40 118 20 111 89 48 87 82
16 64 6 47 122 49 9 36 54 116 100 68 11 43 10 27
45 81 120 29 73 8 68 26 42 36 112 73 18 108 122 127
117 20 55 17 62 68 89 23 50 105 127 3 98 88 6 16
41 126 45 114 7 113 13 49 21 125 123 39 105 117 39 94
10 94 112 72 34 73 95 85 50 95 88 21 55 94 37 96
93 82 82 100 67 95 21 88 93 16 0 70 6 39 37 16
5 21 88 40 94 56 125 17 23 85 38 78 51 75 46 16
29 0 116 96 96 10 56 61 26 56 3 32 95 40 48 101
61 9 13 28 65 10 45 88 95 83 38 18 30 84 35 59
84 23 27 52 33 83 113 60 12 117 92 107 29 13 80 91
22 93 119 87 103 36 47 70 119 85 89 21 41 124 80 125
19 107 50 53 62 35 113 74 24 77 54 54 90 6 17 112
100 8 71 75 44 118 18 35 75 107 56 116 103 8 114 122
115 36 47 49 71 32 124 96 110 50 22 72 56 39 57 28
47 0 104 91 119 122 126 66 101 54 55 76 62 41 70 49
77 118 98 20 22 94 116 4 16 10 77 73 49 6 101 96
6 77 59 125 71 57 64 44 111 119 120 45 32 63 94 109
53 65 1 75 31 118 80 48 0 29 121 50 35 94 18 41
44 78 39 115 7 103 32 119 94 24 36 126 87 3 107 12
68 108 88 99 98 40 19 99 69 12 21 104 107 39 17 23
117 56 10 125 31 42 116 125 67 24 123 26 27 102 39 95
83 127 67 53 39 86 24 108 99 45 84 78 85 101 101 74
30 111 71 61 26 59 59 93 84 54 119 111 29 30 79 112
29 18 37 68 104 62 48 75 107 4 25 64 106 126 11 8
110 82 69 8 14 0 101 98 55 92 81 84 123 32 68 24
50 105 93 27 39 13 102 19 18 0 83 124 126 94 4 108
49 73 116 63 74 89 33 1 54 114 85 49 19 25 73 69
2 38 96 42 52 71 61 70 71 16 66 69 111 70 50 32
15 38 95 89 0 0 90 54 114 47 103 5 72 48 75 75
87 43 117 11 114 50 81 57 66 19 127 49 89 49 81 104
87 48 66 87 48 28 13 35 76 116 40 20 37 115 95 124
31 84 7 17 6 88 75 73 107 74 122 68 123 76 44 82
124 110 42 45 11 55 80 87 44 120 107 81 108 75 77 11
48 86 42 91 86 102 99 7 83 63 36 78 107 88 75 117
78 22 107 28 29 115 77 67 58 93 83 55 92 97 89 13
56 3 104 14 105 75 21 60 10 57 11 117 18 86 106 96
108 85 124 9 72 73 77 2 39 32 58 3 1 19 16 57
22 120 71 0 67 93 60 77 22 71 66 40 29 45 8 9
2 4 19 75 78 96 77 117 0 7 120 1 26 9 59 49
1 2 49 69 95 109 18 118 53 85 30 82 2 39 92 4
43 111 79 121 79 29 110 79 36 103 80 63 112 11 112 113
14 33 54 109 14 73 99 67 30 2 22 32 41 114 36 84
97 116 78 48 17 60 127 53 35 79 116 19 91 100 5 105
5 59 86 20 4 58 87 34 60 109 66 101 95 103 57 64
91 7 112 108 68 111 33 103 63 22 123 26 122 0 3 0
59 89 20 64 19 107 98 79 89 37 52 56 12 110 121 103
117 105 83 57 89 116 33 24 10 28 50 5 28 53 5 87
14 25 23 34 4 122 113 93 31 38 22 43 20 15 18 9
120 101 67 81 89 100 105 100 0 27 105 28 80 110 115 95
7 11 1 11 5 114 105 36 24 127 79 44 14 97 54 6
70 121 88 31 93 65 3 93 93 108 121 45 90 108 12 97
119 13 109 124 0 86 32 24 85 111 69 99 80 123 105 22
116 65 54 81 3 57 46 96 38 39 13 0 19 26 98 11
39 79 7 39 37 40 64 122 23 5 93 104 0 70 126 116
8 52 69 11 110 115 107 20 26 120 20 45 18 118 56 58
69 64 97 106 104 33 100 127 38 65 103 38 8 102 26 16
26 95 27 8 82 6 28 108 126 49 26 17 39 82 75 109
18 44 87 122 78 60 122 116 125 97 27 5 71 53 21 98
21 48 106 103 54 7 84 53 56 110 70 95 64 17 76 83
61 36 77 11 96 71 0 93 41 27 99 112 80 120 82 101
41 61 77 95 68 33 20 124 15 90 91 79 107 40 34 41
76 112 52 44 55 52 9 96 79 108 81 32 101 35 5 14
96 82 109 36 115 2 32 2 92 124 82 72 36 116 113 112
100 37 28 28 90 37 124 41 18 77 73 119 113 79 5 81
33 114 118 21 116 22 23 81 18 105 25 54 94 10 38 66
1 95 20 99 73 65 108 117 106 126 51 26 54 43 11 81
72 109 126 84 3 48 75 22 26 109 23 80 31 127 124 32
94 17 4 39 82 112 28 61 110 80 87 36 123 98 118 67
79 116 23 82 36 98 104 63 79 127 15 111 126 11 15 92
28 19 3 111 3 32 44 114 112 3 22 107 102 12 46 53
0 70 8 37 40 112 100 120 112 115 103 110 126 118 75 27
10 78 10 13 110 54 127 94 57 22 73 31 34 120 85 35
62 93 72 102 77 44 94 61 31 69 44 29 60 119 56 70
69 66 83 52 120 83 18 50 105 92 81 11 84 38 46 18
3 118 120 81 34 87 14 65 28 58 95 88 49 23 30 119
90 114 43 82 69 61 4 46 25 86 57 109 124 104 127 0
94 120 81 1 79 95 66 107 26 33 68 75 57 98 66 19
84 109 101 25 43 106 71 68 64 1 50 60 105 49 60 71
41 13 72 120 109 11 100 7 44 40 82 101 10 21 120 95
2 94 120 45 72 64 114 8 65 36 68 42 85 1 113 127
14 58 119 123 69 91 2 113 3 85 87 14 106 79 109 108
45 101 26 117 37 12 125 102 48 66 16 5 67 2 4 81
60 124 77 1 87 79 114 91 36 73 105 14 25 86 123 70
59 21 60 97 33 57 71 81 123 88 86 62 90 91 16 22
87 93 23 46 44 9 9 81 83 114 95 108 72 90 50 4
111 110 101 16 40 44 97 35 4 56 98 94 19 114 116 106
79 11 24 123 21 34 76 104 20 44 84 93 6 6 97 118
117 70 6 29 114 104 64 119 32 34 85 51 20 74 29 99
85 53 95 106 87 43 82 108 87 38 73 94 45 42 84 34
112 90 63 98 66 127 89 98 34 47 21 54 121 50 26 78
104 121 57 63 36 11 43 124 50 116 90 95 30 46 1 14
8 64 113 75 63 74 45 97 121 67 24 114 117 50 65 93
43 122 29 79 5 72 75 55 61 37 22 91 83 23 106 92
87 91 39 23 37 84 120 31 23 16 17 13 66 82 106 109
76 7 61 82 80 8 9 13 46 32 104 1 55 82 93 15
45 4 38 83 89 30 114 112 47 3 125 113 86 104 95 34
111 28 116 63 36 126 76 82 30 53 84 85 7 49 100 53
