76 119 27 61 93 60 94 57 30 94 38 116 109 56 76 110
123 88 87 124 66 109 59 65 6 82 93 93 42 42 55 119
33 83 52 127 15 18 56 45 113 95 34 94 23 110 76 18
70 36 14 8 17 73 73 23 27 39 116 70 81 44 61 114
127 113 113 14 3 42 59 116 9 93 82 32 75 31 50 18
67 64 26 84 10 100 107 37 11 96 107 92 12 40 78 11
25 64 25 29 106 84 17 115 50 100 19 125 3 69 15 70
5 42 26 15 14 5 53 25 101 32 117 113 73 67 124 98
3 21 127 109 106 17 96 28 117 115 25 120 56 41 62 62
83 88 77 97 93 2 122 67 35 111 52 108 50 49 78 54
70 78 35 48 95 4 76 84 119 102 76 48 15 10 110 98
98 59 67 63 62 61 2 97 44 55 77 94 104 27 20 46
105 56 95 72 60 43 28 51 17 104 99 32 114 81 2 84
13 69 20 75 2 22 44 46 77 121 13 53 20 33 100 126
89 67 70 21 110 99 73 0 75 44 32 62 126 35 18 11
104 38 86 107 61 2 25 10 123 38 64 15 72 36 13 33
103 84 55 85 55 0 85 2 44 118 64 42 25 83 53 1
121 11 108 54 13 6 65 8 44 1 24 116 37 37 22 12
121 77 97 48 77 55 51 121 45 115 36 70 70 89 71 64
101 52 118 114 58 55 123 102 56 19 91 93 56 113 105 50
62 75 98 11 2 21 4 47 9 40 117 79 2 60 15 103
112 6 89 42 61 84 17 118 103 108 83 32 93 61 82 27
8 52 38 10 74 42 57 83 83 46 34 85 106 50 60 91
56 21 5 117 106 22 107 81 2 63 113 95 124 67 122 4
120 32 14 66 75 71 21 30 117 55 115 95 105 47 58 33
68 64 23 46 86 2 0 89 65 113 56 61 53 51 65 45
83 79 111 30 22 4 60 11 59 47 107 37 94 37 70 35
101 93 81 60 96 81 21 33 67 77 95 120 0 32 37 84
112 20 114 6 24 47 18 83 94 125 120 61 34 63 96 8
28 49 68 124 3 89 30 70 38 125 62 39 29 99 123 13
119 109 20 15 28 38 98 123 35 91 56 69 26 24 77 54
73 17 51 76 106 81 18 17 78 80 56 107 51 51 121 42
50 21 122 70 72 32 47 47 11 94 47 38 3 85 20 44
53 119 61 46 66 100 25 45 15 93 125 80 3 127 60 54
21 54 124 93 86 43 12 97 10 59 8 13 16 28 58 70
19 119 116 85 91 13 2 106 106 0 58 109 127 118 35 20
45 32 113 3 75 125 101 85 57 109 99 73 9 29 15 28
20 3 114 111 16 116 89 122 116 20 104 116 10 11 8 55
43 122 59 119 119 32 76 48 13 47 122 22 76 9 50 96
13 36 79 29 25 41 24 13 61 0 1 71 11 10 127 55
4 58 46 123 90 122 44 103 42 38 125 118 47 47 87 60
84 38 90 109 79 114 122 12 114 124 84 125 6 83 52 10
13 98 5 103 93 49 78 7 87 75 125 7 122 84 67 78
123 29 59 74 15 54 87 1 50 43 127 56 126 51 66 11
22 71 114 115 121 64 122 80 11 119 87 5 76 27 84 71
56 15 17 72 69 104 73 119 19 72 47 17 124 113 28 18
57 14 5 50 78 127 2 89 118 90 95 66 117 51 9 45
66 27 117 8 3 63 127 23 7 47 40 3 32 69 21 89
83 26 11 34 25 14 123 16 104 90 82 93 13 92 10 80
119 0 88 122 63 87 17 70 6 58 74 39 127 95 0 82
122 12 116 19 26 112 35 2 74 118 95 88 82 105 40 73
105 0 67 40 87 85 111 94 15 57 5 14 24 5 96 18
17 85 38 43 69 73 45 15 63 12 103 17 118 15 90 95
15 30 8 103 115 119 69 2 48 74 16 72 79 112 91 97
69 1 12 10 74 58 26 10 70 1 27 60 17 118 28 32
20 36 7 7 27 76 9 75 22 25 19 102 9 110 71 79
111 83 89 58 13 115 68 84 117 95 16 6 85 44 38 105
80 46 112 107 122 121 54 17 18 74 119 28 56 62 107 40
17 68 98 31 56 38 115 45 5 3 51 91 48 89 68 0
7 53 108 2 46 34 19 65 108 10 93 37 72 72 77 89
12 47 120 68 85 107 113 90 111 36 53 31 126 122 31 5
47 11 7 93 46 26 30 26 36 123 63 108 67 12 70 80
59 62 20 16 42 6 107 25 42 32 56 40 26 87 46 73
99 53 39 17 80 69 43 116 65 107 97 4 119 39 84 51
23 59 58 89 126 14 34 20 42 108 51 45 55 31 77 65
8 19 126 31 16 113 5 91 122 86 118 22 36 58 78 60
117 8 21 116 23 55 8 65 35 59 110 90 91 60 27 99
79 26 3 96 11 8 59 5 94 49 28 3 107 106 63 97
114 84 85 9 12 93 75 47 25 57 10 116 117 37 87 69
63 90 37 75 98 96 80 65 17 108 68 124 86 3 93 73
87 50 82 99 16 29 19 41 87 29 29 76 66 116 17 2
79 54 77 49 22 29 114 39 10 54 36 96 57 1 41 17
52 124 116 68 25 7 109 112 36 10 61 103 126 78 105 77
5 54 127 27 83 113 67 93 40 103 62 97 104 103 114 28
99 103 96 125 110 77 109 19 87 42 122 86 121 99 35 126
25 34 25 108 20 92 74 60 67 8 29 44 111 16 72 83
119 41 80 101 118 61 120 78 104 114 36 97 85 71 95 110
106 120 91 126 85 37 58 24 45 87 68 28 103 13 111 94
54 63 68 44 125 60 122 101 47 30 70 4 102 37 115 80
29 78 78 114 115 8 11 32 95 79 60 71 92 44 37 18
107 105 63 104 38 57 77 85 88 19 89 62 56 76 14 86
26 92 72 13 100 83 45 67 35 106 10 127 22 48 18 1
25 81 106 63 10 55 20 98 75 110 32 3 58 46 89 85
10 34 98 110 117 16 50 24 122 60 24 16 108 42 17 6
123 123 69 5 51 90 104 126 72 8 1 2 55 91 87 65
125 58 48 114 74 98 11 68 30 35 84 11 77 101 17 72
97 86 77 20 48 53 18 120 62 19 123 117 110 82 54 107
12 102 94 86 72 105 26 103 12 110 114 89 84 3 33 53
89 110 73 10 36 91 2 98 110 125 87 93 80 13 72 92
116 38 51 60 15 77 35 27 60 21 116 16 24 21 69 114
4 14 124 40 105 126 10 87 124 97 52 76 110 125 40 98
35 91 31 51 41 66 78 101 88 67 117 112 88 58 98 92
72 94 4 49 93 14 8 89 111 61 37 94 58 77 64 93
41 95 16 82 34 95 55 122 34 44 106 122 102 77 87 46
43 91 95 8 106 103 97 89 36 6 55 94 84 120 60 125
87 76 79 121 43 6 115 77 50 94 72 24 43 31 70 86
97 66 5 125 39 41 66 99 106 106 64 37 115 43 33 28
83 89 86 103 42 28 88 46 45 45 93 87 65 102 40 34
40 45 32 80 87 98 51 65 76 115 102 63 31 8 92 114
97 50 89 11 78 49 57 123 94 22 83 32 125 123 66 37
41 98 117 0 68 41 65 16 28 40 80 59 48 44 46 17
94 7 28 45 57 85 40 23 107 123 55 104 119 122 14 32
92 3 32 33 44 97 49 73 9 1 4 57 45 50 74 12
58 102 57 115 59 97 10 39 93 66 15 84 60 29 116 24
33 20 57 77 117 107 22 127 108 27 56 26 77 3 38 7
105 95 122 37 64 5 76 29 71 91 113 3 121 101 27 26
121 85 103 111 64 126 110 44 25 38 70 102 41 108 110 19
75 104 56 12 109 4 41 52 95 27 55 88 0 83 114 122
40 90 105 104 88 87 20 113 125 91 87 39 71 69 58 19
46 114 31 27 118 72 80 85 99 7 46 100 90 32 94 2
122 71 106 82 30 127 67 27 90 27 66 33 96 124 52 14
110 83 42 100 28 122 58 127 1 104 99 92 8 65 94 3
8 73 85 38 72 25 66 34 52 4 67 20 1 120 35 111
75 77 84 103 71 14 103 72 118 74 36 126 12 3 1 20
76 87 59 20 112 125 54 36 1 121 56 2 113 91 114 61
40 70 36 111 84 11 56 74 86 92 72 98 95 74 118 43
33 49 63 17 46 117 53 48 111 109 50 96 73 36 29 113
106 66 97 62 77 25 8 35 117 81 5 85 27 124 0 60
45 64 77 92 53 2 12 36 111 62 5 56 99 34 42 77
100 11 12 50 36 20 85 25 101 91 110 0 87 111 60 4
47 9 96 100 11 108 9 123 43 14 51 14 48 93 91 21
104 103 71 12 124 28 38 97 119 20 98 78 3 30 83 50
40 51 23 51 32 32 46 75 46 98 89 94 63 52 115 40
28 58 52 24 87 90 121 78 111 91 29 114 122 112 37 34
35 60 85 67 92 4 14 10 102 103 104 37 28 92 77 56
22 2 80 109 92 73 60 75 37 89 62 31 73 99 65 108
31 22 48 123 26 62 5 0 38 109 38 66 73 115 122 96
117 74 77 82 19 9 29 56 98 91 87 43 62 24 24 93
2 96 49 25 48 72 49 55 70 19 67 6 9 76 72 21
51 40 53 44 42 121 49 33 39 94 118 117 28 57 34 30
25 83 56 73 27 105 0 97 125 67 103 6 16 47 27 67
87 80 111 1 73 32 34 113 127 24 102 27 81 8 58 106
91 114 52 118 91 52 87 88 120 62 94 8 109 121 75 68
73 58 69 19 91 103 4 90 0 106 117 81 114 47 60 77
33 112 67 125 36 26 85 28 88 52 36 69 45 111 9 119
42 78 10 5 53 14 95 53 120 84 7 106 4 67 55 37
51 122 34 87 20 120 116 108 44 24 49 89 8 58 80 50
8 90 55 61 104 22 115 96 106 122 74 110 61 1 20 112
123 54 71 15 46 59 123 90 84 44 52 92 102 4 14 110
95 69 44 71 91 31 40 69 25 114 52 86 116 72 70 111
126 13 127 45 73 122 7 29 39 59 121 13 64 7 124 31
76 40 102 39 71 14 108 96 1 32 54 117 104 124 100 103
9 99 20 82 94 27 111 5 87 104 18 23 111 14 54 59
54 28 98 125 43 79 93 44 111 19 33 88 15 5 63 25
105 83 107 71 110 91 76 69 67 94 92 51 109 18 110 35
47 81 33 90 32 126 6 15 18 39 103 33 44 38 58 21
121 38 92 104 1 40 45 68 7 10 119 116 28 102 23 75
55 56 37 87 55 43 102 73 82 78 106 127 116 37 20 110
75 113 86 76 25 3 16 32 13 8 20 42 110 44 117 37
100 27 124 27 70 98 100 25 48 79 24 37 116 44 19 63
29 105 11 55 108 27 87 122 35 108 36 17 24 25 54 124
52 50 24 123 21 124 20 69 75 44 106 63 88 125 126 118
102 9 45 83 37 4 77 72 112 113 90 8 10 16 5 63
67 29 58 88 25 78 29 101 122 8 36 82 5 35 72 108
44 117 63 81 122 12 26 106 125 116 115 7 4 120 70 71
21 0 31 46 78 61 19 72 69 56 27 74 91 99 54 7
89 117 89 83 1 115 61 126 103 48 6 107 40 76 51 61
77 82 108 27 15 127 100 84 55 127 31 18 98 85 26 59
75 115 14 76 102 76 75 77 124 81 56 37 29 107 98 106
62 78 6 77 78 106 34 5 105 65 24 75 22 50 7 97
66 44 32 38 84 53 48 98 62 33 112 3 81 47 80 76
8 120 100 13 11 120 18 86 82 11 118 90 33 66 120 99
110 24 9 66 78 57 37 12 91 21 15 44 68 95 120 76
87 92 89 98 84 107 56 39 118 46 1 23 112 121 122 95
18 4 33 96 61 70 108 24 91 123 68 32 90 61 108 49
25 70 19 110 49 75 21 40 121 22 63 105 15 58 72 33
62 106 1 123 48 109 20 12 104 88 44 66 21 24 115 47
94 6 29 16 81 50 56 74 72 119 52 87 49 124 121 111
102 122 107 23 104 127 35 80 87 79 19 109 103 6 28 70
13 57 86 94 107 14 41 51 5 93 10 55 89 3 38 64
126 17 87 102 16 122 54 104 73 73 85 48 80 113 118 93
42 76 59 21 90 100 72 96 65 82 23 27 86 61 91 84
79 50 58 95 44 112 71 117 58 28 37 10 13 28 103 55
104 34 76 67 7 20 35 72 103 58 99 61 119 62 17 70
112 75 38 28 59 109 17 117 10 55 127 23 83 102 79 59
9 27 126 16 48 33 88 23 91 60 84 83 122 101 25 107
48 63 7 107 45 25 97 55 80 96 78 35 71 29 94 80
57 93 96 105 126 56 0 90 116 84 45 111 57 70 90 105
6 97 84 51 122 53 106 74 22 56 109 93 86 76 45 15
41 13 120 39 69 120 1 58 76 46 41 5 117 3 110 123
100 66 46 95 120 24 41 14 80 23 107 38 99 24 53 12
37 45 51 106 37 53 36 113 99 77 118 88 80 100 83 53
39 1 20 31 25 61 45 106 84 24 16 55 48 70 67 85
115 119 63 25 44 100 10 15 49 1 104 2 101 59 55 12
61 75 43 86 8 88 64 93 112 81 20 32 23 88 117 10
79 53 35 123 25 46 10 74 47 114 76 20 46 3 33 107
78 76 65 87 37 2 52 21 83 72 54 106 32 43 116 111
96 24 106 121 70 117 68 117 103 16 9 21 20 42 0 98
119 66 57 28 68 109 49 23 54 103 1 86 19 117 70 115
13 48 109 83 37 49 72 13 65 82 34 85 124 35 56 115
101 113 15 41 95 65 64 21 40 65 107 59 54 49 47 68
98 28 23 7 77 96 20 14 50 55 100 46 90 28 34 63
5 49 79 100 100 29 23 77 24 1 74 37 74 13 46 41
33 93 44 22 35 122 49 7 29 37 66 72 115 1 50 121
50 1 93 23 30 116 100 54 118 46 91 64 60 10 105 93
103 22 116 10 16 37 18 45 75 84 118 62 85 40 55 8
41 20 31 72 9 3 126 127 50 90 63 110 100 41 75 75
63 63 85 79 101 103 125 48 59 115 110 17 27 38 25 68
58 56 12 67 59 11 66 109 101 2 91 73 43 39 20 106
102 105 57 75 81 54 123 12 41 106 29 68 16 54 9 74
110 21 14 42 32 80 23 5 82 115 78 125 26 98 103 0
76 33 76 29 87 71 41 1 49 71 69 65 125 78 12 108
100 26 22 4 106 45 10 61 32 88 58 58 59 34 59 7
67 7 36 26 78 77 27 0 20 97 65 18 47 77 126 19
103 20 24 82 65 34 15 98 122 73 28 53 107 87 60 46
94 96 73 45 46 100 45 66 69 110 84 117 60 82 8 35
102 32 117 40 66 4 10 61 78 38 114 57 126 47 104 92
15 49 9 61 21 54 0 91 37 84 80 97 39 88 4 13
121 122 53 59 126 63 120 76 102 107 6 100 26 110 64 41
31 74 103 52 0 103 15 37 59 95 6 98 56 11 112 49
5 37 108 3 101 101 80 75 80 86 47 106 68 111 19 99
57 122 23 58 97 39 95 29 6 102 127 62 113 111 111 118
21 92 121 122 65 73 69 17 31 116 123 99 99 14 70 29
9 94 87 106 5 54 7 11 28 7 74 13 118 57 3 11
21 125 5 86 70 74 103 102 62 98 73 34 113 16 63 122
110 22 100 115 76 108 126 105 115 72 118 105 2 122 117 23
119 122 110 61 69 85 35 3 56 109 37 41 125 100 35 107
122 7 94 71 115 92 48 102 37 38 80 39 32 69 62 23
63 44 85 4 2 120 8 58 101 45 99 98 18 6 77 12
13 43 83 1 8 3 103 45 42 55 84 74 124 18 98 60
63 55 64 65 47 72 123 21 118 94 119 8 100 69 20 113
112 104 114 120 107 90 37 21 17 121 96 14 12 66 74 75
121 10 12 40 83 7 61 73 101 53 81 73 122 101 58 106
77 45 99 57 7 8 78 24 2 46 38 14 112 112 89 105
94 66 103 89 81 8 5 71 33 109 109 102 0 31 20 95
113 122 71 17 115 7 93 86 80 59 41 99 119 123 61 86
62 36 47 15 44 53 86 77 34 68 51 34 99 71 2 84
65 73 101 52 81 67 11 33 126 52 4 117 48 66 75 110
102 123 125 19 48 84 96 82 24 20 117 123 91 119 79 29
64 53 81 17 120 92 50 118 17 55 107 65 121 55 47 95
50 44 114 98 0 83 52 24 103 41 19 66 32 99 95 97
24 49 114 16 13 37 6 30 92 113 95 85 40 14 52 90
59 39 60 59 122 113 84 97 26 103 35 59 74 3 28 98
52 14 114 65 51 120 96 15 106 63 100 18 78 25 109 9
64 41 68 58 26 24 27 53 0 62 112 74 65 12 45 117
26 31 55 78 24 23 93 2 86 66 20 36 91 1 45 27
43 114 85 69 10 112 122 10 46 106 85 112 118 2 101 17
33 28 95 57 51 60 59 10 126 80 46 89 81 92 116 124
78 73 66 88 57 60 99 104 39 56 88 29 58 61 46 91
90 13 21 13 74 80 23 72 32 70 34 114 34 22 110 112
96 48 72 25 109 43 1 20 99 89 49 29 23 96 121 113
109 14 126 55 94 22 0 127 92 34 113 126 56 95 110 24
16 54 50 125 98 51 17 69 13 66 99 36 34 92 21 16
106 19 71 72 41 71 71 5 105 56 3 34 24 113 58 40
40 108 37 10 32 54 79 45 120 50 81 27 14 102 43 120
121 114 65 35 58 8 40 35 65 44 69 89 29 0 1 69
108 38 79 12 92 31 57 84 81 10 111 96 112 26 88 106
13 25 13 71 34 53 106 99 97 48 60 127 48 61 68 28
99 20 41 63 51 98 19 4 109 3 100 93 29 61 71 42
86 84 113 120 10 92 91 107 12 23 106 60 84 47 88 55
67 1 118 118 100 10 122 81 13 95 46 42 28 118 85 114
74 70 107 84 34 70 64 46 94 42 106 50 89 67 106 28
68 96 18 40 106 13 121 119 108 40 34 8 30 119 122 104
61 101 61 96 44 125 14 10 39 121 60 1 60 38 29 0
7 48 41 113 61 34 105 41 74 11 49 104 2 43 81 63
17 14 31 61 11 46 71 50 39 3 51 99 42 81 99 49
103 0 68 118 98 119 76 67 8 50 33 52 76 59 90 113
102 114 53 29 1 92 80 85 65 29 103 99 104 87 102 79
87 42 70 57 34 18 124 42 68 30 94 16 89 56 1 63
42 55 92 43 19 45 0 84 74 103 55 50 62 30 1 21
72 71 78 106 89 75 20 30 105 114 46 66 43 48 1 85
103 93 1 122 10 1 78 84 105 6 6 39 36 8 61 108
79 11 87 41 86 107 71 63 94 117 1 9 37 2 94 12
96 95 6 106 97 85 63 74 91 69 113 127 77 46 107 29
58 66 70 16 46 13 80 12 2 81 21 40 84 115 52 52
83 59 30 52 16 93 126 107 35 111 106 112 30 85 13 88
24 83 104 70 96 56 82 99 10 103 11 94 90 63 18 45
122 48 97 10 14 95 117 49 79 95 33 109 53 47 69 77
2 45 19 99 102 101 70 112 76 81 78 38 16 96 84 11
16 53 21 30 21 11 79 100 106 113 81 31 32 22 108 34
67 127 5 41 100 75 25 48 28 103 87 45 71 43 56 88
96 77 118 117 88 70 89 67 55 42 98 87 64 79 121 4
78 127 45 51 74 71 99 103 46 58 20 118 101 76 78 70
25 68 59 114 10 21 53 65 63 23 24 0 102 18 4 53
17 49 104 91 120 75 66 39 6 86 29 107 34 107 49 60
47 109 46 58 2 99 123 65 122 20 65 97 38 69 22 55
119 126 18 111 73 85 22 79 43 51 59 78 30 108 10 78
89 56 8 91 27 3 29 21 23 94 118 61 36 12 116 27
10 7 10 84 92 33 35 7 84 94 85 115 75 95 65 36
23 73 0 50 76 29 72 100 123 62 33 31 75 22 58 85
29 69 41 121 102 77 0 58 43 86 45 118 53 110 27 77
55 27 127 4 56 71 104 51 6 9 83 81 31 13 38 60
82 80 53 56 29 54 115 72 12 32 63 65 15 90 14 70
117 14 74 45 85 50 96 91 60 51 44 91 65 83 24 19
35 77 76 64 3 63 8 15 95 71 81 110 33 95 53 22
109 127 67 67 50 36 30 110 87 75 73 24 30 97 44 65
47 120 1 50 55 9 66 22 81 19 5 114 114 58 9 96
57 76 35 107 112 65 89 72 12 35 96 42 4 12 107 51
8 14 67 45 95 100 63 71 62 43 20 119 71 11 47 66
18 48 23 103 119 98 119 100 88 56 87 10 93 125 62 101
12 1 18 107 102 81 50 36 124 70 27 68 81 74 6 99
122 30 75 113 0 66 86 89 122 45 99 87 42 34 60 54
35 79 33 9 32 83 45 29 25 72 97 107 19 103 78 13
5 25 127 6 92 85 95 86 2 66 46 44 100 106 99 8
57 4 17 90 88 63 119 113 7 88 92 26 63 43 40 69
68 39 75 32 124 42 119 126 108 37 42 81 15 13 89 73
18 106 35 106 41 26 91 49 114 56 75 49 99 115 118 39
26 65 72 22 107 63 20 88 100 63 41 115 76 2 60 94
108 95 72 22 121 36 71 107 92 18 29 63 6 19 102 32
85 46 55 64 109 75 24 81 10 65 69 87 67 1 53 48
97 126 70 90 34 13 70 126 31 99 61 37 118 35 70 75
82 125 12 63 72 36 17 83 102 86 42 41 87 95 89 56
93 31 19 127 44 89 125 76 60 58 113 50 94 55 126 48
52 10 111 125 46 0 80 20 86 122 62 46 89 23 102 55
55 121 54 99 82 52 47 14 110 33 65 76 88 63 124 13
73 108 10 119 108 90 12 67 84 74 113 45 97 87 100 24
81 27 124 35 79 43 50 61 76 115 10 37 50 6 50 123
114 60 114 95 22 126 34 106 72 19 23 42 106 124 66 59
23 62 95 102 106 17 35 54 4 45 91 54 52 13 49 38
73 35 5 95 34 39 73 106 58 97 20 37 93 87 96 116
21 63 90 127 80 125 54 84 43 17 10 95 31 59 5 104
95 11 72 1 50 17 107 109 114 0 18 79 87 114 67 108
50 29 108 2 27 34 87 70 51 97 37 82 29 42 59 124
53 3 125 104 20 104 85 7 104 103 86 63 89 26 44 11
55 24 14 82 58 101 24 109 70 61 64 99 104 123 95 29
126 92 5 18 69 90 25 45 65 112 109 27 10 25 38 65
49 52 20 107 25 44 88 96 106 24 67 82 19 35 111 17
127 117 36 68 79 61 114 17 45 95 44 55 120 82 121 41
7 13 20 32 57 108 0 35 5 68 117 24 103 101 42 102
90 78 43 41 11 29 58 57 124 102 112 116 57 105 29 64
