37 95 70 79 64 49 93 19 127 110 106 85 67 109 118 46
102 88 87 66 33 96 61 85 64 62 41 20 84 81 118 121
48 60 73 112 110 38 4 109 20 110 66 87 91 57 5 65
17 93 4 50 61 65 7 126 127 48 18 83 1 8 77 50
69 22 34 51 60 38 32 81 20 98 40 111 27 46 49 44
11 53 94 72 118 101 70 118 21 89 73 23 97 22 73 38
44 107 89 105 18 121 58 38 92 98 22 119 16 71 36 27
124 2 100 114 104 42 104 125 3 50 20 101 72 93 11 117
73 101 94 91 94 24 1 58 122 23 50 11 94 86 38 90
88 10 77 64 53 53 62 56 103 82 29 48 48 41 37 121
14 3 84 108 27 85 39 21 109 89 32 75 47 71 38 7
81 115 72 6 40 6 63 16 88 92 64 8 5 101 1 19
104 85 0 3 43 39 24 24 0 57 99 47 0 9 54 81
124 126 88 37 4 23 53 93 115 117 101 121 90 103 12 66
60 12 69 103 51 93 127 51 22 99 98 22 108 25 104 105
23 64 14 28 87 67 121 74 56 94 67 18 69 80 84 2
92 25 105 16 118 105 67 13 76 38 35 56 63 11 33 86
75 47 114 34 114 107 109 42 74 48 60 15 0 16 17 93
41 123 109 32 100 48 45 48 86 80 104 21 92 10 108 39
57 94 74 44 74 55 86 20 103 19 35 104 35 53 69 77
48 50 109 20 98 26 68 57 106 44 78 70 54 58 110 112
25 56 28 99 111 114 119 86 5 26 62 41 79 3 118 127
53 99 19 24 125 87 81 103 4 31 46 58 90 28 42 115
84 70 86 67 57 77 25 62 103 88 103 55 91 93 54 17
64 74 41 61 33 122 37 37 25 83 96 115 111 10 102 67
81 60 6 10 9 31 72 113 119 48 40 83 13 94 100 78
40 13 11 74 7 48 111 32 3 79 20 114 90 122 53 43
55 59 53 64 91 125 49 82 45 89 37 59 56 9 9 96
22 20 42 29 69 26 62 72 105 82 59 67 76 112 110 3
44 35 68 7 33 117 89 78 79 127 9 7 8 18 103 31
39 18 60 108 44 122 52 21 76 111 89 25 96 71 28 12
107 96 19 12 86 108 90 37 107 100 44 116 118 19 19 29
57 22 35 116 7 99 117 100 38 31 98 45 81 46 11 88
28 36 107 108 44 37 119 73 31 37 92 27 97 76 88 26
98 123 14 106 94 3 78 4 34 48 50 115 95 61 75 123
98 55 103 14 92 94 88 123 3 52 23 100 1 111 126 99
106 12 77 72 15 27 76 49 76 126 37 43 60 112 38 30
39 14 44 4 108 4 127 112 57 22 84 58 5 83 29 111
95 107 55 111 6 4 32 82 2 69 125 62 54 36 92 93
50 9 97 30 13 97 14 70 119 99 0 125 54 30 108 21
9 36 4 15 40 37 98 42 106 95 105 32 3 69 126 53
78 95 84 92 64 98 34 56 69 35 53 123 65 33 17 74
69 21 89 109 58 59 24 37 27 1 69 30 70 67 84 21
35 40 113 99 10 19 27 80 54 80 75 119 114 92 65 55
114 27 37 44 86 61 81 113 62 23 16 4 90 100 25 125
12 10 97 22 30 124 102 84 77 50 76 63 14 13 118 0
40 27 45 127 88 126 112 22 21 0 27 112 100 52 109 112
63 78 7 93 75 109 49 24 31 125 87 46 11 77 46 51
105 91 50 65 90 35 88 111 35 115 95 8 39 77 120 102
27 127 67 102 109 117 126 12 114 85 58 125 35 105 49 12
68 99 77 30 6 37 14 42 24 109 50 64 58 42 38 86
42 106 60 23 95 59 35 81 16 94 79 51 71 0 63 11
99 13 42 106 50 56 20 75 37 70 11 96 112 49 54 26
27 114 49 122 45 85 76 62 51 27 113 122 27 49 5 126
62 47 104 112 103 124 59 13 66 70 109 51 120 35 77 19
21 127 14 67 84 90 1 7 117 114 1 16 35 6 14 97
54 119 82 29 115 13 42 54 84 23 105 76 58 54 95 80
53 109 19 9 71 20 16 60 6 17 76 42 24 91 11 78
82 93 107 69 107 22 123 63 45 100 11 104 27 106 56 80
88 75 90 31 95 106 92 101 124 40 15 20 3 27 98 85
120 77 27 99 99 22 34 17 123 45 121 22 24 49 102 112
124 64 15 91 43 107 64 39 20 80 59 23 107 29 109 99
106 8 71 78 30 105 95 25 23 88 47 47 9 22 31 5
86 46 96 1 26 32 40 46 112 99 69 91 0 50 63 107
100 117 56 36 7 100 107 31 74 119 47 50 77 103 78 98
103 84 14 80 0 69 101 68 17 113 100 124 114 14 103 86
3 31 122 10 4 102 41 78 93 88 0 42 64 78 12 39
35 26 119 35 95 93 104 112 78 76 108 65 90 84 23 93
115 18 104 119 120 17 70 85 106 70 127 42 21 11 81 56
38 72 91 5 37 67 118 116 16 98 53 106 54 76 72 42
94 48 33 86 65 103 43 43 46 42 85 67 54 38 123 92
111 86 97 20 26 87 8 42 58 61 20 112 10 92 26 104
12 60 63 78 35 106 121 81 21 79 20 75 117 15 39 100
102 8 121 0 96 1 42 26 63 62 10 73 27 37 49 39
97 112 117 4 91 111 86 112 62 106 59 51 122 98 24 96
106 17 96 74 18 10 100 81 72 111 26 99 20 76 11 117
60 0 121 23 111 79 7 45 58 66 97 52 36 121 20 15
10 116 89 28 126 62 110 70 45 8 42 65 84 53 54 17
53 47 40 37 127 48 82 57 114 51 109 23 44 1 38 54
117 127 83 115 61 65 57 106 73 99 43 30 24 97 47 78
17 87 115 16 7 69 73 122 121 54 17 37 55 55 92 44
54 47 31 116 112 88 94 57 60 10 87 84 107 6 34 124
94 21 12 101 91 85 95 84 11 112 121 66 39 85 110 94
4 13 82 116 102 48 46 34 58 5 118 38 12 25 34 106
46 47 79 9 4 47 93 16 31 87 82 71 44 65 37 49
78 119 37 52 39 83 86 98 89 77 8 101 102 42 79 20
89 30 30 94 77 123 110 109 82 64 52 127 1 89 48 80
80 85 4 119 41 91 89 2 40 97 103 14 12 54 34 101
84 64 67 34 60 49 15 14 114 67 13 115 28 61 67 108
19 72 99 60 35 61 62 75 30 37 89 42 91 123 16 47
60 83 81 120 5 96 6 119 35 20 106 63 81 46 43 100
118 15 32 25 76 94 100 106 3 61 21 94 56 37 14 116
120 95 108 125 64 115 116 99 7 95 35 88 13 78 61 3
93 93 28 41 60 0 20 63 61 41 30 117 78 44 106 70
11 86 68 75 73 56 47 80 23 82 41 36 32 102 39 126
67 67 39 127 67 59 63 0 100 93 118 50 9 96 121 20
127 16 74 87 28 125 68 76 25 100 64 46 68 82 123 50
60 107 29 33 79 43 70 31 96 22 27 40 115 118 52 115
6 127 74 34 124 15 110 22 115 47 68 56 1 64 106 62
43 7 95 122 51 37 25 19 59 52 59 46 42 112 33 48
111 108 82 107 123 65 1 110 112 70 38 113 6 17 47 49
24 14 43 75 51 68 94 110 120 26 29 35 10 62 83 121
42 38 100 37 103 102 20 87 44 58 72 50 75 120 99 100
6 14 47 58 82 14 40 74 40 69 109 50 4 65 43 46
103 15 84 78 117 104 37 33 34 109 83 110 101 54 82 108
68 1 38 22 15 78 97 55 20 78 105 24 15 20 70 118
36 26 68 25 2 105 59 37 87 14 19 60 69 101 40 9
102 78 32 118 29 1 45 49 79 23 73 95 43 15 85 79
42 26 105 44 3 36 81 90 50 100 23 119 73 63 1 48
14 33 38 43 34 83 92 113 106 37 80 22 52 38 101 94
64 78 11 67 114 92 30 37 65 53 28 10 116 29 58 2
62 96 45 96 52 9 82 30 46 34 52 99 72 26 65 8
104 76 76 91 41 106 0 106 31 28 116 19 58 47 22 120
15 67 89 67 77 43 98 123 77 22 94 22 48 32 30 25
108 106 116 21 84 116 127 115 16 116 7 74 35 29 67 50
96 28 118 45 71 88 41 20 110 7 42 31 39 73 56 20
51 44 41 8 32 41 123 48 29 2 123 64 31 62 114 0
90 104 45 33 64 86 53 47 94 96 78 5 41 6 25 92
50 67 100 82 108 96 2 9 98 125 73 2 59 59 2 21
36 47 54 100 6 108 19 100 76 97 105 117 103 3 81 25
70 54 107 50 22 110 59 120 107 4 122 39 63 124 60 99
44 115 72 50 95 91 22 43 61 127 32 36 2 113 62 72
39 41 122 61 23 53 54 3 57 48 42 121 45 102 92 89
89 36 11 56 0 33 99 61 32 3 97 35 117 31 107 28
73 102 90 96 27 16 99 85 64 13 78 109 116 42 70 77
79 81 6 79 114 105 12 19 109 109 54 98 13 33 126 86
7 88 54 35 104 26 120 41 39 70 22 27 112 93 105 63
46 111 14 33 88 26 52 69 8 106 39 21 11 38 107 19
124 48 9 109 36 0 78 73 17 47 44 99 96 58 22 64
100 85 124 107 127 105 45 77 16 38 32 82 115 102 2 111
22 12 93 58 12 43 3 29 90 47 0 58 106 23 122 78
108 118 57 108 95 102 57 112 13 89 66 0 63 68 112 85
80 77 16 92 120 19 122 82 67 122 12 45 17 6 123 126
124 52 106 91 26 35 75 39 124 13 40 60 82 24 17 34
101 33 127 93 53 121 47 120 115 59 37 5 65 32 3 61
84 109 24 110 16 100 22 12 113 62 72 67 86 90 102 59
123 101 24 48 94 71 40 81 2 77 86 67 109 89 0 65
70 24 48 86 124 70 99 110 4 43 49 90 5 23 21 1
124 45 49 90 116 90 44 118 39 2 57 21 92 57 86 34
81 6 121 78 76 92 60 80 7 109 42 13 5 63 14 1
108 63 92 96 25 8 86 65 10 15 86 102 72 44 9 26
51 2 104 127 94 36 80 101 17 122 114 22 58 0 24 38
64 116 7 89 124 93 26 6 109 112 109 53 29 118 79 80
120 55 79 86 91 31 59 109 26 46 3 84 46 27 122 110
15 1 72 11 95 98 18 76 83 127 1 112 117 81 64 109
8 15 67 100 47 126 81 73 44 84 29 91 112 23 73 127
25 17 11 120 116 29 68 71 28 69 55 17 22 119 126 31
6 65 3 53 63 84 126 108 40 27 71 24 51 16 24 76
34 35 68 22 64 8 93 92 77 20 109 100 11 107 3 17
44 6 71 107 90 69 87 2 97 30 27 20 47 51 96 81
86 36 103 22 44 68 114 121 88 95 93 99 74 96 116 118
102 59 97 64 1 57 67 98 87 94 118 6 17 86 87 103
122 62 125 38 2 111 31 90 78 125 61 24 93 50 14 68
109 111 4 110 40 71 80 0 37 70 6 54 28 94 29 22
28 26 60 31 9 92 121 87 89 55 111 54 105 125 122 86
109 127 69 21 70 21 21 108 92 28 34 120 122 64 15 22
90 75 53 100 39 47 59 0 102 43 55 79 40 49 37 21
48 106 43 119 0 64 99 92 92 5 84 86 69 99 109 32
47 34 4 86 81 63 87 55 106 14 6 19 63 44 40 112
22 83 103 22 20 74 114 112 79 71 71 21 42 52 53 89
49 116 122 78 70 30 59 17 26 102 124 59 25 91 60 115
41 84 69 79 20 84 64 35 17 93 77 124 19 12 75 68
1 69 19 71 100 78 89 126 52 85 57 77 49 117 64 90
73 6 42 93 90 106 1 107 71 78 103 90 91 50 31 92
120 50 35 92 0 124 90 52 82 19 2 3 8 66 93 81
72 7 46 35 113 47 14 56 126 118 19 89 40 50 53 32
100 88 124 100 85 86 24 39 105 26 42 113 93 7 66 37
15 113 72 0 32 87 57 30 77 76 119 117 126 44 22 98
5 18 70 90 105 94 1 82 121 43 68 86 50 6 123 65
119 68 66 24 27 123 54 104 71 46 93 69 90 115 39 95
6 109 57 111 75 58 65 68 101 5 26 24 12 22 89 3
90 27 27 117 22 82 93 93 0 58 34 90 46 73 58 52
54 115 35 2 46 100 70 19 106 97 43 118 119 5 121 81
32 21 70 55 103 35 20 103 93 55 65 11 0 123 63 55
111 98 57 29 71 127 48 49 96 92 39 87 97 32 40 1
53 110 56 28 17 77 3 111 4 69 122 4 64 58 59 47
28 116 76 99 116 125 20 84 89 59 44 58 92 84 59 17
67 116 46 84 65 49 67 69 118 62 73 55 120 5 102 20
121 51 120 109 48 12 66 9 72 110 67 36 66 126 53 5
114 99 90 51 21 29 120 11 91 66 66 83 71 41 104 64
92 96 46 12 108 112 21 52 94 88 88 32 86 14 38 73
113 0 124 6 29 117 18 121 55 84 76 126 125 52 62 89
20 108 101 1 92 122 53 58 82 14 91 41 28 1 114 13
1 110 20 30 99 38 23 26 122 100 24 120 24 87 81 45
67 55 46 32 49 99 90 4 113 53 45 13 54 31 27 55
13 47 86 113 85 109 11 79 81 36 71 106 123 25 23 62
80 69 94 1 40 57 5 26 110 50 39 37 81 66 92 95
113 50 80 70 32 91 22 113 127 93 91 122 118 114 57 70
55 23 72 96 80 77 122 63 0 33 100 81 100 64 48 85
115 0 28 19 92 50 4 91 15 96 86 6 82 15 76 10
38 20 106 119 98 100 54 98 5 26 51 105 90 100 63 77
100 91 96 64 13 101 28 28 69 114 34 23 1 111 33 39
86 49 51 23 117 38 22 41 5 43 80 112 107 90 114 45
28 72 39 117 108 63 10 94 59 124 87 54 103 111 127 62
32 50 85 21 88 108 63 93 23 15 77 2 105 64 48 5
8 87 122 116 22 4 83 81 0 42 7 104 25 6 38 58
56 123 79 16 103 14 110 126 29 59 1 6 123 49 11 4
8 5 120 30 10 75 111 10 118 118 114 15 125 24 73 53
20 25 70 123 39 52 122 69 111 123 75 107 44 87 111 52
92 103 82 102 51 65 113 41 55 99 56 52 124 2 106 16
27 48 11 66 100 5 7 83 0 83 62 44 42 45 96 6
21 50 109 72 115 94 113 43 65 41 95 61 43 73 77 70
121 89 9 93 94 16 49 95 99 111 11 13 29 108 20 50
30 1 122 18 95 107 61 32 20 28 94 64 102 43 6 95
4 15 61 99 32 110 66 3 93 77 17 122 57 37 44 88
38 38 106 5 17 39 37 38 67 3 102 41 47 108 9 51
124 70 22 28 52 88 31 17 38 48 12 95 85 56 55 123
95 33 0 112 72 38 22 12 41 124 53 88 105 62 12 101
4 34 1 56 123 32 74 33 81 86 0 38 14 56 34 109
89 34 94 34 72 116 46 114 113 99 74 90 34 86 63 38
121 64 95 116 96 41 21 49 127 21 88 13 77 122 123 39
28 89 73 101 77 119 87 62 90 33 24 124 120 87 35 113
23 2 101 120 43 122 41 42 15 1 55 93 123 50 4 24
11 77 125 89 68 84 23 30 117 48 27 109 7 62 94 31
64 67 23 107 61 64 21 77 66 76 42 61 127 46 85 10
123 82 99 63 38 123 93 28 43 120 9 50 54 104 81 118
43 104 97 105 41 118 54 107 67 96 40 66 14 126 76 9
80 48 72 119 43 37 19 86 30 28 8 84 4 90 75 48
66 44 25 107 35 79 86 102 47 127 40 61 125 116 70 77
36 14 68 79 51 87 37 81 116 46 38 120 8 113 40 74
29 65 54 64 16 12 38 63 11 78 124 8 67 66 86 103
80 26 55 4 114 92 85 102 10 123 94 18 108 7 93 10
72 19 74 89 31 113 24 43 63 21 51 2 87 9 106 40
36 33 44 22 125 1 124 8 125 90 26 105 97 119 115 42
103 56 44 51 124 73 76 123 98 50 112 74 102 92 1 26
55 121 1 30 25 19 26 112 79 109 92 83 76 43 115 51
100 31 102 96 105 50 91 75 100 75 21 74 40 22 100 95
15 101 125 40 120 23 24 72 4 117 27 80 32 14 3 4
46 105 101 23 27 64 98 127 12 119 73 52 13 45 19 29
19 16 69 11 40 94 83 44 83 110 125 115 125 0 120 43
106 93 66 5 29 36 5 41 27 78 93 40 124 112 69 15
1 11 26 41 105 110 85 60 92 82 47 89 83 39 4 61
4 70 66 34 106 71 75 5 22 41 46 18 25 115 33 26
126 59 67 103 41 25 35 6 107 83 95 62 122 100 123 127
42 62 33 21 5 108 26 27 21 72 45 47 60 78 73 58
10 13 34 51 38 69 57 17 24 25 80 19 125 75 18 39
9 51 60 15 31 87 42 53 31 88 100 91 38 45 22 48
58 56 100 96 125 29 114 22 54 66 41 51 13 59 91 23
110 23 38 13 110 80 66 14 40 38 105 79 84 127 127 14
55 99 111 53 1 97 75 55 35 116 107 48 47 70 71 29
93 109 42 76 62 109 90 102 19 67 53 103 67 53 118 122
24 101 47 25 70 122 81 105 110 60 25 29 2 97 58 95
78 101 43 12 82 5 115 101 73 40 77 12 93 67 6 118
40 54 15 110 48 96 87 31 28 112 60 30 81 119 126 32
92 41 44 46 47 31 19 120 72 96 4 37 35 10 27 75
64 43 57 113 11 16 16 40 1 76 70 82 67 68 114 31
110 31 77 29 62 97 21 6 65 25 44 101 35 71 48 100
114 106 85 126 122 101 38 123 49 108 78 117 49 64 20 31
95 98 60 30 67 81 36 4 106 80 105 13 24 26 113 10
4 70 8 126 43 46 122 93 27 72 82 76 8 102 107 104
72 39 6 11 120 42 16 98 123 121 111 19 19 97 29 23
39 38 22 83 84 16 48 111 88 2 59 96 104 38 72 49
77 78 60 69 121 76 39 116 70 23 7 89 120 36 113 31
74 7 114 31 23 34 14 111 36 74 79 13 112 24 62 62
102 122 3 95 71 43 83 13 66 90 102 58 127 87 89 73
94 76 104 117 110 119 100 19 65 52 32 49 76 94 111 50
72 42 116 102 16 21 26 92 23 61 102 41 61 64 16 97
29 18 1 96 60 90 75 31 43 30 2 67 20 30 67 92
72 56 66 88 77 92 52 101 25 26 14 86 90 30 56 119
49 57 87 109 20 34 12 63 64 14 3 85 44 70 49 116
126 116 76 76 80 1 49 106 27 63 64 118 94 120 109 15
50 69 124 70 103 8 5 40 22 8 125 67 79 46 55 77
34 4 25 115 5 74 93 32 10 29 22 104 22 4 119 72
73 115 14 48 123 19 88 17 28 85 84 107 4 12 56 38
16 82 25 21 28 118 53 38 20 76 14 42 80 5 114 25
120 0 73 115 19 34 5 47 119 89 26 123 101 83 34 117
37 59 10 65 50 64 104 70 12 118 112 92 124 98 117 116
98 62 104 117 96 109 37 88 70 63 83 44 18 117 33 55
49 44 121 99 108 97 41 120 87 25 84 83 123 73 72 93
7 48 82 104 29 119 64 99 55 19 15 73 9 49 1 58
93 122 29 73 91 70 65 50 95 21 6 90 94 78 55 101
126 9 77 27 1 13 126 56 33 14 1 42 63 2 100 28
124 1 101 87 71 38 10 38 59 16 0 25 94 55 126 92
64 76 119 65 89 117 121 122 3 123 36 66 125 8 94 122
9 67 81 80 105 91 118 36 107 118 61 73 45 60 37 110
8 28 47 97 18 41 92 21 36 0 88 33 9 54 27 18
122 109 99 99 72 89 8 52 80 69 125 125 1 35 107 9
63 27 107 81 68 71 103 104 71 63 9 80 117 37 99 111
18 70 83 90 31 91 14 111 32 12 109 34 47 88 43 110
115 22 64 55 93 39 31 37 102 41 117 91 78 88 75 96
30 30 58 62 121 73 45 25 85 26 59 4 115 103 114 102
125 50 30 91 89 61 0 63 102 117 27 52 78 102 20 108
4 79 42 125 24 88 22 109 114 82 113 101 57 99 76 54
22 106 17 111 39 17 47 14 7 74 66 85 48 87 65 52
38 108 49 62 68 71 43 54 25 28 28 82 127 104 9 21
82 26 5 121 44 52 7 51 126 74 8 46 33 73 98 71
53 19 5 121 90 48 48 116 76 76 70 75 52 79 97 6
106 102 127 22 26 7 73 24 81 81 70 114 26 40 57 80
123 5 95 26 7 103 19 37 32 96 42 95 84 93 83 105
78 15 40 88 118 63 100 108 120 9 67 33 117 2 18 112
8 113 10 15 88 29 52 120 125 94 88 81 60 43 59 10
58 99 99 48 35 71 29 27 80 96 61 69 99 79 53 107
64 63 122 24 92 46 16 90 12 104 43 72 19 102 83 78
74 54 126 109 125 27 8 78 124 69 19 95 20 73 74 84
8 68 108 101 114 125 63 126 101 106 71 121 81 26 71 27
80 69 8 77 97 16 27 93 86 47 60 106 120 6 63 0
74 43 101 60 40 36 58 14 15 1 7 96 27 78 123 107
19 3 57 116 19 84 81 105 3 13 84 123 19 19 124 93
62 97 25 103 6 84 117 21 85 124 117 113 74 112 92 93
115 21 82 6 106 35 112 109 49 68 105 68 87 101 34 21
70 59 124 76 15 113 97 101 109 86 86 55 70 50 21 57
72 103 64 50 10 48 31 59 116 8 0 75 109 34 96 52
93 93 0 109 78 98 82 60 56 40 115 127 90 8 56 34
111 120 84 122 40 116 53 28 124 53 103 106 87 72 30 53
37 30 34 115 0 116 47 57 28 35 56 118 43 112 25 27
105 109 21 17 97 74 46 94 0 21 72 87 93 102 12 2
4 46 118 5 34 37 62 62 72 118 53 116 102 78 15 79
59 36 97 29 110 15 123 110 36 67 70 2 41 82 4 45
1 122 50 35 32 112 98 104 102 23 92 77 101 107 28 32
15 125 61 126 12 56 108 49 123 50 51 36 5 55 82 6
50 4 41 82 117 11 58 91 34 23 40 7 2 69 40 18
66 101 16 79 30 124 0 25 47 51 62 52 106 16 58 28
20 99 110 9 111 41 101 17 64 13 25 66 82 65 84 21
38 100 100 68 97 100 94 16 23 28 68 1 44 126 30 64
97 12 74 80 53 47 98 117 60 123 56 15 60 12 36 98
113 8 39 82 108 5 98 3 33 38 4 77 36 34 13 5
47 87 86 100 6 56 90 67 51 18 82 111 30 118 81 15
126 120 97 106 125 67 109 30 105 113 107 13 20 121 19 67
80 105 39 87 33 1 26 84 19 108 67 50 98 20 65 96
13 35 74 10 102 55 41 80 40 20 93 60 13 112 127 94
