936254 1000263 1061426 951163
1051882 1024627 1137798 985275
957626 960732 1019255 921888
1046717 1045583 1135382 979910
976657 994099 968493 963726
1016703 1061422 1011337 1064085
964659 1003205 951889 993825
1031566 1017676 1025190 1055635
921074 965511 1042578 964244
979693 1038260 1091086 1031814
872717 943491 990238 914948
1002065 990490 1080199 1031025
991857 971108 971474 990107
1103170 1093887 1078709 1070891
1014763 1026301 960663 946225
1075081 1027421 1044820 1020366
1032227 1037420 1092515 963830
990706 1015158 1073583 976571
1007825 990514 1114274 974206
1074203 1035135 1146595 1037941
1007498 1042343 1006044 1042878
1016553 1022293 964544 1014260
1022582 987252 962803 1028487
1030829 1023665 992096 989865
1026014 1031045 1088966 992701
927611 966171 1027651 993610
970435 1001178 1045757 1002771
964967 1024786 1043093 1027604
1028891 1076657 1015284 1053184
1015971 1035831 979121 1006379
1054533 1031355 1003203 970002
1110881 1058999 1006549 1023627
1051886 1039110 1071621 962395
1007000 1016060 1104406 991503
1062932 1107163 1186496 1011838
998077 975100 1088228 973191
1033016 996714 1002294 1023655
1019993 1042617 1026997 1015226
1043767 1046663 1057926 1051012
958131 1007519 996649 1022871
976662 997993 1064899 1009306
991431 998614 1046084 1050691
1036401 1000672 1094922 1084875
992149 948658 1041508 1001007
1034662 1062343 1048644 1005675
1067317 1025974 1002385 1045009
1068401 1087844 1077214 1086378
1063346 1036444 1038179 1022708
987557 954584 1097729 951398
1064456 1031224 1144722 1038936
1014843 1025895 1126850 1001242
1078790 1138874 1186135 1086386
983146 1015326 959030 1015967
1034459 1073704 1052712 1050641
1050308 1055707 987685 1013040
1123366 1064302 1063682 1072031
920707 959315 1026092 950823
1001156 1041934 1119171 1057110
953226 1031039 1057036 1027559
1051416 1066694 1191617 1139821
1038944 1006602 964159 970849
1091581 1091949 1071110 1051123
1020553 1052196 1002721 1038286
1149717 1126866 1114999 1090885
883963 954901 1013089 917244
905907 983396 1011863 938731
1004741 1043892 1145253 1040671
985972 1036346 1081841 1001392
878577 960637 1012843 898376
976999 977487 1069754 960654
1041048 1027312 1112263 1004062
1013531 1033708 1118704 973373
963078 910975 956521 949022
954350 927386 1010607 973761
1045043 991862 1041983 1015495
969461 1019568 1059684 950692
868628 905733 892410 958203
948495 919787 890849 1033626
1024628 988188 964912 1041399
952616 967251 952505 1053868
1024547 1070632 1106936 954304
1009879 1014340 1116334 950862
969770 982501 1109152 952897
1085802 1142663 1196627 1061141
1001621 1050400 1106935 995847
996905 1017097 1087731 938905
953716 1018810 1055309 898272
1084329 1138065 1223354 1110229
1036690 988945 1072311 1025380
989622 1014748 1061757 946207
1026030 981572 1041842 978561
1104042 1100547 1145905 1102686
984479 1038326 970725 1037504
930808 958114 965384 1028120
977743 958051 944705 998899
1048936 1088819 1004884 1137712
1013224 1066943 1127734 1009771
983738 1040938 1076379 999211
978619 1026366 1129208 975535
1038765 1028420 1116726 969564
1002886 1019641 1141291 983500
1025151 1032669 1112687 951815
983311 1059502 1137064 944677
998238 1020612 1128397 961945
1026932 1006452 1080066 1029719
1015108 1031410 1068323 958234
1049710 1015156 1056509 1045256
997497 1033005 1061125 975533
1001574 989065 961258 1086282
961765 972945 949100 1012612
934853 965846 944508 1082222
966417 978426 950996 1058320
980182 1029794 1136128 1021838
1012471 1030411 1086763 1010236
1009907 1063569 1095412 984100
968193 1005261 1045743 1005172
1020859 1094369 1065693 984175
1019189 983125 1133552 975027
1066165 1049672 1134894 973144
984576 1064119 1105409 970477
1037272 1026472 1084913 1013024
1007161 1006693 1057123 998667
1049090 1042719 1047162 981933
968086 1027067 1028746 976084
977364 991525 952736 1045576
991132 991066 956636 1071392
942297 1010398 972921 1039952
942230 971763 914160 1084070
1064328 1039286 1085252 1028136
1017522 1020000 1085482 1003880
1018380 992956 1007876 984120
1079867 1073865 1070278 1069639
1041222 1032581 1007164 1086672
1016759 1031171 1011237 1061069
996830 944460 934663 1081591
1024925 1045195 1010728 1030651
1134548 1009454 1032994 1048015
1065165 1007241 994826 1005120
1046595 995022 970134 979701
1105071 979324 1016126 1050565
1072666 1085364 1023082 1097380
1017522 1075234 998872 1103559
1011823 1061249 988665 1041648
1092850 1087939 1023143 1056440
1024239 1034351 1075826 1010397
1076132 1046771 1073368 1044733
1025274 1060257 1070171 1033631
1077144 1045320 1094103 1021709
1002379 1008387 959251 1052883
1038286 1006519 1025629 1059537
1022275 1037671 1010883 1037719
1089829 1045134 1024756 1108992
1102222 1007819 1034860 1039875
1120334 992416 1019645 1024776
1106015 990378 1020153 991354
1123280 1007710 1016441 1054092
1040823 1068155 988484 1054018
1073675 1048687 1011413 1008639
1033415 1053645 980194 1075341
1048540 1088806 1010935 1146667
1022556 1051675 1101072 1035849
1084806 1080809 1107150 1049068
1013622 1006942 997394 969342
1083876 1036852 1056634 998792
1049816 1017080 994254 1073487
1016478 1056994 1028764 1103865
943960 937122 926483 1003786
1004648 1003909 992150 1079494
1137218 1024995 1024211 1021726
1152755 1037910 1051684 1069648
1045012 907131 927107 938726
1126570 1003986 1004295 1002307
1033617 1059885 1014740 1096642
1105494 1174637 990856 1109069
954255 977243 921488 987234
1049477 1088897 972024 1073213
967379 996745 1014611 975098
1065894 1040909 1068310 1019783
1063278 999668 1072842 1052484
1073881 1020389 1076193 1030389
935584 951446 918929 1033052
1023458 1056574 958136 1091660
1042785 1021157 955687 1062236
1024930 1015026 1022035 1103420
1049683 938514 994950 960532
1107767 1021317 1010652 1059180
1092762 965185 1020173 1014724
1120482 1020346 993098 1073009
981903 1014441 944047 1003369
1096189 1090480 1008211 1099573
1032475 1034703 976408 1049699
1029590 1025344 986901 1079112
1081095 978081 1035142 1050190
1041493 944565 975898 1016219
1084153 1051405 1040430 1071388
1084959 1006051 1100840 1041882
979782 986505 1049487 1027550
925586 952283 1014908 1015231
984760 981667 1047091 1098229
1026902 1024061 1066544 1068718
1024428 1020383 971401 1041399
987477 1016771 938212 951694
1037064 1029033 984877 1020458
1083016 1072328 1020145 1093787
1057327 1059269 995187 931961
965594 1038661 943779 888648
1006680 1076654 1022099 902926
1059444 1086781 1032850 1004289
1073813 1034812 1041688 1023231
955116 957611 1018380 1006801
1021184 924679 992354 969505
1077405 976329 1072723 1070745
989153 1001285 1040901 1086944
942937 938540 994459 1000228
938679 912040 958192 957510
1037079 1050754 1081678 1085586
1049577 1022223 987214 1036829
991287 981379 926092 972128
976156 979504 912655 983121
1063862 1087017 967234 1013195
1016032 1093393 1014430 917524
966569 977523 931619 844194
924856 1025249 954352 848837
1036952 1114613 1036325 957867
1052186 1010313 1033021 1040983
1120652 1078479 1090268 1121586
1096462 1006213 1051527 1052030
1139197 1044303 1126261 1117273
1013469 1021547 1083041 1082246
1050280 1062687 1095144 1142231
1048903 1032089 1056119 1101057
1047749 1043704 1091439 1092391
1069766 1054998 1020373 1034670
1088316 1124854 1071361 1073517
1054488 1091243 990165 1058556
1096802 1104900 1016746 1103853
1003085 1074625 990986 921401
1074456 1127412 1052265 971708
1058963 1092592 1051648 950485
1039482 1174760 1063730 974939
1058126 962753 1013547 1028846
1078373 1014967 1010746 1003871
1069639 970965 1010550 1019001
1088386 1042158 1066081 1068974
969148 1006382 990620 1049416
965649 978895 1029539 1011548
977792 975498 1038403 1055304
1021371 1033934 1040435 1045931
986322 1033388 983005 1030743
1025382 1014156 978253 1012487
1059907 1044105 971741 1000997
1006125 1022043 1013619 1049572
1011142 1051113 992622 911245
1039406 1085774 973019 903334
1051649 1047883 947493 909201
1029539 1082849 1027749 929340
1010824 993971 931677 1034428
1090173 1047292 1008629 1130250
1073398 1035657 1061967 1089817
1073708 1075937 1022696 1134193
996042 991125 932292 964143
1130175 1019491 1007087 1068555
1090715 1089843 1024313 1085797
1145770 1153559 1034956 1080770
953694 906332 989879 931999
979821 1023576 1060418 1049393
1033477 1035737 1058724 1069106
1040116 1061009 1079392 1016258
1031440 1038646 964086 940842
1116889 1185125 1064601 1042175
1157440 1148092 1046047 1094859
1157753 1162620 1084285 1090202
992621 1023309 910294 1042328
1019801 990084 985807 1063953
1077201 1042297 1011750 1105204
1023248 1031218 1002514 1088726
1003416 1003591 941512 1040360
1067751 1045593 977942 1028022
1106870 1025315 1014586 1041974
1065675 1001649 955050 1056520
938098 946843 970518 983806
982003 999259 1036497 955987
1000228 1011463 1034169 1011282
1000366 1030056 1031109 1006604
1073288 1063103 995982 990235
1106125 1123208 1027049 990627
1161238 1144816 1064365 1056279
1110912 1087382 1016940 986886
943226 948521 912939 1013064
1032491 991588 934367 1024276
1072949 1030868 994394 1081142
949534 869002 920001 966221
976526 940397 919683 948259
1004226 1015908 999420 1009745
1066500 1020818 1008887 1055656
954356 947162 923598 987955
901029 940480 952824 871104
925100 966924 1001550 972357
992394 1012098 1042451 1001625
955119 926445 983321 902315
1009340 1028729 978212 915821
1088211 1083462 987129 966054
1067049 1115363 1028216 1022729
1007014 1006720 957774 936501
1090123 1033107 1015879 1155552
1085887 1051538 1021669 1107962
1055093 1024431 979365 1086534
1110065 1039144 980023 1140381
1121614 1085468 1037951 1074148
1104189 1021753 1064284 1059594
1079392 1034322 990443 1066155
1068930 1067687 1043629 1068157
1002043 1073513 1076697 990945
1025655 1032988 1019349 1001549
962794 1008985 1072423 982267
1024567 1068209 1045042 991552
1169424 1170707 1061703 1046002
1121962 1090449 1041489 1022677
1132509 1102910 1037691 1090220
1140920 1189727 1079652 1032857
979675 1010040 986395 934340
971533 957733 1026455 944408
1053955 998285 1029388 975742
1066172 1039694 1073203 1003391
1012072 1029393 904697 1051928
1034573 1042311 948982 976551
1034424 1039028 973961 1026654
1035936 1126631 1038625 1099351
1012614 1031141 1045581 1024072
1006164 969808 934067 1023462
1027440 1019221 960090 1013776
1035744 1022429 1030188 1059001
1005885 1043637 970011 911288
1007471 1043230 985988 902160
1045018 1091890 1005214 932350
1107970 1094348 1026239 958430
1093553 1086500 1104439 1028471
1089880 1048902 1063564 1043388
1007638 1017277 1067500 982162
994807 957558 974987 968045
1031609 1089958 1046178 1087266
1080825 1095553 1025718 1120067
1057436 1034962 985451 1059146
979682 1005940 954158 981632
1104349 1094367 1060393 1105231
1102086 1043717 1009278 1064830
1020315 1036456 988032 1069330
968562 948772 932240 1023429
1110741 1082683 1098607 951139
1121216 1126541 1056469 944729
1026771 1078515 1018728 923266
997143 1020721 978290 821844
1088473 1132805 1162536 1047078
1049165 1038843 1043814 982455
1012612 1031699 1066545 965844
1013547 1032676 1058930 991735
1078574 1090683 1073064 1120666
1025743 1027246 995323 1023388
1029429 1038140 984746 1036743
1024087 1083116 1007996 1030382
1120336 1124280 1046936 1146974
1020841 1015298 1003772 1041212
1053529 1010816 1019379 1013217
1072369 1017474 998046 1053845
1174979 1145972 1078027 1003058
1055918 1066188 1016374 934729
1040584 1040701 1005902 971580
1084463 1047073 1018988 929573
1041992 1092443 1107149 1007549
1022955 1022408 1024520 975968
1067770 1104637 1075139 1026551
1069824 1064781 1083080 1011272
1075877 1083662 1005549 1062542
1064123 1064751 998980 1062353
1048919 1112576 1057853 1108902
1028730 1048783 1016502 1040660
1037257 1010375 1013327 1079918
1019184 1002809 1022201 1073562
1130853 1038560 1099296 1086694
1040946 1087065 998223 1095928
1113325 1081367 1027271 933515
1052010 1105104 986375 926332
1097382 1131440 1030592 978477
1080174 1127388 1037994 943509
1041944 1032963 958909 975780
1076126 1026685 990710 971120
1032745 1007297 912029 945286
1098819 1091279 1031114 1011597
999189 1008892 925083 980441
990777 992913 977441 1015619
953577 974345 899025 996599
1039422 1083205 1020781 1035768
979741 989780 1025398 959353
1001149 1029116 1035057 980139
874902 950797 987469 942219
994748 1062162 1094976 1043827
1013339 994449 1009262 995034
1057570 985421 1063119 1056971
982962 936120 941992 955034
1073318 999646 1052344 1065098
1056907 1116281 1027696 1045236
1076541 1083929 1031851 1037124
1049716 1024557 963920 960966
1153960 1108051 1053759 1046517
1096969 1084795 1053437 1057597
1052483 1074725 1039046 1038560
994604 996184 948331 985754
1078103 1072987 1049315 1078948
1023999 1073032 1098198 1016355
972865 1021758 1034277 1015552
941080 997543 1026705 1016086
1042049 1049082 1089528 1048902
1127669 1056546 1049509 1110582
1132279 1020131 1072029 1069164
1018637 962873 1009405 1050853
1107138 1054787 1080213 1093622
1027164 1030960 960894 957315
1027650 1029384 979594 996335
1109238 1064594 990261 1062596
1090799 1122914 1092895 1108321
996190 1002357 959697 958093
998823 990915 995963 993061
1007889 1008062 1025407 995244
1092588 1086366 1038859 1117855
955632 978422 1041340 956575
920660 1017021 1041411 953110
975632 1039689 1108144 1033556
1001272 1062113 1109111 1067046
994050 938899 983646 1013815
999792 962631 1015972 1025661
1054011 1036275 1028663 1071483
1065782 1060770 1064271 1117395
1068602 1079574 1002445 1024581
1115501 1049414 1005740 1065176
1040073 1031065 995392 997152
1030468 1051185 961561 966390
1060057 985086 990830 1029267
1055632 1049512 1024526 1058160
970184 1004753 997967 990018
995036 990739 979176 984521
961426 1044193 1035138 1023326
1028063 1062796 1117054 996914
944329 980177 1026369 967782
941282 979748 1023250 951789
1046367 1010840 1069844 1053576
1104988 1039394 1093943 1104302
1067492 1004377 1000101 1011995
1059076 954968 1019999 1022654
1011976 1065331 1070309 974800
997414 1095696 1126511 1030433
1054556 1099896 1214465 1025250
1012426 1031940 1145372 1010816
1014435 1035409 965665 996833
1021046 1091190 1026713 988058
1034466 1078944 1007997 1037752
1002964 1063511 967685 938319
1043975 992816 1010551 991620
1053214 1069250 1037383 988383
1073176 1049458 1039658 1046245
1072882 1013593 1066566 1013663
1065393 1045469 1037827 1042406
1069581 1055566 1059107 1084084
1083965 1157877 1163386 1103220
1030172 1067395 1055210 1047792
988553 1066357 1090067 1012115
1034900 1106003 1178355 1055055
992666 1083154 1165491 1061276
962497 1059381 1068510 959670
969103 1019807 946331 974958
1001895 1054472 1029662 1004657
1054840 1035869 1020407 996040
983615 960443 946884 936433
1004188 1004655 1041803 992168
1046866 1102490 1081339 993888
1072059 1030300 1043161 996332
988429 983558 1025197 969661
1034614 1043951 1044032 1045297
1062951 1092181 1067540 1077992
1069097 1134536 1092512 1099617
961807 1043312 1029612 1035039
897631 1013238 1069327 943016
968507 1057330 1095755 1029592
924887 1018166 1035000 944084
1010677 1075520 1140056 986865
905392 986582 934366 943830
971481 1045138 955394 937037
919917 1012981 966270 918829
1016941 1034377 996730 1032651
987246 976614 940457 902332
1036914 1057622 1004652 961589
945466 956053 938971 932714
1092431 1069868 1036488 1012071
957451 1026084 1037013 986408
1067650 1044270 992226 1041476
992487 1012633 985600 969793
1046961 1083696 1106561 1098115
1031405 1051041 1115886 1000525
1046059 1035021 1153201 1048395
996259 1104450 1155642 1040530
980429 1071090 1153264 1023970
961527 1017055 978787 986267
1032564 1047423 1014612 980606
1024309 1067502 1024010 1003404
986646 1052298 983598 976858
1031154 1019253 1052384 980459
1091400 1034982 1024378 957285
1073174 1068805 1058142 1040697
1022393 1025934 1065010 1009441
1035167 1071192 1043346 1025800
1030959 1102953 1088125 1098947
1101737 1142054 1096902 1096516
1052665 1058470 1056537 1058182
999488 1107032 1090889 1110602
949625 1040889 1040155 1000749
885055 971205 962598 986285
935719 1120015 1105134 1055626
1066995 1180522 1139640 1123348
1010427 1099493 1074293 1001970
909649 1034313 959994 975288
1006629 1142495 1136077 1049484
1068830 1106614 1052348 1196299
997319 1028245 985711 1139866
881738 998016 856307 971892
1035624 1107402 993800 1152689
1113728 1132784 1122970 1133239
1006365 1043791 1020985 1051485
938898 937662 932263 985682
1020960 1091361 1075701 1074408
996660 1131162 1093163 1066946
947502 1076663 1032859 1020320
888917 1045204 1015070 975160
946799 1070529 1012681 1039697
1077341 1142323 1142181 1080964
1003249 1094770 1093159 1041350
987529 1080945 1063438 1018456
980508 1108153 1073633 1007280
1050164 1036010 1017209 1189010
944655 1009984 985238 1099895
949172 1028218 923545 1097682
988035 1032559 1001898 1066561
1061166 1079549 1091822 1120531
1025103 1064035 978143 1025681
955711 1048770 986315 1031082
995435 1064353 1057119 1076582
966517 1137102 1117637 1070718
925825 975488 979079 996137
976093 1071168 1052048 1061077
833941 883127 913212 925075
1039497 1188738 1119274 1113113
937188 1056422 998604 1008924
1044148 1166761 1083878 1120972
884860 975926 935276 917752
1053095 1122120 1056680 1159190
881481 985667 932123 1036005
1025224 1088808 1029400 1157481
846950 908714 852656 981941
1070799 1096322 1092778 1143978
920676 977883 1017466 1020351
1068332 1085571 1064013 1117268
896620 911839 872246 959711
1056287 1119217 1079851 1101224
904133 977470 1045694 962773
997588 1116425 1111823 1079221
912006 997368 975157 977509
1051109 1157297 1161322 1097521
983124 1041247 1018117 959369
1018070 1138095 1124706 1074520
943834 1034955 983880 996511
1066482 1148891 1012674 1173534
970882 997310 917183 1066492
977420 1129889 1023918 1169829
892256 960330 915464 1055274
1067744 1077749 1087414 1152358
989065 1011720 985660 1038276
1038879 1105571 1077556 1118223
953557 975729 975106 1033129
1040655 1141976 1147460 1101918
927154 1079000 1043880 1038272
1038934 1169836 1087656 1058694
903166 1058027 1003966 1002348
1135350 1136464 999105 1140157
1063864 1048996 943003 1090933
1126906 1069827 949151 1098217
1033073 968400 884878 1022453
1011965 1081757 1174781 995810
962223 999993 1088059 1000647
996139 1021871 1115245 1014780
899886 970468 991995 879972
1107668 1075734 1147486 1112128
1031218 1065538 1084916 1057064
1075742 1017525 1094930 1070950
999979 967676 975546 1001166
1004198 1159029 1161726 1085785
974315 1115170 1078245 1078963
986738 1137882 1088635 1111669
925544 1098970 995453 1042202
1141987 1129999 948904 1117810
1066463 1082238 944887 1126248
1116124 1078862 996693 1095638
1087905 1062867 947157 1038913
1031916 1037843 1099060 993589
973325 1047178 1125076 1000834
997799 1036444 1092324 1017405
933400 996437 1070345 942050
1104436 1057972 1077249 1129988
1046329 1017845 1098999 1103099
1083834 1030647 1062830 1100863
1047423 992949 1040431 1046573
946271 1111888 1057319 1059869
856816 1023454 986619 960725
971107 1140405 1096840 1031111
1072658 1233962 1165485 1143135
1116392 1066214 958938 1086662
1019040 1007567 870992 990914
1100632 1042555 941701 1084893
1228250 1088540 1035475 1192611
1004728 1028796 1101455 1010710
905125 912566 969240 882925
919669 1021670 1084469 970566
1109892 1070392 1161744 1109114
1047261 1071602 1031487 1041655
974560 988670 991400 1005289
1074577 1031561 1011737 1068832
1185168 1082635 1159528 1156991
956655 1096100 1104835 1031536
1027041 1151035 1122051 1090108
1021477 1197141 1104319 1127316
1040212 1168727 1157000 1080224
1074193 1061530 997181 1114935
1112046 1092970 977698 1107908
1137183 1096743 993320 1104298
1144159 1093609 1007070 1111584
979675 1003787 1126557 993087
1012388 1047562 1132785 1004658
1023730 1042544 1142192 1035774
1027509 1071747 1146941 1000573
1090233 1041987 1032847 1123106
1079645 1063954 1077511 1061023
1103730 1090053 1076723 1121277
1111110 1137607 1101942 1137892
