1019145 996513 1115845 1013656
1012653 1047601 1126403 1041602
1017076 1029944 1139259 1027523
1027910 1017186 1123808 930547
1016589 1016313 987996 1049651
1053799 1067220 997637 1061174
1052035 1080322 992268 1079313
987442 982954 989794 1043370
960205 1010638 1028330 1013637
1022929 1053905 1080783 1042208
985847 1063373 1054911 1068122
939274 1008352 1057850 1028578
1091913 1082106 1049626 1042802
1120270 1102127 1101607 1028636
1094523 1043551 1067478 1063819
1059593 1003115 1013135 1020162
1004638 1016281 1039703 962969
973939 1005518 1067015 936001
1084918 1107685 1157439 1022676
1036722 1102735 1156500 984713
1013118 996065 976081 1008626
983997 1009148 950412 1020631
1072774 1087511 1033302 1130684
1030592 1057416 1073910 1074837
996994 962770 1016943 972972
961536 989595 1046208 997998
1062219 1067070 1127205 1052553
963000 1037057 1068317 1056889
1018963 1014620 1053805 992369
1004943 1028367 1010123 968429
1105873 1108502 1097990 1065027
1120638 1108024 1059753 1089205
1016125 1092987 1163776 1021940
1093025 1061471 1137755 1027478
1051698 1104801 1164592 1028653
1009282 1047018 1092824 994977
1059043 1048870 1063925 1068220
1088584 1081863 1045568 1100576
1083949 1040655 1005950 1059122
994647 1001406 1004761 1042822
1011293 1051127 1084843 1074850
1060192 1097096 1107469 1016701
1036791 1054352 1079573 1103830
969932 985372 1048487 979229
1122369 1125828 1054782 1077360
1070255 1107340 1092104 1058069
1081313 1105595 1088036 1088908
1059151 1029036 1028874 1010908
1013136 1024397 1088101 962329
1007726 1010794 1042626 953630
1048547 1069166 1151103 1023529
1089219 1068453 1161549 1020477
989383 1024493 973514 1030504
980707 984262 958343 984542
1023872 1052329 1016554 1068413
1093702 1055233 1029685 1083011
1031196 1008594 1050113 1021792
962443 973785 1022072 986122
1016364 1063396 1074953 1053249
1054137 1035402 1140893 1042385
1044596 1062860 989750 1023657
992362 997188 966706 970226
1115201 1063387 1065009 1088092
1050550 1110511 1092710 1051713
1032674 1098503 1205113 1066904
1003892 1101875 1234598 987148
1006465 1027675 1120413 980731
964508 1055134 1109752 958613
1112555 1081643 1189931 980469
1038871 1067828 1159101 956089
1052837 1035793 1131998 1007295
1029730 1073929 1112457 985619
1061540 1075605 1120226 1023515
1058657 1046467 1081238 1019579
1032242 1060825 1117804 1033181
1020661 999261 1020828 994003
1042920 1024132 1022645 1148914
1032567 1016167 1023077 1088254
997598 1010375 976429 1071057
969192 981026 960440 1045321
984038 1045896 1089820 957447
1095490 1127973 1193381 1071952
942370 1041116 1105056 938978
1002915 1005239 1151522 977557
1042710 1060652 1075458 940237
1072950 1107340 1202827 1098164
1034219 1005564 1125448 923126
1010878 1053426 1127324 952422
993202 1030508 1054959 969202
1079875 1036894 1115502 1117775
1063848 1030595 1049813 981224
1030909 1013960 1031640 1000859
959687 994069 982301 1066557
1037636 1041657 1031566 1102129
989969 979742 977485 1010840
972956 1007074 964781 1059236
970056 999281 1054309 960966
1002797 1028606 1102367 1007218
1042734 1088859 1126489 965553
1012929 1047110 1146467 1012394
971139 994055 1065452 959402
1013344 1050992 1098017 927613
1025082 1083973 1163697 1017737
1043714 1092761 1138122 1040719
1002473 1027352 997343 976696
1012357 1028196 1057391 944454
1080225 1087740 1082257 1017318
1057130 1016683 1099403 1039595
928660 967747 936684 1028727
993190 1026147 946871 1039388
978782 1029632 999139 1086005
1035975 994293 1000894 1109744
949272 1015276 1068363 949661
1010861 1106601 1153465 1032626
925108 981951 1058010 955774
1073971 1110638 1130507 1052854
978582 1020468 1038693 937927
1047522 1066392 1116336 940283
971292 1015391 1082218 898881
1085775 1133198 1173707 1059884
966190 932198 960268 955107
1064183 1077846 1048413 1049166
982282 980225 1029749 943951
1093768 1106701 1112404 1047845
950235 949410 869030 1013000
980283 1010156 994792 1105892
962845 985578 897362 992972
1041470 1078194 1041681 1079523
1079818 1021162 1067542 1047924
1067821 1068353 1100362 1047521
1081103 1052090 1115058 1061953
1073874 1105927 1090436 1037753
1039366 1079050 1003907 1125083
1112626 1042038 1011876 1131436
1057438 1091294 997848 1120990
1025342 1077955 1027253 1157236
1156944 1053365 1057287 1036187
1133198 1040924 1057966 1076032
1144105 1021870 1022485 1013779
1110218 1061421 1044733 1078926
1069019 1083669 1029355 1095292
1135890 1109154 1038874 1110650
1088517 1102906 1021832 1080379
1064415 1116272 1073099 1121243
1038471 1070248 1075189 1048102
1033374 1017701 1090398 1051585
1015112 922307 981768 947844
1031013 1069275 1085571 1027605
1052043 1033064 1050964 1078377
1049285 1022866 968843 1057432
921431 951478 934996 983332
1029040 1014887 1030731 1125030
1085025 998269 1025184 1009449
1084748 988282 1007287 1011201
1080467 929415 951470 992536
1131841 1046179 1044377 1028765
1051040 1070646 986296 1051311
1019908 1082312 1036513 1065026
1014006 1013873 869600 1020825
1047439 1059508 1068050 1058320
1034772 972263 1048527 1022293
1004989 1049438 1031419 1027174
987715 971096 992896 987767
1078978 1064555 1107652 1035177
983045 998802 957421 1074235
1006528 983548 1004728 1059033
965985 959798 907401 1008192
1077256 1027960 1064470 1139425
1092102 968362 959574 1029775
1077124 981302 1036728 1018507
1056869 948633 989756 978707
1116148 1049768 1082549 1077269
1025843 1044087 963257 1065160
1032242 1041672 1010158 1056070
979532 1014061 964100 1042777
1102210 1102434 1102684 1141712
1075808 1046937 1072806 1045636
1061957 1048306 1098754 1025862
1013722 1030017 1054698 1041739
1079791 1119143 1085945 1063826
1062068 1048419 1043993 1121190
1054552 1025261 1012199 1058773
1009361 1039573 995952 1054856
1047345 1057934 1031572 1093965
1131474 1033956 1024375 1060024
1129814 1013021 1039771 1056191
1138852 1002717 962521 1016671
1147981 1029111 1059254 1054344
1082332 1104412 1035409 1084683
1090771 1053798 990443 1090235
1068625 1073018 1017442 1068462
1072093 1092433 1004631 1143738
999874 992856 1022237 1012848
1040874 1023430 1049738 1012386
1059833 1028329 1035526 1081652
1132384 1070521 1124935 1132184
958650 982477 1020720 1011579
1011980 1009620 1049561 1070904
1019492 1000641 1028635 1056583
1058011 1077274 1143610 1080368
989956 1030536 981322 1015487
1047376 1023542 1009693 998044
1050056 1008912 1007589 1042394
1096583 1129747 1062407 1113296
950937 1033723 954541 907963
1022945 1079730 979499 922132
1017847 1066393 996793 918793
1071623 1171419 1035809 986168
1118785 1056444 1078339 1129452
1133504 1048953 1093289 1115181
1137305 1095170 1102146 1118404
1044287 971351 1106880 1059898
1028227 1055979 1075501 1097177
1051910 1035374 1025414 1110510
1088284 1095878 1107887 1140065
1025414 1002425 1026432 1071988
1067387 1105434 1029455 1093494
1049771 1084808 1016373 1095196
1090045 1101163 1055482 1108127
1066051 1058005 1011273 1061403
1055656 1121331 1073929 985879
1039570 1083286 1015329 920982
1056974 1148886 1009573 1000126
1047869 1100032 994894 956652
1082955 1045475 1030102 1080473
1053787 971684 1036444 1049342
991602 1003110 985115 961787
1126732 1038592 1076111 1086045
1048622 1037043 1121567 1120509
1041962 989430 1012431 1050639
945384 929184 986028 974440
1069329 1073095 1080761 1112301
1082866 1110666 1010787 1077350
1024913 1060515 1027513 1028001
976781 970566 918990 1014326
1130474 1134867 1059481 1105442
1068305 1080484 1046486 960805
1017620 1079088 964551 919782
937314 987391 881625 874350
1094289 1089182 1012047 976778
1078714 1008731 1057601 990305
987299 934107 954209 948980
1183810 1064737 1109431 1163812
967224 967109 966102 948495
1023404 1004651 1044762 1044193
925076 917964 991448 975621
1075221 1108816 1113520 1172226
929763 898480 962542 997254
1002540 1040928 976086 1060244
921647 955989 913066 976486
1146873 1107407 1092157 1111043
932962 940252 934169 932764
1015149 1068396 1018344 940676
943935 1005877 918034 813603
1120907 1180692 1085376 969575
927616 953846 911298 815814
994883 982310 939106 1063334
1028585 992893 975003 1018064
972929 958994 888521 1002197
1065268 1064624 991100 1075051
1027739 1013172 951337 1031712
1053541 1004065 934678 988793
987860 976045 935180 988801
1092578 1038581 991782 1101311
1003333 997821 1014430 956087
1008346 983253 1018132 960232
924392 950921 964404 929803
1000085 1050511 1038732 998178
1084202 1088807 1029375 1020559
1092581 1092121 999947 979484
1064513 1036011 929062 984112
1098779 1171723 1035580 1006548
1088473 1029810 1011551 1102777
1070886 1028304 954380 1084600
1024474 985827 986424 1080514
1098764 1090785 1053977 1114669
1110815 1063160 994209 1046768
1048134 997482 969489 1052252
1030342 1026196 964445 1035509
1123578 1117265 1034990 1078672
996342 1004417 1066740 1001380
1016057 991369 1013408 984032
996578 1000143 1023010 1011709
1071711 1070568 1114376 1015787
1175455 1140369 1008704 1030037
1080178 1110798 1025372 1006979
1118748 1070822 1038560 1010005
1170389 1192099 1095246 1080332
1090426 1010586 1032165 1114750
1025617 1044988 1036314 1069168
1067480 995936 958358 1107508
1078601 1028942 1008339 1124250
1065443 1036366 1006047 1027094
1104427 1065240 997807 1043153
1102932 1053201 1031685 1014932
1144538 1100542 1028913 1089796
975196 979891 1040293 996024
1012530 1010324 1040561 1019246
1045004 1026934 1040242 1018125
1031407 1031371 1094454 1013725
1116899 1139076 1054014 1006285
1089842 1149552 1025053 1043207
1163662 1142399 1056622 1034100
1172633 1152623 1067548 1054240
1061413 1016378 1018495 1109907
1074693 1031035 991015 1080579
1119408 1084980 1081217 1176041
1111297 1056088 1019279 1057257
1082792 1046910 1006177 999313
1004888 1027666 1014218 1025712
1141418 1153554 1100024 1127198
1125861 1083168 1047483 1054222
1021381 1038912 1031974 965527
986227 1026846 1002349 933114
1118826 1088267 1123231 1081930
1040089 1040990 1044610 1005735
1125592 1151933 1042835 1032912
1118683 1107458 1026809 1027123
1176426 1203775 1129273 1135719
1120035 1155790 1021542 1046560
1118999 1130278 1114872 1099981
1004047 990149 1009202 944893
1023636 988843 1071406 997481
988158 1026944 1031741 937923
1112527 1141820 1074126 1106782
1031927 1049048 1013718 1000992
1025841 1047192 1001636 1035731
985258 1051782 927405 986658
1095060 1079818 1079293 1162512
1018926 991964 1007639 1051214
1069971 1017151 990992 1040633
1021456 995022 1025722 1039172
1116352 1150235 1079711 983936
1051866 1059065 1023232 926085
1045384 1042166 998460 916034
1030877 1034917 956543 891204
1029356 1011702 985612 937117
1041514 1083636 1116547 1025802
1030780 1043086 1062973 987732
1052288 991999 1019500 1000775
982732 1028653 920400 1011431
1077277 1102509 1030886 1078757
1017399 1080669 1007238 1046586
1086771 1076243 1008246 1063914
1006914 1000139 962839 1032275
1053797 1069546 1097779 1059840
1022441 1034967 983926 1086122
1031072 1022786 1023119 1028708
1011451 1054321 968052 860333
1093506 1107147 1045357 913641
1049578 1045092 1014577 950842
1060317 1111407 991955 970673
1138143 1131424 1132269 1069496
1053215 1026444 1102170 985705
1019059 995872 1087287 974916
963437 973078 1018858 907623
1081490 1152938 1078207 1145171
1057044 1058841 1012383 1036207
1032107 1056082 997443 1002453
1004749 986103 929408 996984
1138643 1119393 1131738 1131584
1054902 1038994 1037429 1008889
998612 1035441 995967 1054643
990977 979283 1007680 1033111
1150461 1189388 1087415 1038495
1052839 1073120 1009202 902862
1044339 1060062 1026082 890031
994631 1022144 958078 901003
1088539 1069810 1103076 1069115
1059029 1029344 1085342 1006595
1087144 1079471 1094297 999175
1017710 998227 1031973 967137
1097356 1132823 1001892 1056200
1020377 1074349 947977 1026646
1037169 1107242 1013810 1060331
1067244 1093776 1017535 1081319
1096849 1074538 1075786 1062289
1086840 1059976 1039468 1073577
1058137 1070351 1004151 1062524
1049797 1054608 1012216 1069451
1098868 1118654 1074996 1001741
1066348 1119652 1037270 947574
1114431 1126932 996927 977600
1120241 1103158 1023632 989826
1047737 1004687 982432 943252
1081587 1096965 987694 1035778
1080108 1105251 1025099 1008272
1052858 1093766 1016705 1024374
975598 962020 945432 1010505
1039495 1055763 1013063 1026298
1015416 1041045 973579 1033342
1071368 1018241 1012750 1036592
963378 1004613 994845 1000346
995612 1000585 1081338 1007049
952549 1035569 1038901 989798
997764 1099532 1068192 994323
977109 946916 1018288 971809
1089553 982382 1078409 1100830
1070334 988708 1032493 1027466
1066366 1050084 1025841 1062715
1099071 1108897 1025313 1017416
959014 996351 886607 916735
1083188 1121009 1063431 1021956
1023984 1075191 963466 1017028
1026721 1038780 1021066 1049428
926980 930226 920472 918068
1087033 1058438 1045731 1059120
1051541 1040415 944685 1009470
997882 1060677 1055112 997604
923325 957850 969850 942411
1059171 1063364 1081470 1023382
997928 1017898 1061372 1035519
1086229 1018418 1025804 1087514
978440 873844 919997 963265
1087053 1028211 1081354 1069584
1028298 982893 1027766 1060301
1069468 1061366 985240 1010655
1172895 1141897 1072879 1088235
1046776 1079305 978425 980423
1029707 1017249 932546 955284
1060922 1055795 1012486 1063691
1110727 1079986 1054089 1101628
1045080 1028959 978571 1009283
989379 1026589 970792 987164
1007949 1087005 1087214 1027124
1100907 1136693 1092904 1069725
965375 1087391 1053127 1005077
951291 984051 1030132 907349
1102508 1004893 1097011 1102529
1150810 1047415 1107553 1128450
1066117 1008971 1015848 1058311
1025493 985252 1016762 1043878
1134817 1154498 1095917 1084377
962200 1024431 949460 941352
1055092 1081625 1005333 1027693
1016409 1075839 987302 997776
1098615 1076785 1086283 1094492
947168 961720 939608 981254
1063939 1059236 993206 1068570
1000883 1020499 980117 986810
1066618 1108425 1128273 1064638
958601 942674 1022555 957531
1015790 1007459 1083411 1046518
955482 1051737 1046392 980129
1172349 1069224 1086307 1133148
994781 936194 1023960 989878
1081190 1038843 1046251 1051854
1047398 994703 1072854 1088322
924391 1015178 1061290 949421
990922 1020649 1136407 1032464
1016154 1077943 1120371 1044023
967132 956266 1080018 995849
956989 979466 952320 934070
985323 1008710 1005395 990599
1041256 1027189 1003712 1048439
961832 1007183 935563 967175
974007 983721 1009462 938212
1028277 1037416 1055298 1000190
1053122 1089588 1054859 1011333
1009313 1007559 989599 952317
983071 1004569 1013217 1011696
1026675 1045708 1096424 1090472
1056146 1086351 1076973 1054765
996534 1024646 969042 997057
1101818 1146795 1244923 1110759
953633 1012939 1068028 1002457
970666 993727 1062802 1050053
988271 1073832 1152563 1007086
1095485 1145805 1112870 1053558
933148 957900 945839 937610
995303 1034192 953643 955202
971138 1003803 960420 931560
1120547 1149004 1112530 1107038
1009181 938870 982449 952182
1049018 1052785 1007980 942436
1020782 1013414 1001985 953950
1109383 1186690 1172022 1108991
953990 1002750 990638 1005350
1035878 1065046 1031835 1060554
1011644 1057080 1053297 1028435
1048784 1133740 1151018 1068771
936256 989052 1057619 971002
988644 1056049 1131200 1011015
1024433 1077457 1115865 1001193
1044221 1118134 1051815 1026783
919436 1011276 969976 921826
984515 1005809 984040 975073
1008370 1053111 1022113 965007
1065573 1043503 1065551 1086817
998972 959657 992915 951133
1013866 999531 1018407 975560
1033050 1070314 1036745 1005084
1099295 1108747 1118871 1111768
979336 993752 1002397 990418
1027593 1031340 1046682 990416
1059854 1061955 1094839 1051884
1053863 1115533 1167150 1078727
1032012 1124012 1143469 1059882
1021137 1074923 1156323 1042980
1019200 1112311 1143641 1035812
1047692 1102682 1026785 1031825
1012100 1063586 1034316 952914
988959 1064585 1017163 1027472
998223 1079220 1024607 1010947
1086099 1081432 1064400 1018976
1046685 1059072 1044382 1013428
1027716 1036558 1035837 1004297
1102649 1059100 1039439 987903
1118849 1139836 1090877 1100592
1061846 1130846 1066478 1079793
1088716 1064060 1060672 1051502
1099482 1099193 1088509 1073111
906151 925103 967583 942892
998464 1090090 1070565 1107157
962462 1035718 1033186 1043701
924597 978953 1012976 967963
934940 1015738 1001047 970455
1081311 1180405 1133985 1098023
998448 1084875 1054945 1080145
960173 1043359 1013129 1002560
919412 939318 924042 974317
1042277 1097670 1041531 1200534
994775 1068708 942719 1084074
935990 972322 928281 1072917
936697 943533 993719 963754
1056236 1067944 1086717 1111449
1006620 1004863 1016586 1046626
960138 984207 1008226 1034698
964933 1076034 1038152 1024673
899369 1007669 963421 939124
959464 1060321 1054196 1059894
817222 943431 914949 915445
994788 1171575 1068309 1046227
965140 1030785 1014365 944595
986512 1096446 1092995 1014181
896479 1024085 982772 984176
1006486 1051399 971273 1146639
938723 1010211 902228 1065290
1000786 1063261 953523 1101800
890809 973378 932597 1028519
992426 1063642 1019140 1053709
962639 968143 950335 993634
998781 1039209 1022174 1095999
885023 929134 936274 941614
885979 1012515 1000984 1006074
932326 924957 973876 925922
950094 1012476 946387 989578
819463 935086 920496 880005
970347 1032652 1012293 970475
963649 1039187 1016693 982222
969846 1096314 1080658 1022607
834810 976855 913520 927604
916941 1013172 957819 1079201
863109 1017511 887676 1028927
950078 1014384 947834 1058670
850944 899197 823608 974362
951506 951844 933359 1006619
952492 965582 964138 975643
944581 990866 1011824 1031557
880621 853051 905540 917357
936639 1103243 1101884 1019416
959140 1053186 1088728 1028421
859283 953077 948322 926451
942516 1050373 1018412 1006837
1002985 1135146 1085699 1036323
1032057 1097388 1072867 1014612
939696 1030267 1021541 962431
989584 1072300 1041951 1021022
984955 1040213 962345 1113756
983788 1037165 948734 1152892
937286 995226 860711 1037287
960279 1043333 961997 1071041
1041374 1032387 1064128 1067809
1040102 1033490 1038139 1065631
940094 991071 960192 977735
1028699 1039010 1080855 1071393
985617 1175782 1119725 1071281
969712 1105511 1087002 1051473
1003182 1097754 1077902 1053075
965801 1117756 1085458 1017746
1150285 1099666 984092 1127016
1095006 1040861 935650 1103490
1098112 1053895 949377 1070201
1063842 1013814 916549 1015181
1040859 1047045 1099746 1014014
997281 1057747 1143782 985219
953516 986850 1061671 992980
984212 1003800 1058522 1011075
1079396 1075412 1115659 1077776
1128728 1065451 1092320 1069912
1076774 1025017 1070177 1071557
1077984 1027104 1020207 1058435
946035 1112652 1037526 1010232
1002767 1096615 1058760 1043625
949078 1093685 1050795 1000598
1044554 1139568 1112519 1085158
1069899 1023545 898603 1035224
1081128 1077571 984965 1086991
1055312 1071459 935185 1061383
1168564 1130287 981521 1144092
963124 979175 1061042 977595
993616 1007715 1085251 968466
957507 975657 1044654 971963
1021606 1075474 1157952 1035829
1009030 1019270 1027827 1048804
1065099 1001141 1080198 1044144
1046889 1028739 1038969 1033937
1092591 1116481 1117387 1092686
997465 1095405 1106097 1073195
936742 1052070 989042 993993
1052839 1206313 1122085 1114757
1010807 1152792 1061171 1077769
1123817 1091000 991912 1146756
1042340 1038095 918015 1014320
1159714 1138177 992456 1112257
1142277 1069412 959568 1121879
980386 1050689 1151771 996175
963722 941521 1033236 929321
1062459 1078628 1139898 1106781
1049825 1029578 1131303 1008204
1120822 1070024 1079531 1095823
977800 1021300 1019221 1015088
1153655 1083635 1103863 1158691
1123070 1057044 1076308 1123963
1022064 1150111 1079771 1078749
1005858 1106646 1067972 1080639
883626 1087519 1043905 1002237
1016210 1063262 1093330 1076460
1085301 1108374 965400 1092784
1115573 1074767 965275 1101094
995899 1015382 925671 1082209
1113545 1107797 979009 1102055
961214 1027737 1121569 1008351
1026722 1017920 1127519 1007399
928485 954261 1030552 945195
992012 1011433 1160820 1007283
1111305 1053396 1076168 1079547
1053124 1044528 1072528 1059682
1032191 1022470 988609 1017819
1074823 1071004 1076051 1062082
