1054110 1030402 1114943 1001833
1053072 1043002 1134074 994148
916464 936270 991088 880143
1095219 1050843 1108960 954293
1053989 1057185 1011107 1043397
1045216 1037359 1012587 1044714
952841 946771 925560 919176
1023628 1006895 980070 999660
1003789 1052136 1055513 1091059
984238 1026719 1035722 1029289
906762 868471 961333 925097
977886 1017505 1065724 1052655
1088282 1046126 1036204 1005520
1040961 1089314 1020956 1048106
959565 964922 943629 928713
1045292 1062035 1064460 984819
1000990 1015300 1085545 965492
1013071 1075264 1150985 1026277
1040031 1098074 1144668 1049532
1048411 1068827 1146524 996597
1003959 983410 994759 1016624
1106407 1081770 1006856 1111148
1014169 1078292 1046019 1072903
1061010 991221 1023325 1048754
979608 997275 1055779 1006658
993825 1032661 1142457 1054138
1016641 1066936 1098456 1055799
1043439 1023190 1072763 1044408
1079737 1026324 992269 992004
1054202 1116493 1036762 1076840
1092127 1080112 1088193 1119773
1120977 1048606 1079973 1056842
1003776 976390 1059727 971531
983650 998306 1040662 945148
1054828 1106245 1157127 1040023
1042869 1060938 1138429 1014487
988114 955497 926557 1002670
998011 1020744 953765 1005443
1059825 1110801 1052389 1074295
1020485 1044636 1010851 1090816
889072 948827 996338 989526
969359 962028 1119163 996349
1033669 1061328 1096150 1062864
1031905 1071487 1090571 1078774
1014951 1020982 982610 975923
1004230 1019071 1015902 972100
1104976 1116171 1070683 1100611
1085450 1094404 1015263 1049684
960047 1001347 1067720 880917
967528 1022430 1016524 921995
1007201 1029439 1081043 1005011
1005583 1047209 1117081 1003542
994780 987721 949298 982396
961955 971491 928122 978386
1000216 964916 962531 1008927
1062266 1057108 997477 1056961
946616 951456 1044769 958371
939266 926009 1002130 952073
970039 1011133 1066355 1019685
980346 1022139 1060970 1032719
991184 1020905 990230 966739
991892 1021509 982543 993078
1050089 1031558 1012113 1049761
1053938 1064035 1079309 1056495
982145 1071779 1093120 995037
1021232 1087484 1160146 1043826
949104 1001724 1098106 936935
969228 1024887 1109857 978028
1050226 1053394 1112601 998550
1035347 1115547 1123567 1050764
964223 1001068 1109333 952666
972471 1044585 1117545 945216
978365 1035887 1078890 973196
1106171 1079759 1093990 1017366
994821 983676 1007776 1036288
986957 1017626 1049791 978881
924541 963441 944243 1070453
996578 1057278 972615 1126087
910664 943426 965969 1046440
923341 974968 949667 1011011
1030970 1099583 1175859 1022068
1023421 1082505 1138120 984646
943014 1006585 1056477 887310
1013783 1026837 1100085 957656
1100889 1096799 1123204 1021681
1048173 1045215 1114565 995221
980515 930992 1064437 924623
1023224 1025770 1104790 969789
1091651 1062214 1098191 1035544
1043507 1047565 1109643 1004064
955772 945784 974348 891124
1000265 975942 1063735 956393
1017831 1071309 953756 1081692
973807 979158 991088 1082339
916948 885168 919283 979419
955014 976337 953424 1023388
1033490 1123526 1120806 1020313
1034710 1080275 1113961 1026764
925950 990800 1027471 977216
951551 1035883 1127093 912407
1010977 1089481 1145813 1008097
1057471 1066891 1147492 1019642
978021 981753 1098134 907178
1040943 1075635 1115200 1033123
1024265 1081980 1066979 1062699
1078909 1064581 1083932 1032623
960782 988033 974029 995844
1055110 1043736 1077792 1041332
1012936 1014150 990923 1073368
1016532 997438 916087 1088763
937178 912716 898919 985567
1023484 1004934 966098 1093505
960473 991794 1034252 960823
992981 1102485 1124170 981699
971783 1053859 1087150 947907
1001711 1048576 1133592 988370
947383 968724 1031237 950662
1048962 1025887 1162488 992974
997790 1036670 1069673 965301
1004508 1081458 1153825 931607
974764 961444 968781 945781
1063918 1090556 1095590 1016178
1007425 1003436 990102 992764
992875 1026907 1059713 997906
918488 905572 903852 1003511
969746 993474 982120 1115487
973931 974288 969021 1010982
987999 1009687 980503 1018969
1020537 1019498 1112963 1036025
1074456 1066870 1071806 1061847
1113276 1050833 1113223 1086032
1062783 1001841 1062323 1001135
1062715 1009644 1025429 1062628
1073937 1042023 998252 1121932
1103982 1063702 1087846 1130422
989092 1039413 1037299 1046942
1128521 976050 979384 1025939
1147174 1078871 1086236 1069964
1171439 1056826 1048260 1057410
1113030 1004757 1028454 1038128
1042051 1072082 1013839 1034039
1072920 1138530 1063601 1108529
1128653 1092860 1063954 1134590
1051070 1047233 984118 995875
1028199 1051276 1135260 1050413
1033311 1029693 1066044 990600
1077142 1061670 1105335 1079490
1121184 1083037 1122153 1097406
1015067 988636 1017055 1086485
1004817 1004771 1012365 1084462
1064157 1063261 1016776 1119593
1069105 1057666 1051260 1144411
1129020 995534 1025310 1043017
1127078 983938 971870 1022438
1145878 1027840 1036716 1034838
1186895 1073536 1064579 1076967
1051518 1088693 1007268 1079791
1045958 1065952 997460 1056513
1079462 1086565 1061962 1095628
1153020 1165957 1100542 1198650
1074546 1048154 1104364 1034997
1052860 1062699 1081978 1043568
1004095 1060248 1107246 1055393
1053593 1032129 1080815 1071373
1025796 1021833 1000905 1095969
1073918 1027673 1016357 1121884
1043040 994298 1016573 1069939
1059546 1072866 1038733 1130979
1154434 998348 1039230 1018054
1115865 998819 1036472 1057988
1085463 1040637 1062230 1040353
1150220 1039329 1025428 1027573
1056503 1074168 1010492 1011648
1014838 1074291 1001768 1062358
1016376 1040434 1039290 1107784
1112598 1118565 1025713 1111993
1044267 1016449 1043829 1008685
941169 931744 1025326 958644
1100484 1019408 1096287 1053144
1006864 1003431 1012386 1031097
1031568 997999 952456 1078623
1019416 909760 943789 994875
1049590 1004654 1023125 1111113
975880 949501 978206 1006165
1088626 992923 984607 1012233
1046646 910680 962865 946458
1144562 1047417 1069877 1031678
1055486 972498 951677 964579
1027952 1014546 979691 1013018
964713 1030088 951340 995629
1062586 1146330 1014353 1102462
998183 1009925 999427 1000567
1063152 937047 1041168 1022461
1019065 955103 978763 998163
1076764 974399 1007001 1009638
1060622 1000940 1008739 1021571
1001408 991359 1001872 1080609
1005740 963868 975565 1049146
944970 936871 1001076 1011731
943439 953270 1028180 1071387
972612 1031093 1028136 1018009
1018205 991359 977484 1004310
1049456 962847 976602 1006523
1021693 1003358 996913 998536
982681 1023842 1001674 901150
998855 1019550 938204 896725
974763 1061456 933695 878956
1036356 1047172 963335 943187
1043748 968630 982384 1023333
1030851 1035757 1047426 1057797
1111943 1006322 994702 1026727
1070325 971780 1029654 1024535
997247 996132 1032521 1018818
1038962 985424 1006749 1055658
1012777 983797 1035301 991540
999249 944458 1062979 1064708
969405 982166 956985 1014986
1045437 1097899 979101 1045008
1016643 1042347 1012522 1039424
1043525 1043731 987499 1039848
955670 1008407 935981 856959
1042247 1074362 1008528 979685
1000892 1062926 978073 891734
1043719 1067684 1031153 932590
1068283 1060926 1044636 1020918
1040375 979034 1015987 1035306
1049629 1051713 1050538 1114993
1049117 994020 1071260 1048714
1004371 1022203 1048722 1069638
970462 983411 1023819 1059913
1016517 993754 1024593 1105993
995823 1002583 1019900 1069017
1096347 1063269 1037483 1053086
1011423 1027105 980760 1001812
987102 1047592 997988 1018093
1045797 1116541 973480 1016498
1065877 1101709 1036532 944717
1007124 1033708 1001434 854248
1044801 1018302 1022168 889523
1011160 1054178 960310 911579
1043797 979100 1031413 1018218
1172814 1067455 1127119 1099495
1039833 1006010 1014257 1044404
1063043 1024435 1054863 1039263
984269 970895 1040001 1008550
1104672 1113614 1103683 1118069
1000401 1007717 1018858 1080444
1020799 1018464 1062030 1057408
1014712 1007401 979140 1006985
1120241 1127227 1072091 1091455
1026818 992313 984974 1038381
1027246 1053066 987094 1060421
1003254 1049741 990209 904811
1096109 1145887 1061458 970955
976946 1098017 994775 924522
1026913 1060821 999587 938762
1007868 984660 958615 1062270
1023768 1034625 975376 1057031
1131987 1083443 1033182 1171163
1108158 1092876 1016602 1131698
1097900 1047038 983121 1030134
1068949 1037105 1036434 1040562
1137752 1094765 1055507 1093646
1105948 1071584 1061284 1079847
982547 992009 984274 942154
1016300 1001747 1062915 968409
1096790 1054011 1047220 1057906
1089481 1018651 1059973 1055364
1091185 1092042 1009046 1013821
1135711 1178020 999413 1010127
1235678 1148370 1091590 1057456
1135252 1145570 1100999 1095509
1050089 963806 966510 1040773
1102568 1109043 1064919 1160179
1043858 970535 971554 1070572
963353 966568 871772 983887
1032624 1038465 978583 994011
1119284 1126774 1062228 1124326
1052063 978982 910754 1004660
1014173 981037 912298 959316
1005874 1027247 992765 905641
1064886 1105780 1082961 1049575
977761 988863 1051258 963311
971940 942518 971558 934600
1104297 1131530 979615 975186
1172131 1194686 1070701 1077952
1109110 1083547 987842 971902
1050569 1029243 955276 933860
1077172 1014370 1020357 1126922
1086646 1040820 1057216 1120462
1081112 1014724 963921 1029502
1039275 963979 929618 1071634
1132913 1054307 991660 1085110
1107039 1095917 998119 1087393
1084384 1046010 988490 1076838
1060601 952415 943837 989642
1062704 1054080 1079769 993229
1064225 1073071 1070444 1041690
1050957 981347 1061532 986243
966441 1024607 1012775 927459
1159175 1141817 1003820 1022668
1172873 1177561 1061954 1053543
1126031 1101162 1023503 998900
1061863 1080840 996999 979309
1058773 986193 991895 1058392
1062716 1022783 981114 1093743
1046526 993652 1004394 1051730
1036595 1016790 967906 1051961
1024091 1055362 993173 989442
1114666 1062109 1021976 1096865
1034501 1027673 975738 1053396
1084016 1028252 958165 1084069
1011281 954777 995980 958914
1037410 1077724 1068586 1024380
982687 985087 1023112 981776
1013430 1021487 1008359 1006359
1139542 1108943 1022635 1010356
1134118 1178432 1042335 1016346
1099737 1083790 1016412 1025915
1117251 1085141 1043341 944858
1015326 994283 1059957 981910
1073993 1061797 1150567 1016725
1123540 1064701 1096296 1011395
1045202 1018796 1069545 1000456
1035806 1057420 1018241 1074556
1069033 1094525 1028132 1058917
1119583 1106517 1056251 1123348
1046843 1093698 1016190 1093647
1010854 1045197 1035742 1048702
1116749 1069843 1052609 1096987
1092615 1061824 1059693 1134578
1058247 1039722 1043884 1056756
994668 1052850 1007010 903272
1121049 1099939 1040250 1028893
1075894 1180440 1102645 955702
1049529 1098608 1010438 948891
1062317 1055763 1075250 1030264
1093551 1057097 1119505 1037768
1056064 1087392 1157308 1041830
1029238 1047802 1066523 993219
1030101 1105998 971735 1076584
1133257 1121007 1049962 1107591
1070976 1138523 1096948 1123684
1035369 1073148 976541 1034493
1100150 1047424 1056292 1067299
1159220 1100621 1052797 1122949
1128671 1064108 1065314 1120669
1067601 1003647 983819 1061914
1111781 1094386 1014350 965152
1136850 1143563 1062020 985940
1162142 1138751 1059535 1033013
1056356 1043148 997860 925766
1140325 1120811 1144382 1066691
1090307 1018515 1051485 985119
956081 956819 974078 922289
1051647 1050710 1053542 1015211
1145922 1144648 1071378 1169456
1080519 1127053 1009360 1080500
967778 1003133 928236 964023
1045751 1103775 973106 1033591
1154519 1123069 1084007 1153815
1092690 1050057 1050078 1062231
945548 968438 940175 971592
1053215 1014611 997774 1031689
1142320 1192868 1085847 1008250
1098316 1092066 1061766 991586
997976 1034923 985351 912643
1059017 1061944 1027494 920278
937904 964254 1017306 927320
1047512 1034738 1050069 988468
993805 1050699 1018765 940359
965634 980032 1029222 979911
971828 1007591 932419 971142
1029061 1064572 952779 1028301
1013118 1066483 1004834 1024182
999124 1077757 944057 1015987
1016782 946189 943040 1014560
1066244 1033780 982427 1079313
1010209 999293 965455 1036343
1044735 1010261 992589 1058741
1016295 997152 958742 866610
1056769 1065576 1007081 916832
1078446 1064580 1008082 948032
1015342 1059286 989010 973462
1006773 1023559 915085 976650
1068215 1086350 988864 1011843
1018074 1063516 995290 988574
1036307 1011157 942059 983710
984446 930212 939704 978816
1068259 1033728 1017138 1018430
1012413 1010786 962892 1026078
980747 1005951 978955 964506
898725 951737 1018226 957128
968091 1051131 1076727 1031040
966687 1050805 1033325 947074
936813 965750 1064444 985471
1013078 930166 963592 984682
1048680 992969 1057752 1080906
1058827 1000904 1048104 1055179
1044609 982559 1003977 1041134
1058708 1084201 1046757 1025533
1085692 1082015 998868 1021801
1038035 1046251 949260 1009013
1164839 1116202 1029742 1093711
1082803 1068300 1031306 1096644
1066357 1039130 1038815 1049458
987562 974753 1009139 1014779
1073049 1054461 1091657 1110098
1025541 1095378 1105978 1052288
1016352 1048196 1062771 986455
926016 975459 1024571 965961
996196 1088255 1094678 1033574
1093125 991818 1051440 1103167
1049111 1004122 1068659 1081004
988709 1016041 982541 990306
1115008 1057052 1119810 1071273
1042899 1097070 954909 999688
955703 1003816 946340 970104
1028920 1042946 979303 1012307
1043831 1033508 984234 1016717
986426 1015104 991509 1019288
971831 1001730 973926 960189
1010043 989462 994547 1032026
1005070 1018794 1011355 979973
993077 1022636 993764 980554
927021 994190 1026437 949158
986058 1047522 1059373 989205
955147 1027790 1038638 983461
1015258 934411 1032667 1060383
1055052 944955 1035467 997364
1022870 1011766 1008765 1083497
1011566 997964 1005051 1039855
1010736 1011984 939053 1005273
1028626 1007810 975273 927482
975438 1043743 979541 983272
1047710 1081939 1075816 1068189
968084 973387 985814 1027997
986099 1004229 971205 1013686
1009447 1008830 957850 973380
1059500 1074637 1003703 1042726
937270 955874 986359 945626
980659 994624 985613 919115
985495 980806 965571 962372
1017214 1026375 1058275 1021892
1040876 937979 1003404 1031985
995764 964358 1024667 1035975
1008509 944233 986499 1004026
1097663 1008137 1058333 1082898
1074214 1165717 1170872 1072555
957432 1047371 1068693 981273
1016817 1099341 1148210 1038252
944789 995536 1072040 912051
1018104 1096394 1061193 1057906
967508 1030209 955771 966108
1003324 1079408 976773 1025815
920577 972544 913863 900876
1017355 1089727 1117777 1030359
1013633 1004905 985407 943689
1071434 1048079 1046154 983193
986018 951378 941720 906318
1117040 1162335 1125181 1081275
1017386 1021250 1032747 1006115
1071760 1070668 1049055 1050471
1003670 978979 953958 993064
976129 1029476 1122985 993557
1020740 1117186 1153137 1036029
1056937 1070489 1156856 1039686
1016077 1112448 1137770 1053821
991222 1041199 996300 991466
1021687 1055506 1028536 1024495
1022662 1066058 1027733 979048
1030758 1101601 983623 997398
1007989 1037696 1041649 988898
1065874 1084516 1084529 1011930
1067129 1064627 1083228 1010073
1057921 1046803 1024862 966914
1007811 1032031 1044582 1034042
1043655 1098467 1094688 1079593
1086831 1092548 1089467 1083507
1044326 1067684 1074065 1135095
975263 1012917 1079206 932400
938796 1006312 1087038 920924
986174 1027564 1086146 1020523
1059802 1066002 1126099 1064085
965454 1023794 985199 914105
919453 996298 968239 944175
1009430 1004683 962524 956016
1020805 1092495 1042896 1026334
1034961 1007924 990210 938893
986711 985339 998623 968973
977943 1027056 992858 1001209
1047821 1086635 1056467 1031225
999130 998918 1035488 997224
963783 1022881 1053030 1015897
1029701 1076888 1055173 1042015
1094360 1093262 1135440 1052734
1052835 1084687 1145172 1040339
1019858 1115602 1161100 1024846
1037346 1092015 1203497 1094450
1006150 1136390 1114240 1037022
1047602 1072822 1028220 1053956
1030860 1046887 1045303 1016423
1031826 1098816 1017395 1035508
1013581 1055380 993034 991836
1088146 1039677 1057218 1010654
1117934 1062149 1064969 1005542
1103872 1093499 1084305 1037367
1098682 1053451 1069365 969102
1090606 1111116 1120168 1098838
1059645 1085242 1075025 1047581
1112568 1094203 1075033 1119460
1075768 1081211 1079311 1107162
979770 1039530 1078483 1017378
847027 935542 920240 890641
938373 1038476 1057872 1014146
879522 1046740 994120 967277
1018855 1138482 1043225 1052685
864516 993419 921714 939743
989322 1116257 1079841 1017304
995656 1105519 1035056 1009607
977883 1082337 966611 1086376
872454 926369 877669 972120
997679 1054209 987414 1160430
988430 994691 950791 1057714
1011723 1010757 1042686 1047578
887164 898740 920545 929414
1004139 1017418 1041979 1018637
974950 1033042 1055815 1039195
931966 1024839 1028563 1021332
1030730 1079539 1110785 1050024
991397 1073359 1045370 1043852
878861 1038183 1035534 994673
1008395 1088952 1061744 1007157
1008764 1118112 1136431 1088791
999644 1130450 1076812 1053381
967612 1005754 1004609 987338
956369 1039689 953025 1125334
1049555 1113515 1027268 1170982
980281 1042617 1025763 1108818
965248 1001729 938798 1068073
1011660 1014791 1032899 1022876
1037742 1065076 1055562 1064884
1013931 1064464 1030078 1057952
969666 1004812 993158 1042994
1010810 1067379 1064163 1066790
935293 1003340 1032810 981241
998644 1128483 1074043 1068069
958889 1053231 1016176 1011002
1009697 1121616 1138821 1088829
956017 1039854 1058784 1014027
1020444 1165594 1154128 1083332
1010084 1062450 1061543 1018168
1022525 1154170 970685 1155411
955126 1050987 903014 1046259
1038753 1127193 1016425 1169225
1004455 1049710 983435 1068369
1047938 1061921 1056725 1137315
962863 967519 1039157 1027002
1070459 1089937 1062386 1104129
1006860 1011160 1018085 1043717
989901 1112797 1054498 1077685
952794 1092188 1053513 1044602
981733 1079652 1061047 1088273
932074 1088477 995329 989337
1052867 1158670 1127193 1108994
1042164 1163943 1098345 1072107
1031071 1117105 1090054 1035590
984507 1120940 1094587 1012034
1054878 1106465 1008916 1138968
1008648 1051294 997976 1167317
1010890 1087418 974793 1170613
959180 1042355 973357 1130115
1057197 1135897 1072770 1086391
1026677 1047578 1056878 1035051
1017961 1016793 1055456 1076462
996237 1031233 1009305 1078409
934214 1142763 1094485 1061049
986810 1131062 1066755 1065556
975220 1107041 1055390 1019876
977438 1136138 1078297 1055660
1069485 1053594 977139 1064887
1103539 1095957 940418 1121740
1097081 1124070 951535 1077094
1112868 1103465 950690 1067172
1016577 980598 1070044 992836
1000658 1043719 1085507 1019012
1009952 1017691 1091183 1020858
985945 1026427 1095674 1044684
1073229 984360 1054168 1083880
1099213 1065731 1036647 1035480
1109654 1054880 1086447 1080975
1087364 1037073 1098247 1096890
956056 1109642 1095596 1025870
988535 1131950 1097940 1097703
906762 1045368 1026947 1034194
1016852 1180830 1107337 1114650
1111573 1052605 991495 1138799
1093828 1109533 945051 1116150
1036106 1034805 899929 1031638
1148789 1114914 1017220 1144213
985343 1027220 1078948 1018576
993716 1028890 1157200 1026791
946541 958440 1047110 980602
1031224 1041414 1131946 1041047
1062401 1048118 1062565 1039735
1108706 1076374 1076333 1134038
1034541 965878 1052018 994699
1125788 1098077 1067979 1155308
977041 1137611 1044564 1117839
979406 1117417 1083967 1090784
1013948 1122546 1064245 1060230
1020685 1180447 1131583 1090843
1080914 1088479 980107 1123626
1113272 1122411 938688 1062126
1144684 1089926 966561 1130105
1097797 1099827 1016955 1142637
981895 1023331 1113012 1001358
1000864 1026631 1106326 986484
1003455 961917 1070539 969885
1037782 1030065 1129920 1013463
1097134 1080438 1112959 1082037
1082566 1037891 1096434 1100257
1063724 1025292 1092135 1068696
1130084 1078331 1127755 1102562
995408 1071927 1108930 1045498
984516 1118712 1089568 1044954
1004521 1137794 1109276 1040244
957668 1081015 1073269 1031071
1048676 1065419 896394 1041892
1091854 1037627 964916 1039269
1134132 1106229 969209 1097802
1064898 1023001 928092 1078977
952941 1006406 1106036 964688
975244 1020664 1100656 929841
1027120 1036918 1090223 1006687
936737 984794 1091849 971137
1061954 1011809 1022040 1013283
1071755 994892 1034285 1079204
1082735 1045542 1084060 1092712
1018837 984271 1037366 1097939
