964218 982528 1049986 896368
1094737 1116676 1163029 1034718
1034659 1034088 1098227 980874
980769 1018989 1061505 950905
963556 966737 952161 979030
1095828 1087911 1049760 1106521
1024958 1059262 966568 1023769
1012622 1025652 990397 1006937
891258 973988 995234 938315
1087988 1065413 1164843 1085664
999501 1033677 1089005 1019834
962166 1013044 1036066 1012868
995311 985549 960122 1005839
1127625 1105600 1090950 1096259
1079504 1040852 1035084 1017591
1042361 1066774 989261 1018582
1026945 1012812 1093910 1024046
977216 1030979 1120970 1003251
1089422 1115552 1144056 1006030
1020861 1035327 1157059 988406
995314 1005616 1006132 1045890
1018967 991714 960639 995433
1088391 1064046 1055738 1133068
1068373 1087946 1003154 1086242
1003365 1025324 1074636 1018432
972116 1013006 1033149 1006149
1032156 1049869 1096602 1073642
1004457 1060409 1060032 1048970
1066025 1024430 1001751 1039778
1036854 1042571 1029084 1019766
1089065 1079048 1117156 1133419
1093696 1072137 1088503 1036671
1033814 1001120 1094861 1027491
1061549 1059299 1134520 1024299
959190 996464 1087547 946005
1040083 1046289 1161357 985488
1042545 1047013 975556 1020969
1028906 1017735 1033139 1040745
989444 1011973 953504 986060
1065618 1026136 1040295 1019112
1015187 1046620 1059881 1025789
1020809 991787 1121885 1067658
944370 956482 1016689 977467
997068 996464 1087034 1056758
1045190 1040157 1010511 1044576
1098464 1039423 1063167 1085546
984597 996603 939618 1020065
1098371 1050966 1054324 1039906
1014962 974667 1004658 948701
1029117 1009455 1084269 974484
1075084 1104354 1137900 1063779
1112625 1096247 1181002 1063722
953287 989460 948449 994418
978917 1014796 979106 1010729
1097043 1106205 1058668 1106363
1101033 1084717 1095951 1086973
920506 951091 1019549 951192
973633 991213 1024801 977972
1068791 1076858 1179019 1068162
1030840 1058919 1091546 1079602
975901 962926 955209 1030216
978101 1052860 1019257 1057566
1143091 1132285 1098472 1098835
1136434 1129937 1090238 1113584
998629 1056519 1045888 978932
1000466 1034571 1092324 971967
959973 1020285 1057536 945229
1008854 1076104 1136316 998963
1055259 1063266 1115714 974226
1032500 1071169 1076406 980485
993697 995969 1006066 933599
1041747 1061534 1140977 1019316
1033445 1035519 1055164 1004106
1021724 1000621 1075540 1036100
982154 960949 1053485 974423
1107223 1075724 1130869 1044391
966125 997289 984198 1072348
937638 978023 952505 1040317
926768 935886 922602 1054107
1009654 1025837 994390 1065459
995243 1060419 1118833 987733
976739 1052444 1084703 952179
1077721 1039976 1110708 995083
957961 1043910 1071855 950209
1057541 1052153 1113989 993229
974821 1040124 1055998 972633
1072181 1050001 1107798 953274
1009542 1028711 1091144 954411
1012050 1038071 1092718 1016190
1033898 987825 1002639 928171
1047432 1018282 1020593 1002602
992930 1041067 1042924 991561
1008516 980023 999186 1052527
931461 920054 943967 973517
979658 977844 974986 1044683
964189 948306 937030 1063240
966216 1017385 1093022 946271
1044408 1068288 1135487 989461
933244 1023714 1088174 972333
970376 1053687 1109240 1023065
1021314 1028713 1089818 991066
1078357 1079152 1155656 995257
1000840 1008561 1074952 895290
1014137 1075281 1147274 997017
1027255 983301 1053121 961021
1076907 1032164 1101924 1026855
992052 984154 1012263 1001053
1008071 1027290 1080244 1001344
995010 975364 915007 1028644
981504 1035013 1014616 1134397
957947 943810 948769 1021857
940036 1020859 923824 1087457
1042842 1102640 1133612 1018771
1013599 1086358 1100774 990971
1097428 1113685 1178961 1021160
955507 1000820 1033037 963748
1054584 1043047 1162123 1049536
1052877 1078441 1154138 1019751
1072782 1093361 1164421 1045583
987535 1001652 1042164 928751
1029832 1086937 1091522 1025977
1035733 1054469 1058402 1051403
1087531 1119618 1135608 1072318
967119 966595 978543 936904
1039704 1068342 991960 1099952
987581 1019361 968609 1145164
1009570 1010661 996393 1126723
962294 943089 908926 998170
1016203 1006619 1048462 1025232
1125959 1040205 1073177 1055931
1064878 1032667 1073102 1026599
1004381 977552 1017857 976849
1025199 996434 984209 1106413
1055642 1048593 1056596 1105544
1008015 1006084 1015713 1063540
965741 954814 954844 992001
1111375 981074 993661 1008895
1134107 1003457 1019169 1008420
1075338 972428 1040882 1015555
1053544 932721 917993 949667
1028149 1062921 941824 1084032
1082176 1096533 978267 1078263
1020302 1043842 995259 1005665
983728 1006005 916539 1019756
1070974 1058536 1092058 1065684
1081807 1066870 1115036 1075892
1018484 1004656 1046372 1011007
1019632 1035985 1085089 1031125
1053709 1016321 989460 1068004
1045210 1033241 1081002 1025557
1019718 985261 948245 1080614
1029568 1042514 1006070 1077961
1127059 1034647 1016343 1058455
1110461 1007502 1032184 1001420
1074445 980129 990077 991112
1102579 978652 991969 1014874
1050492 1089917 1015209 1065600
1054439 1081231 1008150 1047070
1040979 1054447 1018767 1028588
1006962 1049965 1005734 1024054
1029830 1052498 1074242 991088
1031092 1030981 1069856 1038944
1065086 1054578 1075503 1027003
1044522 1050668 1082795 1030995
989814 1028533 988928 1033883
1045492 1049445 1029670 1096906
1043074 1018372 1022506 1046259
986667 1026966 969044 1028499
1123520 975195 1026420 998708
1151630 982776 1056557 1011242
1098177 985961 1010186 1033104
1114316 1026024 999468 1034404
1092988 1122691 1041673 1063206
1039839 1076206 1016937 1097171
1047082 1045020 992958 1099779
1040694 1094342 966518 1012909
1061009 1038925 1128205 1021362
1099650 1128129 1181636 1070295
999968 1052860 1078151 1021456
1024641 1025249 1064125 1025153
1035450 1058660 1023103 1097553
1113868 1090204 1069462 1151834
995797 975575 981005 1035876
1026407 1026178 969279 1094141
1122606 1006758 1020517 1046612
1173577 1070629 1060906 1109937
1118778 1005506 963236 1002650
1093896 975815 1018435 1020448
1039775 1099644 1029715 1099567
1082675 1110152 1098343 1144431
1031380 1050837 1012957 1011316
1043462 1058390 983118 1052562
1080324 1020354 1032374 1068320
1040033 967278 958238 1068386
1158080 1043237 1106925 1117941
1125124 1030526 1111705 1177582
1028502 967008 1047824 1051143
992745 939750 1010432 1051555
1059814 1064618 1122913 1100662
1100424 1100627 1110442 1134205
1052126 1104433 993405 1066397
1007867 1030975 969353 954805
1033411 1092040 1027941 1041118
1117036 1115962 1042586 1094232
1028289 1067032 1028690 902500
1007981 1005796 948967 952762
1100277 1130910 1074077 976617
1106913 1197968 1055096 972857
1041355 997453 994838 1043155
1097693 1049539 1034212 1077980
1079936 1031958 1039345 1070744
1121590 1000036 1050144 1023529
957051 953747 996403 1057618
1031586 1056218 1079119 1060872
1044744 1005730 1063621 1069164
1014383 975874 1029532 1055929
999171 1067768 944432 1015383
1075585 1049267 1018973 1044056
1033242 1073384 951087 1039005
1048796 1037190 966943 1024980
992059 1022131 936743 900718
1008968 1077053 973056 986770
1041543 1094039 1012319 925667
1025522 1101750 992251 900904
1096716 973631 1031649 1040356
1160189 1088379 1117476 1116729
1128520 1054718 1078953 1115847
999573 906797 965078 996990
1016567 996084 1064010 1067128
1043813 1073080 1120937 1093058
1096307 1039143 1044876 1145832
911406 924792 954189 981789
1040018 1025969 1019767 1067091
1097783 1126770 1065612 1073633
1093289 1118586 1008761 1125656
926918 970864 927850 950429
1031964 1052269 1011598 938997
1075455 1118429 1091847 984641
1066591 1117079 1030043 974367
934344 985699 940150 832152
1100901 1040262 1049252 1086947
1046110 943020 974780 1017903
1133249 1046308 1111168 1092803
1039558 985479 1038262 1033843
987328 989752 1073156 1085876
950199 975427 982801 1031581
1026186 1057664 1102266 1128650
1032641 1015115 995387 1040588
1067454 1064446 1043267 1027033
1037955 1014100 987185 1023043
1065505 1070795 1038108 1105717
1052932 1036994 1028317 994683
1045249 1082558 999601 907193
1000146 1034629 977902 871473
1055251 1143828 1052909 956898
974810 1021560 1008761 904143
970309 997331 938138 999428
988787 977496 962820 1039875
1092249 1062729 1044083 1114415
1001743 987467 934724 1063061
983064 1000367 934329 984655
1027492 1046012 992578 1036189
1121063 1081969 1020107 1125058
1029074 1041936 946411 1045457
957821 913805 961725 926255
953468 1001576 1019840 957261
1043663 1024715 1060286 1050847
1003422 1013095 1029864 973528
1071194 1043716 930596 968890
1063770 1102243 1042601 995318
1182396 1166918 1067638 1041676
1065287 1094610 944816 1008146
1025588 1053173 983210 1072353
1023280 978458 935712 1048533
982756 955469 946164 1007313
1010393 996342 966791 1012302
1118588 1033779 1021899 1022498
1033742 1031889 974313 1004934
991183 960342 918116 1023694
1022287 1023217 960048 1022936
1017462 1047570 1029020 987929
967148 966839 1000166 985997
947155 954824 987938 954521
948682 990125 947485 931969
1121022 1110910 1042612 994459
1072795 1083093 997216 1002604
1072293 1053437 964565 978908
1073423 1100615 963134 990099
1055111 1001276 982871 1083230
1046052 1053658 971176 1073861
1123053 1036415 1058793 1154579
1041251 1006986 980991 1039885
1062996 1064420 949785 1051351
1089813 1064154 1033712 1041536
1134738 1117079 1070995 1091596
1048752 1042256 978264 996466
1010740 1016687 1044204 1015845
1031275 1057978 1050365 973003
1060023 1072461 1076912 1030292
969684 1007724 1014470 973151
1092076 1093679 1043808 1015854
1119287 1124253 1016992 1056045
1174182 1182144 1030317 1093127
1116992 1093270 1025691 1031292
1057726 1031747 1011529 1083447
1072415 1043255 1024966 1102672
1017640 973017 958048 1068037
1043537 1057919 952574 1052623
1115415 1055686 1030271 1054682
1106761 1125738 1047437 1054091
1002394 1003959 942120 1023788
1073299 1017137 971097 1079724
1059545 1041511 1053738 1023421
1048515 1036652 1020848 1016927
987795 992518 997984 963498
1050370 994775 1080154 1017442
1108036 1122413 1061289 1038549
1125083 1169536 1064785 1076212
1082245 1111090 986861 956373
1129352 1114208 1004722 1027806
1016742 1012668 1028524 964201
1038105 1072126 1082338 1013717
1000099 1023109 1067182 969823
1002661 994258 1046419 980188
1036330 1028597 969053 1027887
1065541 1046320 1013632 1065938
1060441 1056533 991211 1051625
1012440 1071297 979101 1047450
1059114 1046347 1061358 1002733
1069455 1084231 1009848 1056966
1047869 1046061 1036586 1058351
1037235 995041 992815 1053380
1047031 1051057 959199 891328
1100418 1069436 1039107 960002
1092372 1124329 1035788 984619
1082133 1087823 998941 931636
1046078 994000 1100777 992977
1075295 1067505 1097304 992015
1052237 988242 1030936 1015430
1086174 1095749 1094933 1029708
1040741 1015164 996541 1039016
1076659 1063136 1020471 1068666
1100258 1051203 1032373 1044362
1075835 1153381 1024290 1145346
1076938 1035597 987358 1038629
1059330 1074088 1057583 1073732
1099264 1053051 1015861 1056122
1106303 1126915 1053732 1112624
1015055 1045451 1009338 903003
1091471 1127959 1059731 892506
1080046 1130430 1048113 933820
1158767 1157748 1092183 1037221
1059547 1063469 1113764 1073256
996570 998969 1033324 986949
1078852 1079507 1126415 1000763
1071522 1037267 1075176 1041913
1079399 1131773 1070588 1069827
1039116 1102942 989069 1036903
1055462 1115210 1016100 1046000
1085425 1066829 1018070 1056510
1148570 1081522 1076295 1080509
1025765 989669 1006150 1063918
1057548 1026622 1055831 1072504
1140813 1067031 1009534 1091429
1096019 1104608 1086860 978669
999112 1094160 1033063 941957
1099996 1145325 1058545 952394
1070453 1078767 1052847 1006587
1010008 1010795 1036488 967650
992991 974407 1011781 959012
1072788 1004045 1015360 994818
1038954 1080453 1054953 966017
1011819 999016 1005071 1022651
980170 1057993 933528 1054734
1020660 1119764 975448 1064456
1058012 1109203 999151 1055493
1013351 1011305 993157 1030688
995972 998057 1003272 974079
1033044 1051591 1040916 1070683
1071152 1057340 1004491 1076288
1049945 1073553 978656 912295
958450 1040975 952674 896565
1055691 1079326 1054379 935095
1096095 1086083 1041139 949774
1141302 1110422 1078082 1087653
1036177 1048129 988437 967450
994097 1020097 956675 982520
1051253 1078472 983591 1001963
1056962 1090933 1086615 1070671
985327 997157 1022741 1027961
993205 1011508 959078 1004754
1013613 1026009 1003108 1006192
1044158 1098719 1132390 1067535
940411 989281 1028713 964388
943382 1014603 1017985 940477
920178 1007912 1032028 951014
1147061 1058128 1078768 1095386
1029797 999649 1021668 1030296
998086 928818 1039121 1024158
1012199 979252 1054209 1020810
1008735 1027439 935909 996921
1127400 1085059 1084574 1059273
1063603 1046959 999289 1028192
1011870 1059703 995624 988248
999884 930269 949320 961369
1074174 1090785 1044080 1057071
982628 1030495 1016759 1017793
989079 1007642 986217 963565
908827 966622 1019611 979814
1001691 1068939 1095564 1028556
1017937 1026207 1022552 967254
955941 1027843 1047777 995172
1002816 961576 1021202 979928
1133276 1054924 1103030 1095241
1070429 982056 1013217 1047370
1021095 951758 1012924 1021802
1072854 1046114 968889 998855
986915 1077572 971055 967506
1048247 1023429 990630 972360
1012504 1032149 965868 999105
1017755 994111 931889 991138
974874 981495 951838 1006429
1010908 1002724 910561 957809
1007742 988481 1007233 978554
975607 1002756 1002887 982037
945026 986423 1035728 974233
951336 1007054 1015039 971871
984624 1014138 1026953 979540
1031503 937854 995079 1016359
1002209 980644 995787 1007025
1008684 982520 1017870 1048692
1063899 1006754 1018219 1041118
1047248 1053299 968521 955096
1072417 1097649 1009404 1015818
1091930 1113770 987715 1005893
1064799 1114387 1049330 1040777
978923 1009182 998838 1002152
1097157 1072713 1031370 1001780
997181 1033623 998125 1004934
1054769 1040437 1058888 1076548
936619 1014458 1042122 948640
993746 1055456 1069431 1031158
976763 1010997 1067059 1007684
994310 1045014 1087418 1044101
1066712 1005671 1018916 1043451
1060082 1018646 1056885 1068663
1022990 983033 1056748 1053123
1066646 1057621 1044281 1093219
1013529 1049074 1124681 1012543
988106 1019053 1082808 1007268
1080517 1072660 1241903 1086908
1019912 1082948 1171689 1080092
970123 1050861 971056 989323
986321 1066966 956733 1009361
1073168 1104817 1042920 1062800
1036767 1100244 1016899 1023565
1021882 1009851 1043385 993718
1047548 1027440 1003506 986020
1094478 1100968 1121385 1065379
1091434 1097602 1060902 1065515
1057970 1073499 1074159 1055066
1001063 1052667 1008081 1020015
1111005 1125574 1132889 1113548
1104770 1103291 1078251 1081565
975174 1011366 1078847 1042846
1045880 1095601 1180257 1092786
990763 1055522 1127256 1017967
1027815 1117421 1134039 1075157
951174 1012267 973858 938537
1002789 1107684 1039086 1026347
962568 1047445 1001067 966337
1050484 1076958 999133 998133
1053075 972169 1027754 970540
1071315 1080465 1056821 1056405
1070171 1000132 1033343 978171
1108625 1079932 1074928 1017214
1022147 1026794 993130 1049041
1057820 1100862 1148498 1096635
1024840 1051472 1031299 1042602
1098990 1100580 1111442 1074896
939443 998018 1016858 944230
966910 1044452 1083949 957244
942375 1020871 1062631 953521
996349 1051151 1136524 1001394
932347 981654 926106 941237
952164 991619 942853 969054
923340 1035697 963125 933184
1003743 1049548 974051 990710
979582 972846 976720 954544
970560 970075 975826 922446
982641 989020 982066 954307
1021085 1015411 1055105 957415
984939 994620 981802 956362
978356 978376 983687 987361
1001281 1005724 1004737 978857
1036041 1066921 1052332 1044416
986091 1102711 1135577 1026226
1008494 1063460 1107725 980308
971014 990908 1095745 997411
1052629 1058717 1177367 1022027
1018530 1069857 986473 1044401
985109 1046836 986536 983495
923259 1008418 994124 948935
1039216 1029843 1006348 1021600
1087597 1071540 1052349 1018467
996142 1018326 1022215 1004093
1015525 1017652 1005508 957689
1065853 1046514 1052826 989450
1075998 1133292 1122946 1089480
1043773 1085182 1029402 1044299
999756 1062368 1019708 1021947
1096366 1045464 1076938 1067587
951442 1024772 1058221 1018392
957709 1031591 1002136 1046855
1011101 1100221 1127812 1049847
929716 1013920 1061506 1023936
1025979 1122827 1064199 1025230
986877 1094012 1078142 1012181
1068054 1203149 1115554 1062000
981244 1074774 1062812 1051295
964448 1089205 987304 1145732
998752 1036484 946668 1091619
1019855 1123088 1018518 1177852
946515 1027615 967546 1085288
1011776 1064429 1080377 1020211
1016406 1017712 1060886 1076263
1058399 1070268 1115853 1154951
1003999 1031680 988526 1053612
913262 979102 1000047 920870
987662 1115775 1119983 1077775
975908 1041081 1004602 999742
1004422 1119753 1116533 1072815
924451 1023203 1014556 960910
1077422 1144355 1109011 1119095
951920 1098658 1050889 1019925
1043716 1150203 1122409 1110409
905339 1020426 928744 1005399
1047615 1129029 1035135 1140828
1015307 1013934 957502 1080783
1062453 1154391 1057380 1158823
965634 982498 970928 979925
1114961 1065206 1078287 1140094
959951 1014041 1031920 1059506
1093452 1111597 1055811 1130111
944378 991852 990328 989991
1024083 1178955 1181216 1143219
888601 973259 1039321 988979
919717 1022726 1012185 980999
1005812 1107396 1073299 1012422
1092499 1189918 1192265 1122699
923871 1059792 1070601 1028291
997102 1066982 1073463 1016457
970040 1012971 945816 1130668
1095309 1148402 1022440 1186480
953340 1050727 940343 1031057
983320 1025806 927287 1101512
1011143 995472 1006209 1039993
1087681 1150968 1134762 1156197
950518 978407 1002268 1004290
986804 1022357 1004146 1039583
913382 1037016 1018418 1016435
970157 1105013 1093639 1029673
931316 1057546 1066447 1059138
930123 1095045 1042205 1030581
979992 1071948 1058348 1055969
1023346 1083439 1126869 1064739
1007728 1109095 1119206 1044828
1018402 1110238 1089557 1055156
972291 1031500 961791 1098435
1009497 1128810 1007030 1146147
1013923 1033125 985675 1183341
996159 1055746 970218 1123370
991524 1000144 1020344 1016641
1020636 1058048 1057599 1090547
1021875 1052249 1073106 1040961
1044294 1034168 1073076 1074091
911544 1091969 1050026 1010770
951630 1085060 1001942 1009617
924268 1058655 982133 996098
915563 1055665 987209 1003951
1043616 1016704 898723 1054012
1078478 1069392 914498 1067712
1033095 971155 887086 972730
1050085 998162 897115 1077157
931376 1027060 1060112 936314
934587 967533 1033908 984833
931153 952393 966036 932394
936700 959260 1038695 946921
1075465 978414 1023362 1042721
1030050 990597 1021238 985671
990192 926226 979743 974107
1047388 958761 1069580 978350
875970 1015444 917287 958586
980213 1149532 1075600 1081201
1015007 1140999 1099135 1035207
948948 1129388 1068386 1057404
983136 954643 846129 954965
1089289 1053145 922960 1122822
1114604 1091403 992742 1101175
1115928 1040108 960273 1122671
858083 966087 986543 895040
1044580 1009674 1052669 1000072
1057639 1003789 1081957 978941
987819 1037868 1053392 1007931
987170 940116 925149 950341
1082802 1053952 1080065 1077691
1088313 1004188 1098604 1110520
1083182 1057809 1076784 1071361
1013770 1177690 1110601 1061970
985349 1159691 1098168 1096530
937832 1004454 994968 990122
954054 1082301 1012951 1022112
1153874 1124764 1008427 1113892
1149425 1092501 982826 1118620
1013025 1005486 901019 1014191
1040223 1043236 893756 1041460
1006996 1046086 1165820 1024557
991369 1035945 1123342 1008107
911863 936978 1015223 918207
951856 989501 1040909 973934
1114246 1076125 1151917 1119890
1078748 1044450 1052252 1128394
989022 962046 1020339 976138
1049143 1021417 1028985 1030618
927944 1099460 1046224 1014915
923009 1077452 1056940 1028657
973752 1117415 1071097 1027318
1014567 1146349 1104854 1028535
1024456 1060031 909114 1039941
1035608 1064086 891966 1098232
1097543 1075343 961585 1096012
1104213 1087344 959223 1150984
956816 992162 1051176 946281
1001977 992501 1055209 965485
952299 1033422 1095970 972537
1007518 1037100 1100962 981195
1013236 1002479 1045013 1020904
1061827 1022080 1012272 1033711
1055229 1071728 1038189 1048855
1144030 1052430 1105633 1105787
