989230 1021286 1072615 1007233
1048050 1043180 1080764 1000995
1011788 1042751 1087508 976473
939585 989836 1083043 918892
988887 1020952 1004279 1047584
1040444 1005808 995693 1076807
1029519 952857 996487 1014842
983856 983310 935818 974012
982237 1055247 1075689 1056703
1006655 1030848 1132329 1037134
950700 986276 1056617 983330
917120 955616 1005892 977555
1082157 1069192 1063517 1075227
1069108 1092890 1004997 1049821
1018250 1026089 1008434 1045505
1009065 1028703 1025928 982061
1053921 1099117 1139989 1043883
1029141 1048463 1054106 1002652
1005508 1033440 1096633 1000978
1099359 1064183 1124946 994685
1076748 1064180 1004900 1068774
1007742 1023952 958924 998518
1006461 1062024 1001802 1052781
1072185 1085893 1068805 1046993
985049 1008711 1115982 1064073
981275 980527 1043546 1003205
977804 1003478 1045270 1023691
1024116 1021098 1088332 1049472
1069863 1042072 1040143 1067021
1034895 1053939 1048750 1026070
1080247 1040807 1037989 1039307
1081151 1088069 1026048 1064163
1018394 1028548 1079011 991728
994501 1005134 1107677 967142
1010472 993099 1051603 974334
1057281 1064353 1124557 1010852
1005188 1056973 973545 1010665
1038612 999246 1000549 993604
1006624 1021881 977888 1029088
1051445 1035218 1032790 1076406
973496 978400 1019934 969361
987733 988460 1065358 992109
983722 991290 1033037 981148
1028510 1044420 1079137 1028911
1026883 1058301 1019785 1007760
995063 1021727 1017149 987079
1034139 1025281 1011152 985201
1066043 1073145 1064364 1055172
1031851 1020909 1144866 1016701
936965 940962 1032098 925886
1070715 1092609 1168686 1031325
1012052 986424 1066105 918423
976382 1051926 986961 1045114
988867 971896 946122 1004570
1062732 1044500 1026919 1039665
986572 997974 940649 1013290
1031060 1026390 1097027 1031372
908445 900558 962549 975449
1015242 1059335 1082068 1030166
923096 983001 1034490 972534
1088020 1055415 1042461 1045464
1004966 990332 1013416 943470
1031073 1076244 1034880 1031832
1031694 996021 1032955 997162
928455 1019100 1067217 953968
973406 1061282 1131149 999773
954044 1030930 1044953 927114
1019872 1045562 1148252 995536
974328 1015119 1098548 968772
993909 1006356 1140265 995789
989985 1030709 1068686 961890
1055589 1057048 1133045 1029432
980885 1010346 1001306 1007160
1037978 1016655 1039906 1011684
981647 1003882 1009295 925281
1079508 1059768 1105562 1000232
957367 971520 920497 1020160
978198 981381 951915 1059330
900724 935711 932632 1070854
1046917 1010021 1036446 1035730
1029718 1119407 1146707 988016
936747 984935 1049741 956394
955745 1015170 1076835 952691
956209 1033699 1110352 979312
1036053 1076773 1137085 1024536
994158 963787 1039458 890336
1011469 1015266 1095037 943078
1018161 1038311 1077918 970847
1059494 1071553 1108102 1003855
1018958 973927 996278 954581
1016836 975513 1054150 948511
999761 1018203 1032466 1048130
1025393 1037681 988634 1094410
952211 914314 899013 1013308
978122 961867 887212 1019139
965933 985492 936543 1061469
956992 969881 1019620 876160
937086 975778 1033205 950692
969385 1006338 1039811 959215
1058761 1097430 1137145 1021581
929148 919737 999346 837395
982414 975261 1063776 900886
937870 980912 1010124 908720
1071669 1085904 1145093 1029377
898292 907790 930237 884916
944858 1000867 948102 926003
969182 970634 955612 931503
1082572 1044426 1128730 1067610
843053 865179 873335 937738
884896 953104 901898 967160
911514 946818 883801 981019
1039356 1000502 1022746 1090761
1074034 1086409 1140557 1002558
919400 987786 1032830 937496
984900 1029117 1049142 964437
1034944 1048936 1115480 994755
1044851 1065449 1160092 1030940
932372 972703 1067909 895240
975638 1012426 1055325 967073
996905 1021290 1097969 998943
1062410 1064332 1126569 1072316
956909 895843 1021938 938671
1020723 1000878 1037293 989440
1036954 996712 1058619 959335
1045353 1049825 968259 1119732
893149 893567 888675 1006124
958482 976782 957003 1046450
975709 958982 981741 1034465
888887 904451 973340 886149
1056357 1036219 1043884 1026503
1133488 1087498 1145147 1144556
1081628 1050838 1069283 1029331
914079 883419 882644 949876
1052936 1044854 1009216 1068489
1123200 1065631 1092284 1168102
1064353 1070494 1036891 1140900
971667 909165 885702 915268
1072966 1001728 1049050 998402
1212258 1074520 1119915 1108739
1139172 1029860 1025228 1052834
896419 988597 899344 954050
1068818 1047339 967993 1092893
1065361 1162173 1047813 1128178
1061738 1113934 1003292 1111928
1040595 993365 1063542 990834
1073075 1029163 1096607 1000279
989177 1030461 1055292 987220
1000313 1042551 1056935 1017988
1005404 1008616 976453 1048723
1005911 1022674 1007915 1089087
1001026 1007906 990335 1041340
1000357 1001328 984274 1076479
1104648 1026510 1057247 1015194
1073221 995614 968793 1045288
1051603 990191 1014107 997531
1076488 991553 1018654 963026
1042211 1113340 997963 1083539
1064399 1055637 975664 1082989
1013029 1039432 985437 1015267
1014852 1022141 997465 1096792
1051566 1108175 1107201 1048479
1098559 1073105 1107845 1059810
1028289 1044048 1048921 993283
1058310 1039053 1047546 1062446
1057361 1064166 1014738 1128291
1037488 997986 1013622 1086789
1026950 999262 964051 1088679
1062482 1023258 1009661 1090434
1183018 1090462 1072226 1109999
1175414 1011314 1062326 1039054
1098604 994595 1013621 1010114
1090636 1020423 1011427 1060906
1119804 1156014 1069878 1139156
1071102 1102179 1043793 1102204
1035757 1064432 1027257 1030398
1055913 1054666 1031276 1035202
1072610 1097377 1120650 1067453
1027141 1073062 1036683 1014646
1067299 1101829 1097639 1053260
1044704 985878 1039525 972281
1048173 1058562 1079455 1072232
1049040 1055478 977618 1081927
1111338 1024260 998666 1104346
1016101 971345 1011348 1007688
1159451 1033161 1038129 1023289
1117404 1003331 1027807 1008941
1134096 1023101 1066861 1021314
1044732 952521 1018531 997522
1063390 1083808 1023702 1068061
1053598 1066091 1032979 1039552
1043478 1066894 1020791 1100388
998501 1008324 990964 1041239
1027993 1006821 981287 1047678
1081996 1082674 1106624 1114297
1035642 1001581 1041531 1054205
1075163 1049081 1080684 1053881
1014419 979558 1041629 1015268
1062611 1057425 1129513 1139136
998452 967366 1051003 1093266
1012510 1019843 1057115 1139911
1024455 1024993 997013 985666
1097952 1086128 1049833 1121585
1033237 1067209 967209 1052350
1040255 1100114 1032746 1054246
969090 1068426 938773 904485
1061076 1093936 1067648 992496
1003195 1054806 1003038 917891
1025655 1090252 1039981 938692
1058521 1019938 1014575 1042238
1062798 1020121 1038615 1048183
1057703 1027850 1060429 1075805
1036449 987137 1045796 990371
1006491 989129 1061392 1017565
1053851 986647 1013291 1018952
1064613 1002725 1049817 1063333
993399 1008394 1029980 1029375
1029611 1055009 962751 1037597
1022170 1052861 1061775 1004476
1018353 1038477 980145 1032298
1046901 1042185 1004485 1004622
1011059 1066225 979254 968507
1041015 1033756 983683 961147
1053373 1051119 1022606 923145
1028603 1028669 993152 912937
1059836 1012288 1020137 1073792
1013282 988595 1038677 1038761
1111654 1032345 1057871 1048763
1024253 935859 975171 992550
1016754 935185 1024252 1079058
989695 949019 1000845 1039575
1043359 1044790 1065816 1058718
987849 925004 933169 982321
1059756 1051545 985510 1061003
1027320 1017113 960881 1055206
1086892 1120044 1016340 1077192
992041 965607 947764 964708
1000821 1053304 1006848 889518
979149 1072385 956274 897501
1038286 1088756 1023954 971166
930959 1023352 947050 860076
1092789 1020538 1076627 1060362
1081428 1017045 1019294 1028505
1095611 1010342 1053502 1072553
1103114 1067946 1107821 1038423
1025576 1025285 1061872 1084290
976914 980111 1014607 1070156
1019922 1028880 1059930 1082064
1061644 1037166 1105266 1070992
1035714 1058373 995833 1053455
1043841 1031355 975880 1045508
1031906 1080013 1026188 1029992
1031101 1086741 1008931 1056047
1081556 1081982 1046915 948626
988535 1074395 976352 892969
1069422 1054615 1049358 936108
1080567 1110339 1058244 985254
967703 962297 859605 992870
1063364 1006727 948302 1082442
1075244 1005749 1035007 1134396
1055189 1024083 998631 1114464
979441 926427 912501 959942
1079391 1060063 986465 1089017
1124246 1061753 949894 1100511
1099709 1029069 1010798 1067920
871441 906942 933166 905171
1002102 1008521 1065829 997096
1031655 1072261 1087352 1019050
1018578 1004716 1053395 983691
1036599 971762 923064 943743
1080119 1123709 976449 1004756
1142410 1141773 1072681 1012503
1105892 1128811 1024492 1018228
1008501 1005851 917654 1034113
1025494 1051821 974144 1093339
1105314 1080925 1006660 1111793
1086801 1046986 1009624 1061384
1018967 974068 939035 1062649
1048346 982347 957674 1038077
1081113 1086647 1021465 1080720
1074593 1018293 983780 1080262
955867 1005936 969522 949435
1006158 1017643 1027265 949865
1062508 1048917 1068542 997279
1001859 993803 1051153 1013198
1061314 1067203 989694 978494
1100144 1145785 1060962 1013568
1158850 1153478 1086675 1087121
1118681 1150050 1003611 1041484
976422 996488 914541 1036850
970982 945424 931326 989031
1067731 1021697 980885 1095904
1089232 1036661 1031308 1123565
1011512 992544 959227 1032588
994201 946034 921536 971166
1085769 1066493 984638 1029800
1113171 1025072 1000568 1082449
934496 985027 976334 933024
920802 908446 917925 879360
1005476 1039336 1024711 978966
1009516 1044706 1085872 991126
1096266 1050917 1017753 977785
1027777 1067114 952757 991808
1139284 1154675 1002008 1032019
1136054 1176749 1050841 1045260
1059343 1051947 1012872 1129544
1017763 974646 970854 1054011
988755 999250 956437 1047099
1018241 1019108 988217 1063994
1114782 1088174 996471 1082122
1030652 962107 921063 1024193
1004872 1022979 960110 1039399
1033310 1029636 974035 1013935
1014511 1042119 1025423 1070379
982129 954838 986769 932491
974884 992427 996675 970755
983876 978161 1040453 966266
1178345 1169825 1088586 1088347
1070933 1095182 1013756 983739
1104291 1073333 993370 995419
1118076 1101208 1048822 992540
1114473 1111234 1144107 1057805
1033398 1064408 1068395 989087
1044941 988262 1015118 977168
1006955 998870 1027344 967827
1072815 1166427 1065520 1080060
1078707 1045720 1012087 1084323
1056381 1024946 1011429 1033665
981815 1010379 910742 987101
1098643 1102026 1086939 1101982
1063580 1073168 1020157 1066830
1017960 1007450 995886 1010776
995558 981797 981479 982068
1124093 1147580 1071907 1002939
1089983 1090752 1014756 949062
1067392 1049840 988917 952594
1004198 1064214 970204 885851
1085775 1080515 1109108 1034470
1028201 1026442 1090117 1015733
1052938 1052254 1045629 1011454
1066414 1069651 1064617 1053047
1066244 1054465 1023256 1049607
1034542 1044214 991169 1025066
1051237 1072203 1032247 1101456
1036514 1071495 1007575 1082228
1138672 1043766 1019172 1054722
988630 1004795 993942 1047737
1039750 1041671 1034190 1081722
1062241 1049725 1028831 1085934
1082569 1115536 1058741 941362
1058337 1089609 990296 910189
1075881 1112530 1046543 985562
1069743 1113414 1035312 960950
1064225 1060732 1091926 1009505
1087309 1104356 1101682 1038390
984011 1003076 1019845 941126
1085704 1104116 1103311 1027857
1089914 1124731 1006709 1061818
1112904 1160830 1042475 1106629
967231 995420 951367 1012837
1075449 1080747 1020405 1067161
1066075 1068113 1038237 1113859
1072166 1097509 1053838 1157712
1051665 979124 956947 1033877
1087378 1082138 1068344 1070333
1133983 1162985 1057891 936740
1143714 1130039 1115620 1005077
1037903 1007348 991893 918791
1142404 1124799 1047527 983426
1004867 1018895 1010537 946481
1037935 1022381 1022826 957477
1014602 1001255 1061995 973182
940396 955282 994763 973467
1026763 1049534 934512 1023869
1040589 1091979 963823 1028669
1018094 1079078 972017 1075177
960804 1016226 908961 1002319
1056473 1004357 975892 1050162
1012699 1043649 1016880 1072488
1037682 1020407 986966 1045507
1006771 964142 976809 1008156
1023993 1102060 1034778 908538
1051572 1046104 982944 948995
1025826 1074143 1036249 917998
996620 1006085 922914 879852
1005348 1067952 1036980 1011994
1015842 1049182 940691 991813
1103620 1129951 1047151 1057585
1007292 1050648 943997 983123
1013456 1034685 1017952 992831
1001050 998339 979256 1017579
1076390 1084266 1027131 1075169
1024583 984568 949968 1016743
975153 1020083 999506 1018758
938586 1022706 1053142 994626
1033479 1061456 1111397 1050620
919087 984843 1026419 966494
1054441 997300 1020042 1053422
1005973 995958 1027717 1044881
1117564 1020930 1115455 1092326
1062675 989906 995382 1050120
986546 1000114 935941 949981
1035033 1150133 1020146 1025455
959204 1002689 884267 972958
1049582 1023355 999277 967503
945805 986628 946008 951212
1072510 1080357 1064196 1005128
967455 966341 949264 950520
999522 1004255 941985 971401
922540 992191 1006902 980570
1024226 1102959 1115854 1008975
932203 976035 1001082 950264
930258 1003704 1024312 990257
992704 952011 971447 1021721
1101847 1067688 1061920 1122702
1032092 931274 980123 987887
1026459 950211 995647 1025704
1042580 1062654 986340 1010640
1086030 1136067 1065565 1060174
1076347 1057214 984267 1012369
1001258 1056722 975280 1000542
1006822 971679 939276 1014045
1081561 1069682 1063708 1068575
1021627 1047172 963342 1025549
1028951 1003348 1003614 1039786
964221 1028162 1010118 945369
1042710 1086495 1099674 1062326
1021482 1056659 1059979 991524
921491 1063629 1055607 935765
1035131 996140 1028582 1052337
1105911 1079623 1063995 1104876
1063649 1012025 1021636 1068709
1046822 1021082 1027643 1049529
1083088 1125963 1001711 1033469
1121939 1072464 995264 1062991
1058568 1082928 989915 1025186
1089109 1165489 1047030 1045100
1052114 1054230 1035394 994063
1020591 1022209 1039047 1030275
1016633 1032494 990139 1039988
1057639 1046276 1093724 1103659
1005353 1115486 1085876 981383
976546 1072489 1091339 1038225
959590 1046192 1035785 994569
1056706 1077075 1109866 1049533
1084805 1004671 1053591 1086163
1053534 1006755 1074385 1085503
1057515 1029758 1016485 1059117
1118999 1043138 1097399 1093189
1036981 1083361 1185042 1033707
1031350 1111468 1210864 1079622
1021800 1068668 1114447 1044822
1025271 1064886 1132213 996680
1041984 1062531 1057529 1006684
1041773 1094999 1068519 1041222
1001000 1066569 984177 991497
997924 1053874 1012589 991170
1063726 1048208 1053058 1059783
1123370 1094372 1114703 1073037
1017651 1072422 1026480 1035213
997885 1089526 1009750 997127
1104903 1133659 1079679 1075308
1148057 1148506 1101785 1072687
1058670 1069197 1082987 1060633
1045494 1032326 1050678 1070688
982605 1056996 1104103 1027225
970325 1075522 1131147 1035149
975350 1060096 1150407 1061710
1053750 1102512 1170180 1033748
1011876 1033863 975968 1011638
1013496 998427 993536 1020931
979981 1061962 1033216 1025431
1057497 1087493 1000796 1025712
1050731 1013781 1030069 957325
988205 1027592 1032008 1021740
1034991 1098326 1060071 1046440
1048393 1058909 1081158 1007072
1060581 1079739 1053434 1071098
1046709 1083695 1065716 1038168
1035220 1078430 1100286 1062677
1082570 1132854 1119028 1119076
974681 1032494 1099097 1009812
931715 995063 1081018 962337
1013838 1065283 1150093 1013327
1057074 1126329 1132466 1081618
983668 1035321 984616 987353
972933 942234 932133 929020
1012540 1079030 969637 937083
1011118 1146512 1063390 1003705
1056821 1016210 1011273 969564
989381 949859 992135 962378
1052093 1059588 1048231 970525
1027746 1074338 1111914 1067396
1036217 1070136 1025832 1027502
976646 993731 1002480 998628
1047423 1095190 1060042 1046531
1107594 1140824 1095416 1072992
1036431 1094174 1146819 1024496
988346 1048444 1145132 1054577
976463 1000922 1098635 960574
955659 1048155 1051940 911399
1023980 1087973 1014203 1004346
1016651 1039529 980584 1006453
986511 1005853 941480 938549
932874 947646 914472 911917
1064265 1091430 1067622 1006353
1024682 1023968 1027667 1029998
1011512 995118 1009552 978405
972692 999493 965028 958782
1051788 1108591 1103828 1037494
1056713 1055665 1078104 1058947
1037816 1040331 1011485 1020006
1016397 1009611 998791 991985
942947 1049197 1050161 985957
953220 1043556 1022365 1000339
1011521 1106704 1097691 1081965
964331 1079201 1052012 1048424
1037658 1108483 1088657 1026572
978281 1019876 1054275 1002815
1064571 1189163 1096329 1107156
985239 1127447 1066102 1048266
956529 1065311 993718 1112404
973235 1047022 921811 1067139
1072268 1092780 1036352 1147500
975402 1075544 964322 1152423
1041167 1002149 1052890 1034003
987944 987068 1010105 998792
1042701 1085546 1116234 1103694
1038605 1032675 1055207 1083479
874728 1033632 1011450 1031669
916534 1005535 1013090 1001850
904247 1008975 1018095 985886
967879 1028263 1062344 1048321
999536 1077855 1071022 1005460
984784 1146364 1100843 1046842
986074 1093398 1032174 969141
1012555 1105758 1095283 1038139
941330 1007025 931075 1089223
958428 1053143 996433 1107099
948547 1042280 937745 1055791
1010178 1084956 934842 1102310
965677 1034245 998481 997341
1021627 1039185 1024978 1039102
970449 994180 1017504 984249
1017322 1068989 1018021 1076806
1003253 1082622 1057130 1047186
964083 1075745 1049025 1065155
1034566 1100010 1120968 1065279
918771 1054246 1057525 1071347
1025685 1112706 1086378 1089093
978856 1092710 1099187 1026438
1017899 1113473 1125333 1046777
1001110 1122751 1068190 1047004
1000655 1021929 981426 1098393
1021234 1064566 968907 1129453
996253 1146719 954453 1183360
1027472 1052315 1002438 1107633
1040100 1057654 1065067 1096320
1025043 1040946 1061920 1085886
1056107 1075713 1029290 1086971
1024613 1041814 1057015 1085457
1009740 1082368 1054747 1070965
955754 1020956 1076281 1085484
941853 1026893 1000659 1014280
1001646 1116868 1078596 1095607
1048213 1165616 1134951 1116134
967715 1091689 1058066 1046850
974896 1100799 1086802 1016086
1004995 1143217 1131455 1095259
1054586 1121301 1004871 1157956
958653 1030930 940681 1097031
983933 1060706 966556 1098604
1058909 1106453 1039040 1143529
1061434 1082414 1062889 1093881
1021245 1020155 1022793 1032949
1024907 1041471 1008790 1023821
1038913 1100666 1064261 1127182
1007898 1130349 1058152 1076397
999495 1098488 1100519 1067282
940555 1119670 1071753 1003233
1059969 1154515 1174039 1121250
1108357 1120143 999257 1118426
1073658 1050675 953651 1072117
1077060 1005472 910870 1013503
1150174 1122519 1003869 1165474
1006793 1013390 1089763 1059578
987596 998306 1112029 946656
975163 1011484 1054736 956852
998007 1077681 1154911 1033355
1117275 1061079 1047711 1061877
1073281 1037252 1067843 1068020
1056023 1023992 1062460 1019238
1108410 1070354 1131322 1109672
926397 1089267 1032462 969148
1009853 1134871 1070442 1053186
981761 1053435 1020981 1004182
982142 1082431 1021430 1021270
1027334 1040080 909247 1057829
1131150 1147489 964174 1175049
1053055 1032947 932935 1051544
1085266 1049630 919374 1093301
964593 1006211 1033225 997669
1038692 986700 1123301 990277
992296 947041 1037288 950916
960873 975475 1064838 975664
1025994 1037780 979622 1001850
1074874 1055395 1076959 1075429
1047912 968997 1057929 1011686
1020667 1007692 1023511 1056074
1016203 1154715 1077634 1083179
957690 1095303 1036205 1010310
901585 1022199 993519 1002335
940847 1067321 1046872 1031521
1121072 1137047 1025621 1165903
1068360 1035904 913631 1109225
1037911 1005792 901735 1037364
1054372 1046761 881297 1086966
1005437 1063153 1125741 1021752
959590 994803 1016622 978735
911434 963631 1053620 922064
983564 964238 1063665 965923
1158204 1133250 1107348 1132173
1037118 989303 1091665 1048023
984996 971142 999153 1008028
1062636 986672 1029566 1043690
940657 1097063 1043105 985464
968334 1068273 1044776 985239
936200 1093124 1033122 989793
885383 1058816 972382 965166
1038919 1051126 933977 1016431
1078102 1071072 936805 1067637
1045174 991033 906079 1054618
1030858 1036931 888011 1007055
933700 975346 1053153 941797
974082 1010839 1085700 982696
919617 950383 1013881 914122
907535 965658 1015054 923843
1026622 987175 998673 1006742
1107035 1024232 1021144 1062868
1017166 995286 987381 1011642
994756 976087 1001669 979294
