1027881 1018818 1065453 932586
1042015 1035158 1119639 948532
1010915 1021354 1105802 988496
1120964 1066763 1203958 1041458
1012020 1020852 1014707 1030450
1005443 1043166 1006438 1052491
1016222 1037440 1004741 1046914
1108084 1118308 1061639 1123157
985971 1005912 1074457 950582
989589 1042726 1062968 987134
981117 1030536 1046355 1041168
1052087 1046379 1126303 1100310
1019871 997822 1032524 997503
1070134 1090663 1037857 1013453
1082739 1040737 966566 1057878
1117057 1124798 1117552 1137211
1018332 1049280 1108075 997247
1059889 1068517 1134668 1008856
1084314 1122855 1199046 1028041
943153 986636 993339 916084
1010632 1027721 1012299 1090318
1104825 1054996 1040351 1026706
1054342 1125340 1092751 1076246
927321 977229 947644 983022
992489 1004719 1051213 1062660
1002525 1011113 1117814 1047020
1027488 1059580 1140199 1076479
857958 913478 972080 948399
1052517 1076892 1038139 1057010
1063708 1077255 1035078 1055025
1110511 1124469 1042646 1060316
1003366 934089 982145 970244
1057681 1044683 1111116 1011849
1026825 1039358 1112878 999709
1060671 1080589 1124300 1011336
1031913 1050447 1085046 1003111
1068142 1040352 1021051 1056291
967683 1002460 991734 1010464
1013877 1038166 983038 1041053
1042169 1015491 970999 1015597
986390 1053697 1084181 1003373
999690 987359 1048198 1002788
997329 1004597 1075417 1063353
982981 995008 1070975 1029343
1078834 1087086 1046599 1075649
1032820 1026306 1017268 1014557
1066709 1089511 1058505 1032702
985283 1044726 1035507 1015919
1086252 1065435 1163728 1068903
1011233 1033861 1124851 973259
1011161 974074 1046335 931517
1012415 1029868 1134554 1010805
1042722 1094324 1062270 1107389
1026403 1039524 939865 1024623
967724 989774 957494 982288
1043930 1029532 1002896 1091207
1014521 1067737 1123570 1067658
1012167 979882 1107113 1071492
942270 967069 1023600 977507
940910 1013206 1082073 1049683
1098613 1142086 1103363 1092100
1063467 1047631 1032748 1014316
1003518 946862 979318 957714
1066067 1086641 1061663 1043215
950527 1028020 1083824 949516
934715 994867 1069805 910380
1001754 1056965 1112314 976870
1046661 1138079 1158520 1058580
1012590 1018130 1073754 947281
986414 1001296 1099505 930088
1033238 1058724 1144431 1009355
1095541 1121123 1166815 1018372
985393 1008064 1022091 980781
1022032 977180 1036899 931374
1026677 1051037 1057113 1027833
1046222 1093101 1070533 1038911
941952 934633 938179 1000890
970908 939524 929783 1025609
983975 1018737 976295 1034773
1011810 1065011 971898 1055976
988360 1083300 1164830 982976
993979 1081246 1084540 994316
998265 1009313 1063515 988660
1074207 1143273 1206243 1065123
1023601 1046351 1139948 1005787
989081 1037176 1083033 952014
979074 1039178 1078589 952798
1082325 1117120 1225384 1015829
1051455 1006131 1103269 1042997
1006636 995056 1048543 1033087
967873 987158 999914 946032
1044153 1085064 1119967 1046394
1032536 975166 954300 1077511
948240 932238 901382 990205
938403 993743 940160 1060177
1027040 1027248 1006791 1092164
1015351 1004209 1094798 1002964
1005635 1100130 1135278 1012804
1010167 1036900 1099748 991138
1030490 1066069 1147433 981530
1017682 1041858 1122849 962849
1084389 1080845 1165636 1005507
1039328 1038930 1079061 991718
1051158 1061601 1080019 986870
986421 995857 1072264 967203
1048472 1061123 1076134 1033103
996803 1034174 1012755 992859
1035200 1000875 1058318 995857
943341 997954 937145 1049301
1030463 1024723 965960 1110022
982123 982216 970085 1060007
1004300 1021739 984973 1064973
952405 964058 1078560 944303
997174 1071017 1108749 1002437
1030470 1077502 1162853 1018937
1120173 1167433 1226918 1093156
1032838 1005412 1063462 983075
1025773 1059156 1138100 993581
1059543 1080730 1152227 995265
1128159 1138096 1218974 1093523
989531 971959 1009752 956653
1023763 1049884 1096691 1008974
1030717 1029348 1070728 1040512
1139317 1142454 1191161 1105707
916772 937264 888536 1006137
995067 995141 942242 1067264
1011339 1023163 925031 1131303
1068461 1105026 1061228 1159272
1056479 1025693 1068505 1027092
1088614 1032878 1088631 1072471
1005972 1039282 1064466 1014918
995137 1064256 1047006 985338
1023029 1022665 1027097 1081202
1057355 1029062 1001604 1106230
1052511 1047095 1009654 1069266
1012427 981304 957295 1048932
1093182 1036901 1027254 1034422
1124778 1050945 1063286 1064319
1130522 1027872 1057246 993532
1090091 1007813 1034339 1017368
1048440 1040671 995578 1039375
1073313 1092853 1030174 1094684
1092826 1057550 1011552 1020491
1013037 1041581 1025064 1068867
1055533 1007346 1088069 1056024
1006214 1002251 1008854 982660
1013747 989298 1041936 967545
992442 1039901 1046674 991704
1075595 1058231 1043473 1134413
1018031 949997 968654 1034173
993191 972604 975454 1020762
999824 996809 982372 1064170
1143547 1054652 1053298 1071397
1068319 974358 978519 979819
1053778 974064 1000151 967724
1095108 981042 998965 981526
1079643 1100614 1032692 1109309
1018948 1029166 969336 1098081
994048 1014759 932013 977542
1009070 1032830 957605 1028762
1012097 1045589 1010857 983848
1012686 1005322 1025456 992372
1081925 1018422 1112447 1067981
1017083 982132 1068356 1002268
975136 999144 977122 1053395
1005059 962360 992671 1086929
1029064 1031991 1045873 1050168
991740 1017482 972169 999874
1089608 993915 1033953 997057
1085651 965020 988299 1015122
1170843 1011087 1022384 1005205
1091359 972611 957443 1014743
1005028 1024951 978975 1025071
1016308 1042137 941589 1066574
1066507 1052275 1019773 1100031
1036134 1044267 994685 1012662
1079744 1056696 1096040 1040778
1035265 1075649 1028621 1039398
976141 1028529 1107288 984541
1070469 1066064 1112972 1107879
1028700 1048844 1007953 1101994
1032306 1016846 970469 1081674
1005473 1003811 1014300 1042941
1087993 1082605 1014318 1095065
1129535 1046097 1056631 1043639
1044201 1001503 973292 1032634
1104355 994142 1011303 1005753
1171142 1033873 1043564 1057855
1035246 1092611 999799 1076914
1044245 1091687 994240 1064629
1022339 1079269 998347 1049531
1094848 1121027 1065786 1082759
1015314 969458 998530 1009982
1036307 1019362 1051225 1029573
1035053 997792 1017744 1041538
1103209 1019228 1061510 1052929
920513 957424 978964 1021335
1025676 1021258 1012701 1069368
988322 1002494 1038579 1056206
1024200 1036703 1057133 1076148
1027970 989069 979806 953416
1015036 1025154 991877 1020920
1022622 1079471 998601 1040203
1088445 1079691 1056023 1030107
982334 986296 988437 861609
1049625 1084143 1009744 898079
1007991 1029445 1003525 932816
1101671 1066884 1026033 929639
1061007 1052054 1048844 1058403
1081413 1022129 990541 1033665
1171932 1052710 1099812 1095010
1072834 1082857 1097280 1066092
995683 1015991 1050175 1052895
978960 995785 1103434 1072966
1038214 1013741 1096629 1094857
1101624 1045077 1132642 1073240
1069799 1048498 979210 1062629
1006728 1045738 985801 1051741
1117436 1122727 1082548 1105680
1056322 1104092 1056526 1068773
1011764 1019581 977227 904863
1010796 1083246 972270 928056
1083434 1120144 1056621 986521
1074535 1135895 1027692 998137
1092057 985622 1022727 1051661
1031553 982130 1050416 1024697
1117313 1027597 1055737 1072988
1081705 972149 1050365 1031232
1006171 985315 1047478 1061088
1014831 997585 1023583 1033768
1060018 1040793 1089531 1125774
1024793 1000575 1046543 1037347
1035399 1083273 1002822 1010571
1080557 1036816 940022 1005793
1024942 1155023 1011249 1048866
1031490 1026599 999571 1003869
989203 1061830 979054 924783
1068220 1072530 1010438 937252
1077696 1123278 1018228 1002159
1038406 1030727 991919 943090
1071487 1017430 1082999 1083339
1105602 1000282 1072789 1092301
1041214 1001166 1043849 1027293
1011770 953228 989664 1006267
1035884 1027117 1074850 1089403
1054725 1023307 1052045 1056793
987829 949448 963773 1003616
964886 945474 944266 1019534
1078167 1111128 1041151 1067104
1037496 1068948 996112 1064222
1015877 1038224 964694 1011137
1027507 986237 996894 953472
1117390 1105484 1030069 921655
1044977 1117125 1044169 969261
1002994 1098171 1011147 909723
1002865 1021697 924842 883362
1074654 1085648 1017872 1150976
1007776 964202 973068 1031574
1087261 996600 979556 1083894
1048878 978786 1013258 1035792
1126996 1131591 1092922 1104227
1029056 963960 938665 1003819
1026691 1015255 985554 1042115
1060983 1049322 970728 1042605
1032812 1054721 1095494 1054802
992796 940117 1015834 935775
969154 951873 1035415 953819
1015635 997076 1078954 993550
1188827 1178737 1072061 1055799
1082058 1015873 957355 972406
1109394 1091581 991674 1008669
1134880 1139375 1041200 995367
989761 930528 927867 1003135
1015230 977101 965622 1045088
996080 989732 936650 1040452
1072160 1049163 1013450 1088828
1021358 998716 956290 1011884
1057767 1010326 1001252 1048132
990328 1014672 906133 993023
1053346 1051218 1036971 1101849
969824 990331 988000 959395
984484 1015712 993024 990122
947725 921097 1005496 945311
1003096 1032627 1036400 1044011
1024764 1081113 945083 1002016
1100846 1083997 1024093 1019503
1074862 1062762 982934 962952
1132177 1121382 1024142 1106237
1044309 1004226 1002594 1055339
1082928 1064913 1028947 1130216
1000731 1009708 907082 1064720
1058257 1055775 990543 1102536
1040511 999875 926832 1018737
1130743 1089258 1052877 1128772
1048503 985368 971782 1007774
1138425 1060988 990154 1110948
1027949 1021362 987293 952873
1083184 1019430 1090564 1058180
964885 912158 1001482 937628
1016616 1078823 1092928 999504
1103948 1069528 981883 980472
1201049 1161395 1087802 1108285
1074063 1071618 1030568 991898
1155588 1157828 1031401 1075173
996686 982943 923811 1033968
972028 957937 934168 1032454
954046 943241 875917 1013486
973696 927678 964302 976896
982221 998725 970289 992097
1014223 962872 968839 1006682
970371 946986 877026 969987
1036331 971281 931836 981484
948444 955451 976886 906539
982489 957665 954314 934513
902101 891681 941250 894972
991555 957334 1016397 946491
1040670 1072623 989524 934812
1063287 1058775 1006576 959865
1025878 1005197 903569 892181
1064469 1045255 952641 929170
1142905 1118563 1132318 1084338
1037467 1041889 1067583 994824
1081113 1008407 1057129 986631
1068050 1087105 1095468 1039285
1128070 1138114 1070012 1124092
1012059 1031123 982212 1020251
1082004 1049890 997855 1058076
1076823 1112714 1022419 1085653
1162343 1156995 1111742 1136532
1046090 1035951 1004979 1023203
1078563 986492 1049723 1073348
1144975 1042642 1062524 1128074
1174893 1168270 1125481 1007728
1063743 1074042 1011165 898183
1047662 1113349 1006469 916927
1117851 1118018 1072479 961777
994097 1039615 1026148 1018339
935211 997007 1079808 972215
1028410 1031501 1096709 1021455
1037120 1082990 1089457 980371
1010646 1074588 972653 1070703
989008 1129455 988758 1022351
1063698 1087292 1053946 1052221
1091716 1061582 1007137 1072345
1090627 999970 1018739 1053781
1034049 1030935 1019452 1064763
1088040 1057943 1010666 1109868
1054567 1039635 1047353 1083432
1048335 1118399 1022282 918040
1084118 1020904 1020758 954237
1076289 1089680 982114 953109
1080429 1119724 1018688 977198
996745 983816 1049679 912536
1098437 1081743 1113691 1046124
994715 1024144 1012626 962350
1033522 1064925 1029391 960740
1010583 1024129 952183 1056605
1113360 1089678 1067181 1116959
1054645 1028765 962567 1043771
1031069 1076004 971693 1040768
997263 1009847 1019221 977337
1120944 1135508 1059698 1115023
1027415 1025989 1007663 1042417
1020081 1044019 1027664 1084357
1024365 1055782 986098 958882
1142200 1152426 1074981 985845
1084606 1091635 977158 942245
1029440 1104898 986533 966970
960944 1026057 981958 964623
1035492 1031546 1091617 1080940
1030970 1029245 1124083 1032681
1044756 1021609 1031839 1014712
996775 1077769 999026 1014202
1082905 1118957 1057955 1112627
1063120 1108538 998905 1031814
1054542 1065329 965725 1096196
997385 999019 942222 1004491
1055938 1034161 1000565 1057899
1037622 1035905 1056469 1068014
1067518 1050218 1032980 1081772
1024712 1017935 943018 935235
1071936 1100431 1028113 969645
1104916 1109973 1035035 956261
1069102 1119110 1045387 936459
997114 1060982 994891 995466
1071641 1054796 992613 995155
1109905 1078086 984593 1002934
1102052 1119728 1038654 1049728
1025529 1013311 1006765 992883
1021999 1026468 990685 989757
989506 1051108 1045149 1039999
1059555 1030592 1020596 1065372
949478 1035259 1042621 957817
967476 1067066 1022894 994117
989672 1065839 1106289 968220
993575 1076043 1125663 1060870
1053852 992408 1045224 995894
1037051 1013127 1029041 1053354
1062230 1025028 1029845 1080468
1089046 1055892 1042497 1098917
1154235 1163236 1086266 1091853
988092 971900 931791 959581
1035576 1031834 995684 958818
1051140 1102199 1035102 1081324
1077635 1121231 1052303 1054476
965457 991353 971821 986616
1030039 987088 966395 986122
1087661 1078114 1056773 1057517
1079751 1106709 1129932 1082071
884422 962745 1028243 944944
927920 1027654 1044090 955028
961385 1084812 1068472 1010174
1172606 1053755 1168530 1131960
1026839 951610 1015451 1021309
1015387 934730 994365 982760
1059637 1039672 1061145 1096568
1066847 1054245 985534 1055785
1002883 1074157 950412 1028652
1092463 1090849 1009642 1053964
1133000 1146696 1003844 1084827
1052662 1007339 957595 996443
1015011 1063528 982966 1014913
1045984 1040422 1012927 993438
1057375 1086224 1028470 1031033
1010042 1033811 1031844 1005534
990382 1020401 1042660 957675
959416 1072572 1079422 981020
1035441 1087518 1075959 1020745
1048108 979258 1023273 1051334
1068847 970745 1050223 1034000
1075608 1030369 1055606 1087235
1111988 1014777 1068078 1103645
972504 1030121 943807 928867
1026392 1030726 995778 959667
1075013 1038106 1002204 981605
1048427 1067438 984906 1005225
966950 933161 931216 964612
999260 1003005 965487 970182
1022881 970861 990563 1019276
1016034 1017370 999863 1032925
925517 959895 961573 951233
966688 1041467 1004045 984560
967111 1021615 1023455 985871
970656 1043783 1005572 984240
965874 934715 976441 979810
1043806 961158 996979 1056512
1056074 987091 1034249 1039992
1044433 976952 1025197 1042936
1000162 1101371 1160832 1050405
970294 1019322 1094016 1013593
978394 1034631 1073686 1007540
1027719 1115007 1190855 1045555
1023665 1065616 1009686 999344
957302 1033733 972166 905408
948911 1015384 1020305 917171
1039039 1110301 1057024 1042852
1097587 1053755 1043348 1065278
1027535 996579 993426 976195
1003875 1007416 979646 971685
1059722 1078148 1077349 1037233
1100949 1070145 1055767 1063215
1024606 1051887 1028416 1035992
1022991 1037786 1027388 1024165
1083749 1085417 1067181 1082478
1017097 1057078 1146388 977330
1029082 1062710 1164049 1032903
1078301 1151252 1225908 1097159
971721 1034309 1094181 965311
985104 1030663 999975 990032
1018789 1043306 1004271 962983
1097226 1162424 1092242 1050917
944560 1026954 968176 945310
1021878 960491 1025000 979928
1029072 1010461 1022861 991407
1139991 1122139 1120195 1132581
994727 967594 1035477 948712
1034419 1059573 1039337 1005554
1043630 1036714 993046 1052326
1147310 1132309 1107931 1130767
1025897 1067782 1024224 1056559
998109 1051294 1126265 1044029
988852 1031716 1157157 1030097
1042907 1046109 1140262 1026858
998963 1115418 1144200 1026682
989887 1050294 985312 978825
1031195 1036468 979745 1006072
1017535 1030864 983186 998078
1016848 1029069 1044946 1012739
1021577 1039115 1041857 992363
1059175 1064511 1057576 951835
1064319 1046728 1072855 1002005
1063210 1064696 1081745 1014698
1061216 1058834 1059276 1074125
1040744 1048645 1044198 1040339
1083337 1083009 1065365 1092923
1048717 1103904 1071209 1087055
987849 1094072 1166874 1062256
973773 1042610 1144592 1054892
975498 1085487 1102636 1034229
992950 1020694 1069029 988795
1051123 1067928 1057418 1039022
977385 1059412 971700 977282
1018021 1100804 1005122 1032512
944455 1009108 945359 957137
1026786 1092876 1085739 1021499
1047571 1055985 1037718 980961
1075376 1058344 1046886 1036739
1005482 988164 980028 961905
1092233 1081102 1104394 1038561
1067042 1080258 1047224 1035396
1020110 1087965 1076531 1068206
1030212 1047086 1001045 1011777
948020 1072965 1040804 1011794
937173 948540 985772 1001283
949667 1079899 1049594 997320
941503 1090361 1093739 1077640
997658 1060048 1049829 1009978
966225 1066298 1032315 991494
1004471 1090910 1065699 1058950
990217 1129510 1063382 1043123
997132 1086709 917220 1095667
945739 1014177 909793 1090105
1021930 1012497 986504 1108272
977932 1093428 950664 1124338
1010240 1023689 1029047 1068487
974243 972242 1002586 1034776
999798 1041208 1049826 1059763
1006766 1096273 1034228 1052060
955239 1048136 1009145 1028833
881717 980276 974612 960235
957629 1071150 1056294 1002799
946750 1055354 1091109 1030311
998741 1129108 1087655 1061115
933105 1041503 1031353 940119
1029794 1124803 1085351 1035566
987744 1126814 1104783 1064894
964364 1064360 945353 1104608
932557 952991 921904 1066003
1034968 1064304 977524 1122450
1006547 1081038 921918 1131477
997305 1063426 983028 1030278
896502 990521 970085 956907
1022905 1061161 1081868 1091905
1026646 1022722 1043510 1064117
948443 1059726 1018918 1008563
964166 1055447 1061272 1048346
986567 1096406 1027181 1033015
980866 1087671 1065742 1056929
966473 1107780 1098610 1021169
992702 1091979 1097162 1025336
988227 1136012 1049142 1038963
1054495 1150432 1135745 1087795
944833 1034210 1015813 1153918
996260 1061879 954464 1090386
952471 1046046 923368 1157811
1059544 1058106 1022688 1150499
1017079 1060731 1050780 1078108
1008675 1046799 1061017 1122676
1007376 1053777 999600 1077501
1047164 1113564 1092298 1099372
950842 1037465 1013452 1020340
925413 1084566 1120535 1058947
988268 1098542 1106770 1078708
977387 1151882 1061424 1107747
999479 1135318 1068498 1048316
1047641 1157405 1128397 1083762
1036314 1177288 1111670 1097969
1034620 1174626 1127044 1087375
1013440 1048448 989640 1119068
1034552 1128483 1047573 1159321
1081919 1131929 1029031 1207482
1078948 1122334 1005589 1167421
1001161 1024210 1034705 1043212
1055386 1087099 1110603 1091460
1088319 1098026 1103830 1120434
1031067 1108277 1097794 1105577
1065034 1201939 1163163 1141055
935596 1071219 1034693 976783
934788 1105067 1059561 998602
940191 1099356 1012741 1016226
1185158 1131309 1075908 1137319
1048734 985197 909277 1046370
1041878 1050673 907846 1078563
1107127 1066424 965015 1046645
1091243 1078209 1172668 1095627
918049 975194 1048333 933606
995235 1017110 1061541 973254
1000306 993977 1077950 973064
1156663 1134848 1133889 1133066
1020144 961015 994831 1031156
1058735 1036040 1051669 1049449
1041334 994156 1019257 1053731
926416 1066336 1051627 1039399
1045671 1179958 1129255 1127404
941250 1062346 1067689 1062793
1055067 1119024 1102791 1128206
1071478 1065634 949444 1035309
1150686 1181200 1013297 1183381
1064715 1091781 937194 1101947
1123336 1115169 1019490 1149631
1017694 969745 1058335 1015904
1043019 1083168 1192362 1070521
990177 985712 1067931 999833
1019359 1053994 1128745 1002159
1054367 1053947 1087712 1079390
1134951 1101272 1125296 1151404
1072882 1033508 1064413 1056506
1143582 1102172 1121678 1150541
946882 1113491 1010636 1028457
1025690 1117330 1121342 1028539
995043 1164395 1081858 1059334
1029598 1155214 1089906 1061388
1111503 1004758 949820 1044351
1099237 1110838 952179 1125532
1145205 1112353 946427 1074067
1102517 1104277 962686 1064921
919770 937033 1021430 972387
1027421 1032463 1124757 1007846
1006258 1035547 1106322 1053412
958932 1023507 1099972 1012152
1054534 1011566 1032593 1034998
1098390 1065904 1109144 1101691
1075530 1022055 1082390 1118362
1113298 1094939 1054301 1096458
921011 1057044 1015646 1029099
965370 1133668 1049622 1055465
1008772 1191820 1186706 1077078
1004807 1113969 1097200 1045926
1034752 1003246 898240 1048242
1145249 1087045 977760 1125804
1139205 1124343 996962 1157402
1097339 1045379 903836 1103973
927531 972093 1058709 924393
1016715 1017473 1083127 1025577
1094245 1062757 1142910 1087388
968468 1005809 1027419 981318
1008248 1000122 1030689 999385
1078539 1066150 1095141 1073745
1119508 1117903 1116033 1176239
1071883 1008974 1032799 1078318
