1045588 1055534 1117237 995843
1074526 1065315 1104909 1048115
980287 1039441 1124338 999849
1027003 1078625 1104680 972817
1032940 1029669 1002535 1026796
1084842 1086037 1056139 1094618
1022506 1030501 969023 1041233
1012168 1062659 1040620 1029008
993004 1002407 1079680 996579
1032535 1023090 1148399 1076151
949016 1014712 1089711 1023823
983012 1015080 1057623 1006700
1051592 1113937 1032790 1046649
1098731 1111802 1035179 1060813
1052209 1086413 998509 1030376
1067339 1048518 1051277 1024698
1034063 1010722 1110474 1003113
1036990 1009721 1041117 960332
977840 1048506 1107280 973920
974200 994784 1077084 991057
1056527 1031337 1020900 1067827
1000625 1040267 943139 1039270
992136 1004410 990208 1054180
986982 1003676 942141 1027069
995046 979061 1081949 1020503
965662 964100 1055445 992943
987470 1004090 1084777 1048898
917987 960712 951617 1004704
1075857 1071005 1062771 1035739
1025607 1035517 999944 1026092
1074161 1056694 1011443 1037555
1024240 1023702 983896 1028498
1018458 1036338 1098147 988484
1020822 1005591 1102864 969555
1104372 1134384 1216229 1060684
1035424 1038845 1132929 967475
1033755 1013549 1028079 1025571
1012269 996510 941287 1039784
1112556 1079608 1056873 1123079
1039172 1069531 1024971 1040523
988840 1002733 1084177 998941
976284 1004303 1040473 1007781
1141361 1127552 1178632 1147348
994201 1054142 1055243 1000654
1059314 1059995 1027111 998882
1056851 1032125 998682 1043806
1136340 1146611 1161068 1132257
1059342 1094757 1018023 1049876
1021576 1073135 1120105 997456
1034111 1045381 1135167 1007271
1038596 1001693 1088382 958254
987774 975431 1071579 983804
1043740 1029360 1019249 1041419
1060898 1045360 1041825 1050042
1010983 996496 945529 985362
1015653 1009375 981217 1016062
990258 1002622 1060781 998736
994283 1050243 1107856 1077591
979402 988999 1052623 974457
970711 990375 1060930 1040466
1056054 1047303 1031128 1044772
1042323 1079308 1020434 1063117
974180 1025835 1007095 1005016
1081696 1008862 1004178 1016889
1034170 1075090 1109129 1008811
948179 1010688 1043205 905859
990811 1042039 1105482 973535
1011771 1083287 1138592 993978
993739 1054502 1177740 995332
1004544 985205 1095074 973212
1044620 1043794 1130778 1036430
1013488 1037830 1156096 1020150
1024578 1007193 1061612 989691
1010697 1006562 1061848 961725
1067547 1015483 1042451 1030887
1029623 1024358 1036771 1001161
968188 1046507 970103 1067583
991131 949240 941378 1028293
975375 984320 982680 1045663
968841 969532 967203 1070139
964986 1041172 1052214 974231
997124 1046000 1091669 973362
970171 1030082 1109943 979797
892764 1017084 1039588 943760
948361 966296 1074982 910610
1025763 1036819 1118576 956711
954181 1013964 1090276 977257
983715 992485 1076065 934974
1001253 995635 1020953 1002268
1018695 1015372 1027925 1052452
1016659 1000150 1026157 999643
960612 992817 1008109 953902
947933 930810 938154 1015739
970555 953192 942815 1016856
965015 1006311 929449 1054432
910265 907863 934578 1003354
1003038 999946 1105406 953483
1043270 1024631 1149734 1045337
973455 1006568 1092211 981806
1025641 1102364 1187324 1046752
1003199 1041252 1103346 959260
1029700 1042761 1128038 1032943
999522 1048585 1076844 962239
1063403 1073395 1146609 1048264
1057285 969160 1080939 986712
1078814 1091516 1125584 1039351
1001616 995563 1025493 992164
1115537 1079572 1124005 992975
945144 930397 924757 1022947
1019067 1035784 1005340 1083080
955540 969425 955861 1087871
1009169 1069340 1004047 1100778
1011502 1114604 1168280 1050754
969485 973198 1074031 974989
973257 1041133 1103384 975759
947307 936424 1028830 921364
1072306 1067993 1157180 989868
996674 1042601 1088093 962979
1028300 1024609 1126275 989019
913168 990607 1025820 934667
1085157 1086758 1079117 1087110
984608 975664 1050474 970905
1008535 1051764 1088908 1006660
909439 922656 999172 957022
1038275 1022039 1006392 1064881
960348 985980 923045 1038150
977584 968076 950315 1046630
887371 932996 908718 966398
986482 1026231 1004995 987921
1010943 1010480 1052933 1010833
1133888 1097889 1180037 1105052
1089137 1070204 1095586 1035998
1021325 972470 983084 1057189
990663 982145 937882 1027423
1146894 1133463 1072528 1164978
1014352 999582 1029162 1102447
1089534 986595 981005 1000629
1067666 964806 984024 980501
1222065 1079988 1071947 1119944
1142453 1020522 1025237 1064034
1024983 1007600 962761 1070793
1024372 1035170 952202 1031834
1139601 1134099 1027071 1190181
1077235 1080032 1054860 1051031
1058722 1062868 1064018 1039412
1048618 1059500 1103666 1013268
1079289 1072877 1090370 1052811
1083754 1067985 1147250 1079044
1045571 998073 1001591 1075096
1015077 1005485 969469 1074349
1047014 1032714 1002960 1121234
1109789 1052498 1040961 1132135
1139106 991529 1027049 1030734
1085486 975716 981758 1060321
1118385 1021772 1073704 1078563
1108547 1042582 1022841 1055493
1050300 1067709 1014843 1032087
1044100 1028548 1013081 1052698
1101222 1115513 1058856 1075079
1067072 1100809 1031303 1104068
1036808 1040159 1115383 1047767
1010298 1029093 1069176 1023254
963554 983350 985959 947293
960090 972261 1048523 992252
1067117 1026496 1011611 1076166
1079481 988112 968337 1041343
917585 957414 919904 971478
964475 978862 903741 1013938
1118275 1009910 1015192 1002901
1074875 1017198 1011073 1016363
987144 902475 922920 922809
1003470 949784 967647 972385
1081552 1045031 1044435 1095637
1045009 1037629 986222 1094769
970083 1007873 947093 991831
979125 1012063 939661 1049299
1027790 1040349 1053007 1015138
1035330 1083763 1078856 1054163
1112527 1085620 1132118 1097019
1069748 1071214 1104317 1041755
1057056 1024462 996888 1081863
992205 1023959 1028431 1126952
1084610 1073567 1039519 1157002
1063745 1055960 1036224 1067582
1125298 994454 1044870 1049988
1133013 1056170 1094341 1040891
1165473 1063970 1100241 1061221
1142421 1044195 1057860 1052182
1052335 1024998 1043103 1095388
1067579 1081982 1028428 1080773
1104029 1092501 1071076 1137305
1075868 1098110 1019958 1094542
1071764 962637 1007889 1099773
1044048 1020203 1000814 1003874
959347 922489 932835 966772
1092120 991538 1005233 1018271
1026765 1000140 1024811 1044508
974464 992781 1041000 1062148
912770 881810 999599 961687
966374 1015756 1043954 1007463
1100326 1042896 962095 1035156
1044895 1038813 986759 1031854
924729 985149 869813 909159
950967 1035372 977420 1010307
1059155 1066697 982552 949232
965484 1074545 977285 919879
913750 988415 921295 877719
1016430 1037230 972547 921656
1073958 994429 1048380 1012047
1076361 990226 1054243 1060244
1142434 1106096 1170424 1179837
1063345 1052465 1046172 1084146
1009549 999174 1071594 1066924
999237 1053058 1041938 1044349
1156681 1101105 1127945 1158921
951377 996602 1058961 1055941
1018179 1036237 968021 1079359
1066721 1037503 941304 1041993
1148380 1147138 1053683 1101217
1042560 1051122 985992 1035184
1006930 1047510 980324 903543
1009912 1045721 990472 934439
1098584 1180250 1101888 988619
1027564 1067909 998898 929863
1047120 968798 975478 1008920
1225033 1092298 1126418 1156485
1058610 995784 999680 1073878
1097906 1026114 1070524 1115062
956164 985753 1004071 997822
1085625 1063908 1125750 1158755
985588 1009642 1048669 1050565
1043884 998274 1097978 1110511
968932 984386 974293 1003464
1132339 1110020 1086974 1135060
1034276 1052712 996803 1034366
1092270 1093950 1017759 1067232
1016636 1034694 987211 907657
1099303 1187581 1081212 982752
1045326 1037823 988852 906835
1080662 1080399 1057147 977926
1069933 990906 1006117 1055378
987846 993919 974797 1016483
1006663 957374 963171 966267
1017595 959862 969095 993276
993796 1001128 1005728 1041057
939184 900387 999546 998516
928155 912850 984661 1021184
982356 949345 990858 998139
997473 1046260 1010201 1001875
962284 994492 894080 1008776
968327 955055 942854 975826
986625 1036256 910886 1051413
1019272 1065205 977959 912370
959552 1017362 934139 884021
968551 1039823 953278 841541
969961 1059976 933393 867777
988545 911494 919362 1007042
1082927 1062143 1020226 1118784
1074945 1022719 955859 1082259
1145367 1051707 1028065 1133062
991440 987895 970593 1008528
1103420 1056791 1047732 1111854
1060081 1046307 993989 1051315
1091158 1124952 1065784 1137887
951028 986704 1023994 930075
1047065 1051874 1037795 1037641
966798 1010675 1001626 953736
1029993 1066665 1109885 1042883
1086409 1033050 973569 987587
1166563 1122524 1058239 1064572
1158062 1146197 1061647 997796
1175060 1187693 1111805 1049534
1079361 1056258 988862 1071702
1115520 1052734 973306 1136955
1048540 1059458 1024650 1093171
1114624 1076034 1045062 1134239
1088931 1040754 987537 1013594
1100336 1060331 1058214 1107885
1059698 1023567 990561 1072977
1122775 1079428 1038219 1079429
988791 1050043 1033549 963527
1002382 1037526 1060862 1026205
1038102 1026630 1057146 1029859
1059260 1059801 1075731 1047738
1113096 1139898 1036806 996355
1150581 1157396 1097171 1021072
1168003 1137621 1036914 1026247
1161928 1201183 1092037 1056844
1039016 989120 973725 1057498
1019595 948762 918042 1057995
1054740 1047200 1042807 1092430
1083527 1027538 980634 1067572
1051525 1028134 968787 1036453
1031431 973903 952225 980220
1084172 1021109 996328 1101995
1080313 1035769 1006235 1062090
956225 999253 1002472 1013615
989630 930777 1016194 919893
1013659 1029807 1094049 1010141
1010931 988003 1043550 1020817
1087828 1107330 995174 1018440
1077235 1047447 984497 949772
1167042 1131051 1034351 1028423
1086698 1118487 1000415 1029853
1000529 1027228 969982 1074782
1015334 1048203 1003026 1087225
985571 998699 928276 1059471
1039487 1030793 955085 1043281
1014172 1007604 942265 1010488
1035489 1011140 1018766 1061620
1001935 971079 959488 1029999
967290 991858 942811 1021186
979530 963989 956448 921818
951215 1027488 1029775 993750
938091 1017735 990156 886212
1009774 981361 1000852 968359
1097520 1046537 981967 1030143
1104544 1096806 1030641 1040795
1069007 1040328 951187 972319
1089076 1086976 971123 994710
1068820 1032192 1057619 995210
1012053 1029955 1030396 965684
1117524 1094068 1095737 1070971
993332 979837 1027086 949437
1038097 1042843 991464 1041177
1039157 1033919 927583 1078110
1102268 1130240 1050435 1113518
991453 1030670 962589 1011772
1027221 1067671 1031694 1100713
1096944 1019312 987791 1074414
1122027 1087103 1056991 1137050
979208 1027401 957875 1034708
1059059 1088758 998906 917406
1097948 1073774 995007 927799
1133932 1116471 1117828 1004544
1012853 1049715 998446 909906
1075838 1109434 1133373 1008471
1003230 994387 1066345 976096
1016728 1025811 1076560 991286
1084036 1041141 1122155 1001995
1070546 1102403 1030558 1083606
1011717 1035673 977372 1032003
1061995 1068923 1016413 1015427
1060334 1098919 1000864 1074539
1108614 1108877 1060718 1121805
1065311 1065552 1000276 1053327
1032841 1037159 1000478 1040609
1086077 1076104 1075240 1074254
1148699 1153980 1041954 1024360
1058259 1075201 1002342 969784
1054265 1066053 1000320 938356
1107754 1066353 1023066 949580
960448 987667 1032135 920835
1069989 1113629 1062368 1063458
1085557 1064459 1081009 1003768
972378 951532 1017219 928844
1009197 976473 943342 978091
1065820 1099618 1049501 1114013
1103458 1112028 1003110 1083795
982427 1008541 953319 1013873
1015185 976451 964076 1022515
1125740 1067011 1037090 1101937
1087249 1034370 1063592 1117772
1032850 987397 998419 1050439
1003881 1011627 955307 887862
1094101 1123421 1049236 989892
1089275 1171969 1047905 971861
1033429 1033845 987842 918952
1029231 1060912 1043272 1016163
1030947 1033830 1083455 1024114
1098954 1080152 1134049 1096559
1079045 1102250 1095954 1012386
996500 1057327 965254 1018455
1048742 1102666 984022 1008105
1063877 1135757 1069697 1090716
1071957 1149115 977649 1091258
1093751 1062593 995825 1038268
1061812 1060076 1047045 1054966
1116991 1130418 1098003 1150807
1103891 1100657 1072511 1126425
1064442 1077427 1013788 935185
1093429 1087224 985133 975986
1124217 1129085 1074801 1023259
1103069 1134171 1063393 1007835
973202 993386 914711 935698
1084779 1106117 981549 1006447
1070043 1104577 1056242 994919
1080457 1116093 988445 966759
911025 969800 942285 890129
1047079 1044499 959391 1015778
1074008 1071024 1035884 1029941
1095622 1058650 989437 1017718
940540 933349 973570 897091
996644 1025721 1026987 986165
1013689 1076917 1073123 1022987
1004853 1079234 1052282 1015497
973559 919750 976719 980871
1076737 985252 1047010 1090236
1102681 1030708 1048622 1080144
1053388 1018898 1036711 1064328
1119090 1135749 1074135 1087814
1073271 1077980 966481 1024422
1034235 1046428 1011500 976351
975031 1003380 907569 955089
1071401 1062631 1088350 1083331
1037730 1038131 1012318 991845
979464 983975 986436 1051931
975284 955891 928275 947674
1092328 1114514 1114673 1072070
998491 1050347 1078680 986920
963936 998421 1035811 943694
842474 934100 947322 932344
1154800 1042305 1122838 1101617
1050554 1010599 1057030 1058368
1035824 978552 1007392 1048253
947889 937878 939342 945802
1080747 1076484 994602 1006118
1060198 1061921 974039 959035
1025824 1074953 1000054 1028130
1089639 1082033 1011884 975742
1030712 1032958 1017118 1019243
985752 1027699 1000423 1001528
1051909 1051885 987159 1058422
1028492 1058084 1014325 1011957
971740 1043080 1043856 1003069
974291 985131 1051035 987653
1037682 1037108 1043094 998520
951935 1043213 1054521 1002165
1086046 960227 1003011 1070100
1045746 975489 1028596 1031972
1099303 1006709 1080515 1066958
1074441 991260 983812 1065914
1062266 1096868 995383 1025835
1041791 1037419 967330 999791
1055547 1062614 993480 1039653
998536 1000762 946029 970218
1013103 1044357 1047177 1015546
1016652 994555 961818 967725
1033241 1002718 999647 1031335
975500 954394 945602 980753
1023426 1052972 1073342 958468
957466 1011646 1010238 968644
1010639 1028755 1072260 989552
909134 925980 964993 976911
1055994 996375 1022051 1061654
1032536 933896 1013182 1028815
1066263 992051 1044486 1038043
997064 936372 1002374 988674
1039524 1053219 1159977 1078430
1013460 1059076 1158566 1050151
983553 1071304 1103507 982660
1026390 1142396 1182555 1136475
1046367 1108367 995618 1008176
1029361 1018150 1012905 977316
979391 1009085 999440 955121
1036977 1149813 1068760 1032566
1094753 1061054 1082869 1039235
1026683 1034744 1051682 972881
1020342 993707 986420 962667
1083683 1107781 1102613 1067795
1089909 1080604 1102601 1099948
1019491 1080815 1052459 1067109
1026876 1075623 1054106 1016087
1130406 1151887 1133175 1143953
973280 1025662 1124717 1022995
1104781 1147645 1258019 1058663
1014623 1062590 1136381 1008814
1011910 1073987 1124225 1018753
991544 1023158 961110 984155
1089249 1104617 1046506 1044170
1001188 990164 977478 974329
998956 1015592 1026303 1002589
1039041 1066805 1019027 1006977
1154171 1121203 1158918 1077072
1071794 1038015 1046108 981299
1075061 1054144 1032435 962314
1045274 1052249 1008971 1060567
1139203 1170992 1137718 1137431
1048977 1043377 1080485 1087464
1058869 1099886 1107289 1053083
1028366 1066558 1163085 1075058
1028554 1060496 1176933 1018535
1009183 1103599 1122735 1055111
1045410 1049879 1079398 1029366
1011464 1094084 1012721 1041289
985016 1068849 1030878 985749
1061046 1071965 1026475 1006999
1004452 1080332 994231 937661
1087641 1055123 1078161 1027274
1060674 1055959 1060743 1019155
1027812 1032836 1066652 1044677
1020222 1066116 1055007 967149
1056805 1093407 1062855 1094953
1073701 1041629 1052835 1067647
1082912 1095651 1053563 1093856
1051075 1054481 1049535 1063033
950148 1085286 1166944 1010477
985619 1041178 1145025 998625
990026 1027565 1091511 988665
1017245 1080963 1110408 1040052
1017066 1037810 1011383 1003837
1010643 1065094 966612 967545
984349 1011817 966348 951602
971471 1064698 967374 951330
1019236 1013095 1005885 1009666
1006432 1021856 1000641 985225
989705 1027052 1018730 960976
1020292 1008152 1018721 992746
1025730 1084373 1080811 1033562
1066584 1070008 1037385 1049281
1013182 1027371 1049280 1008432
1023203 1025645 1045123 1018158
969579 1039687 1057732 1027562
936077 1039946 1097514 1047442
925288 1045253 1071575 998787
950828 1073481 1032116 1045194
1013837 1153119 1126343 1048695
1026496 1113470 1093425 1046370
988238 1099382 1081992 1029507
995022 1106247 1102335 1036870
1033178 1080858 973380 1134418
1020928 1071645 1029429 1099483
994615 1124328 966657 1101006
987692 1116462 1007019 1130343
1058426 1104063 1076060 1089661
1043943 1052365 1089975 1110923
1004733 1010117 1038966 1040852
1016655 1046450 1005805 1062890
964861 1021577 1014995 994954
913615 1002157 983301 1008661
1022226 1146478 1115893 1139681
899765 1017747 986043 971204
998719 1093643 1097905 1005833
955142 1013412 1027220 986447
1080396 1182627 1174054 1155054
939394 1076210 1038895 1004196
968833 1031588 950001 1075912
923748 1000792 926550 1096473
1061565 1153575 1043861 1150555
931559 1024548 942142 1043611
1002848 980329 1009578 1011111
981969 994962 1006643 986185
1059815 1089284 1138704 1155325
952087 989484 1000901 998999
949177 1041912 1065812 1014860
883233 979909 983109 951328
981287 1063814 1071212 1028549
959352 1056809 1029144 1024269
1013185 1109257 1108943 1006937
882151 1049061 1001285 999900
1029636 1142469 1079606 1049293
989803 1088152 1094425 1073255
964446 1074541 954550 1128560
964766 1018731 928912 1058056
984080 1038009 986894 1077258
991099 1040190 1033566 1126541
1020630 1032916 1037595 1034277
953776 971591 988336 1002652
1027853 1068024 1036102 1057133
1022380 1055726 1063102 1086396
955938 1090714 1081413 1022657
972391 1144781 1084874 1010369
909097 1058553 1020356 1012109
903490 1001295 997286 952883
1021935 1148466 1107815 1074298
1005133 1133534 1076786 1057439
975690 1099450 1075808 1028286
910034 1008451 987491 982745
1014446 1080262 996554 1163480
1002274 1047323 975862 1097437
947084 1054659 974975 1075072
919048 1002085 890215 1034847
1079576 1060520 1034678 1078989
1034377 1038643 1052439 1075497
1004455 1050528 1055101 1065607
951610 1001101 953033 1026871
925355 1052384 1050844 1009874
997158 1109414 1029620 1044845
943683 1097798 1048343 1068609
969949 1125703 1092390 1066602
1039957 1031916 941254 1064215
1093291 1057030 942844 1093677
1031579 1053084 927274 1040080
1165215 1121494 974156 1103402
914525 967540 1048669 942177
964805 955201 1067758 987179
936959 971208 1036166 951319
1020861 1014327 1110790 1044810
1058128 980877 1015351 1037144
1044402 1001107 1061190 1003367
1052475 1040479 1049640 1049489
1093593 1080839 1068574 1087702
891088 1009547 1003434 936250
1007890 1171415 1129378 1097583
977147 1117116 1097826 1050321
896468 1033939 987770 981317
1045207 1023273 892268 1047719
1125572 1162625 995083 1135492
1106292 1070174 993215 1103351
1049790 1033123 896533 1063774
930582 929908 946098 941488
999305 1042451 1145767 1021336
967897 1001985 1070778 986045
889093 993848 1009790 907898
1011695 962825 998843 983792
1122243 1085011 1121220 1099613
1103967 1025876 1043900 1104941
1043570 1010810 1000990 1024096
1005667 1137867 1082676 1047157
939523 1117783 1049191 1011352
967345 1146004 1031223 1049121
1072484 1190090 1143251 1104177
1147588 1116170 987448 1120780
1118480 1051672 940448 1078529
1120771 1067931 956593 1121451
1210111 1177093 1017905 1146503
1022792 1053626 1108074 1041943
974735 1017675 1056936 1044735
1031561 1029535 1079157 990025
1106063 1051659 1177117 1041984
1106370 1068549 1085470 1130543
1060747 1043211 1064043 1097366
1063553 1096042 1089359 1089460
1165481 1121830 1186800 1179694
1078041 1119185 1099852 1096889
938661 1064843 1000568 981723
998295 1096663 1110602 1020488
950096 1117774 1063806 1026708
1138549 1122951 965604 1163359
1037168 1004216 904542 1033113
1121540 1088312 950219 1108075
1070245 1059991 946663 1097957
1022594 1051505 1152145 1045954
957784 977431 1027634 940476
1000575 1048211 1085824 1008549
976262 1052654 1119277 989093
1143645 1031976 1078001 1114060
999015 952683 999156 1019197
1057666 1061992 1093221 1060115
1062637 1051096 1098210 1069333
