1049641 1001738 1080877 975390
1061775 1141309 1196362 1073961
969678 950631 1065807 965587
978152 965736 1026152 945408
1005199 1051525 949487 1002770
1068939 1076117 1078375 1107862
963665 986167 934079 980935
970860 929593 910088 1007295
964448 955753 1042658 951958
1094720 1068346 1157329 1100312
955585 985733 1020675 921412
898793 936358 994108 958223
994468 1051778 1020733 1031034
1082552 1126982 1113779 1110394
1004175 1035102 958948 951733
1003782 995163 993252 1005232
1028526 1041231 1100592 1045511
964712 966202 1049950 968597
1022089 1062156 1085457 1001922
1092575 1030327 1135766 1007294
1044514 1059677 993957 1075716
967270 937961 941591 955975
1007883 1039559 969345 1041726
1043396 1035609 1038916 1058280
989912 1029540 1087038 1001699
949882 956998 972949 926177
990948 991210 1049054 1006557
973058 1013400 1127044 1002794
1073780 1090826 1007881 1050018
965901 985321 956466 1010405
1048035 1103123 1026922 1039588
1099945 1105196 1048351 1073425
1069907 1103122 1171787 1060734
987197 967939 1084767 916435
1049906 1027924 1102036 996821
1032097 1019244 1125139 958989
1019977 1028505 1042155 1053529
977016 951310 961196 953954
1046951 986384 989872 1031922
1005732 1017763 974234 983493
1002197 1063691 1062670 1100664
948635 938831 988151 957734
989586 994759 1056572 1026314
922508 984220 999201 1012990
1084506 1072142 1047421 1060021
997228 1004397 941131 960614
1037654 1032714 1002743 1045839
1065484 1039223 1015909 1007041
941198 981735 1063178 975445
1078221 1064603 1146184 1010445
1003091 985294 1015183 906715
945196 967017 1007928 927369
992492 957065 957513 1003588
1080761 1097189 1014175 1122574
983647 989356 914996 983121
976249 963080 926575 973106
937770 945335 960812 937072
1013693 1040555 1090491 1078381
963550 952390 1021709 972377
924326 944153 952176 989947
993301 982889 1001370 983925
1081404 1118020 1080154 1031373
998321 1011915 963967 966215
931627 993121 962359 989157
1057368 1033804 1170269 1016899
973874 1021831 1060751 957703
1064281 1120837 1187295 1044898
977769 1077068 1155897 992904
1017274 1052409 1135485 1005381
963265 1015867 1072196 932302
1065143 1106258 1200673 1056680
979483 1025047 1094989 1017518
1082797 1035403 1117443 1070875
1023171 1000288 1016048 947189
1053474 1060974 1117513 1058626
1000257 1028396 1018287 1045861
1033060 1038115 990878 1060408
942834 943261 904876 968837
1047564 1012028 998581 1104427
975931 998174 924838 1117194
1055154 1043327 1066164 974633
1018670 1111024 1145465 983017
1079853 1096048 1164188 1009799
1017033 1071270 1111007 977905
1063904 1040108 1139123 977229
1005418 1098367 1115628 1035450
1048347 1097290 1161555 1032192
1016686 1025013 1103944 997481
1000328 987577 1032660 989135
1033836 1079479 1060761 1035393
1034415 1038645 1089493 1059754
1040844 1020036 1025358 1016481
961709 963247 947053 1058214
1043511 1028162 971251 1095816
1004030 1030425 993054 1122694
980501 1005108 923093 1050160
1031046 1033731 1102844 1026987
1105325 1076246 1140052 1038178
1032025 1039900 1121269 992817
978957 1011720 1150915 1021419
1036871 1044677 1098304 1032173
1085737 1099835 1164237 1039743
1048981 1094108 1103572 997743
1030045 1032334 1115592 957104
1038908 1024425 1085064 1023778
1044371 1064126 1108156 1007027
1105667 1044217 1105501 1052543
1005441 1003819 1068723 1022628
961481 1033713 954050 1066903
1015113 1040588 977963 1116504
961401 996675 1001812 1120291
962497 961718 959778 1055097
949064 963834 1054370 898522
984076 1089144 1126446 975427
1019107 1032182 1064317 1008035
1044878 1071278 1163031 1024321
916455 972565 1020938 926207
1025828 1096423 1140930 990674
1043649 1056918 1079844 978409
1114310 1089454 1141184 1005737
966119 945375 1018438 912897
1047356 1047176 1085569 1050134
989035 990051 1066589 1009247
1058847 1032716 1123448 1015313
939254 984887 878108 1032470
985593 1003015 975393 1041153
941202 1024428 937507 1019266
1024811 1016276 998711 1085594
1017929 998396 1034876 984733
1050638 1051064 1070358 1011533
1021535 999378 1040429 969922
1044998 1073404 1093696 1100081
932198 992212 967016 1066884
1032235 988238 983765 1077044
998829 987202 939984 1004866
1037616 1066446 1119735 1141978
1092317 994828 979507 979179
1097862 991355 1033955 1048589
1073531 1008476 1012280 996539
1138031 1040536 1070778 1054529
988508 1032744 922815 1024364
1034314 1058219 1023229 1046605
1031289 1031107 971505 1020764
1087437 1130465 1050585 1099625
1076930 1099755 1173700 1111655
1096157 1080474 1103963 1076252
1119422 1059823 1124053 1080362
1002991 1025719 1018830 990142
1084812 1080765 1065503 1156062
1110969 1064462 1023939 1165136
1145152 1080014 1055830 1153506
988362 1011918 1009449 1012251
1209850 1105798 1076819 1112246
1149231 1089199 1061415 1080554
1159120 1043142 1027601 1084344
1068632 1000032 972672 980789
1094128 1121154 1074887 1127601
1090592 1133838 1058437 1146131
1133243 1082368 1076608 1094533
1017757 1046487 994125 1024777
1075510 1083415 1112465 998885
1053200 1038836 1085556 1026260
1110733 1108284 1132764 1064433
1039987 1006749 1023422 1014675
1115222 1066236 991314 1077725
1027653 1003414 989253 1073120
1076489 1057917 1053754 1124577
1058844 1001152 959695 1060405
1162540 1025640 1040113 1033509
1076053 1009922 1000789 1032288
1180077 1015124 1060902 1086851
1084308 969543 951140 983702
1098046 1100648 1020973 1127223
1055482 1085438 985140 1103638
1101517 1120485 1068322 1121654
1011352 1008363 981654 1060091
1066665 1016732 1086758 1040777
1230670 1166917 1209324 1137646
1008758 977444 1048805 985266
1078076 1085836 1117362 1062497
1055282 1039820 1028643 1070704
1138159 1138975 1086502 1183515
967133 1001129 1026640 1057973
1065569 1061577 984473 1091131
1117874 1032159 1038745 1016557
1235481 1100676 1150144 1138297
1091721 988580 982139 1024649
1124619 1027567 1065624 1056254
1035380 1069849 1008783 1086047
1165989 1194208 1094951 1169272
1013668 1051066 995982 1013235
1069017 1089271 1038059 1104621
1087919 1014976 1104073 1076372
1131417 1053611 1099301 1123727
1123907 992737 1050780 1081871
1042895 999081 1021704 987763
1018377 1014477 1047866 1080566
1048310 1070388 1073560 1106722
963439 1009987 1044031 1042752
1002567 1007534 1030212 1042987
1068958 1070354 999525 1061360
1117264 1099481 1048180 1110779
1038191 1075209 1013823 1039602
1036685 1023919 964812 1025346
1065032 1080147 1027635 960718
1069427 1125101 1091624 1009152
1028909 1066521 1018741 923910
1028990 1062061 937469 902662
1057916 1020760 1031550 1051034
1048579 996846 1016945 1069302
1060670 1004870 1034674 1033102
1088096 1027977 1077939 1106116
976501 948199 1041059 1022497
1028594 1002711 1052446 1039746
958660 1023381 1028251 1082315
1036097 1042750 1082306 1088590
1025242 1013977 946971 1016179
1065635 1079058 994953 1010087
1070795 1029483 1001908 1053959
1090104 1113076 1025624 1092455
1005925 1031655 943998 920845
1053621 1083278 1012119 921238
1022486 1051947 985502 869083
1057820 1124510 1024790 946492
1069739 978327 1035364 1007663
1047110 1036337 1034211 1055653
1148206 1080701 1093159 1103779
1049834 961754 990246 960318
990353 999572 1001234 1014371
1035624 997990 1029040 1081327
1073816 1057184 1150985 1144405
972436 965224 985311 1088536
1021711 1024941 978860 1054481
1030249 1029735 1010839 1052764
1124743 1109213 1048804 1107852
1000870 996976 921315 1010513
980936 1020372 983844 905618
1035079 1070659 983119 922686
1057029 1114875 1058374 944140
995073 998447 952542 859991
1089138 1034688 1073190 1093039
1106225 1049417 1067820 1089256
1055327 997280 1004856 1038750
1087172 1069554 1084885 1087844
998155 1018023 1030176 1083559
1030227 998833 1064536 1093961
990173 1014988 1044596 1067263
1015581 1024365 1068513 1125827
1041349 1024325 981587 1061833
1067306 1083940 1036599 1026950
1015759 1031149 994924 1051914
1066458 1080438 1064473 1096565
1041003 1091035 984259 912725
1071814 1093158 1038515 923882
1002632 1055181 1015982 875698
1030136 1080966 1006362 961879
1082012 1058367 1001124 1149037
1049522 988089 1002150 1047426
1019906 1006641 972886 1039847
1022056 1023092 979141 1056689
1111748 1044789 999179 1045119
1068412 1020888 1004908 1030886
1018187 1005900 959573 1000748
1058614 1041190 970475 1038889
1035257 1023666 1043870 1002594
971267 989180 987812 966681
941162 971370 990968 943859
1000910 1001925 1052963 1000164
1139843 1143537 1028860 1002361
1096951 1096774 1037418 1000524
1081017 1150249 988999 974592
1113304 1116431 988128 1025696
1064527 1016189 986430 1075276
1091151 1005076 1010362 1131905
1028294 1003843 952629 1017044
1017255 1012166 958157 1098349
1061757 1024645 994552 1051132
1079305 1087318 1015030 1075583
1038736 1003837 941325 994912
1040290 1037412 973317 1007857
1008983 974795 1013677 1013860
1045698 1049702 987200 997511
967996 965923 1012941 960887
1009675 999324 1002335 970802
1061450 1157612 1012985 1023197
1113915 1126725 1070589 1022533
1050962 1140407 1035025 993550
1115038 1123364 1039229 1033033
1086701 1045286 1018674 1116319
1056449 995122 931268 1085132
1044492 1005308 976703 1042940
1047074 1042729 998239 1062036
1076706 1074355 1011896 1031640
1032591 1012757 956723 1014817
1041835 1020514 986991 1036990
996810 1015661 929214 1044691
1044001 1037633 1018623 998774
961929 1001946 974834 996591
1020885 980912 1022985 999995
1005958 967001 1059449 976245
1136675 1147700 1050098 1037314
1087897 1105602 992488 1019577
1100109 1120719 1016587 1019428
1121519 1081010 1010873 1017073
1029944 970690 953764 1076383
1058682 991847 920430 1145671
1072497 1039514 1030970 1105557
975834 946181 954000 984653
1082561 1017856 955097 1029239
1079119 1032278 956657 997888
1063029 1093250 1053902 1039570
1026342 1008131 972462 990100
974418 956014 1031080 974777
966611 951282 968008 936232
1026461 1026899 1005267 989591
937805 970307 979165 921023
1085789 1072773 1018089 999644
1103371 1099109 983854 1043332
1126953 1107898 1075043 1021089
1051431 1062205 975617 965616
1003236 1039312 1065715 1027090
1079206 1051841 1098804 986374
1016121 1033717 1069501 1015650
1044208 1045656 1045298 1011399
1027558 1062310 999324 1056824
1054126 1073831 1001317 1100470
1066623 1080214 980032 1032995
1035678 1061261 1000462 1052705
1095173 1043891 1001499 1032604
1082798 1045912 1019021 1094936
1040516 1014057 1002210 1026060
1064044 1076858 1040600 1066264
1114616 1107584 1010753 950792
1088066 1115052 1079538 965445
1054316 1086773 998851 929551
1128208 1080417 1014367 965829
1072271 1036334 1104264 991015
1008225 1025102 995874 982176
1023695 1037322 1114186 1000641
1010231 1026018 1029074 992397
1103514 1063676 969812 1046940
1007917 1017082 944602 992356
1015259 1095252 988980 1057750
1015726 1026222 973506 1049154
1080596 1006787 995143 1062591
1040332 1031583 1016721 1011857
1063133 1064053 1032140 1056174
1059435 1003741 984984 1026199
1080415 1083558 1023050 968884
1071050 1043275 934898 937650
1108577 1101742 1058770 954592
1081531 1082572 998196 929388
1072655 1019579 1089463 1028429
1068039 1053383 1132826 1036064
1010996 987739 981974 920927
1007557 982258 1005237 974414
1076323 1050579 1036246 1083172
1099252 1091426 1048025 1145781
1006869 1066952 960428 1035847
966671 1044296 929645 1027952
1058731 1092195 1077954 1119457
1105842 1064443 1078924 1076315
1074633 1027745 1005073 1037200
1030409 986227 978790 1023629
1070934 1113223 1094829 970221
1126851 1075246 1061570 959233
1020951 1043236 973732 915729
1002921 1031747 995539 915930
1029848 999153 1061740 1005316
1064190 1037336 1103880 1052805
1052542 1040087 1094365 976054
1092981 1040177 1116778 1047957
1089495 1063980 1004831 1089085
1099795 1125498 997104 1093273
1070839 1067859 998778 1030892
1057887 1113416 1039808 1116242
1062141 1002625 1012460 1009046
1078168 1119587 1004043 1106033
1029731 1075742 996495 1050650
1116491 1067712 1085978 1070969
1067032 1105037 1038226 948973
1128384 1114242 1044298 981350
1078702 1051520 1003916 955790
1085893 1133915 1109638 1019949
979412 1025435 953521 955049
1113211 1127881 1026687 1065853
1123046 1087808 1069754 1075356
1081294 1066915 979617 994628
988464 973632 951391 970107
1068589 1054344 1049981 1095116
1115083 1058521 1050505 1074565
1048606 1054813 1045235 968898
938657 1023583 969061 988431
1028155 1082112 1108121 1014741
1040410 1066453 1098163 1035598
980134 1031578 1059223 974857
1005900 959908 978212 1002382
1116025 1088178 1094282 1089046
1114354 1069108 1092814 1106702
1109211 1016820 1062259 1076704
1054332 1120772 1041274 1045676
1018550 1065938 978969 972999
974002 998200 942047 986345
1083335 1047843 979631 989127
1056912 1052458 1059520 1006276
1011515 1013929 976040 1011964
943859 997716 905557 919538
1028416 1008454 959512 1049186
1025974 1085623 1103143 1036800
1010450 1025996 1019821 988645
916689 965041 975470 903382
996600 1026241 1019950 992337
1090673 1047021 1046749 1068010
1010871 953454 1022325 1042750
981214 953147 947008 983216
1050332 966289 1022493 1052062
964473 979125 926294 947525
1075493 1084372 951917 1002664
1045051 1045044 968646 997920
1051012 1016924 997321 1012130
939747 954574 922632 1027433
997804 982545 1017552 1064989
1025493 1011751 989827 1053468
1041774 1009086 953901 1025973
898812 963325 971575 900070
990614 1034211 1023711 991291
973344 1038697 1094499 987709
973127 1030836 1010560 993035
990272 929190 939006 1019822
1081538 1000044 1015929 1018076
1033104 963002 1075171 1030163
1007605 1000185 1031630 1085520
1025630 1064814 971076 982137
1069105 1037262 956110 1023609
1020050 1039517 1004367 995183
1112704 1107354 1015137 1012575
1002035 961689 957419 1015628
1053844 1027843 1002349 1058943
1008574 994614 961893 976960
1070409 1029045 1031034 1005489
999781 1019612 1022564 964465
979157 1039041 1077497 1014195
1002672 1020170 1032582 980278
1030135 1104667 1096507 1004742
1023160 1013169 965891 1056151
1047546 1030984 1060612 1054164
1031906 979502 995031 1030976
1078309 1043081 1029872 1081161
1023109 1051512 1102895 1074680
954771 1031339 1075791 945201
1065765 1130613 1185377 1067023
960923 1011157 1107606 998348
1008662 1052529 1012831 1008838
914489 1004758 931299 939377
1023070 1078268 1058604 1010893
966535 991152 947406 935231
1053485 1069719 1067481 986982
975200 971684 963685 944670
1109823 1074628 1065544 1034134
983621 958325 1014420 1004445
1056993 1089603 1040110 1088070
995568 1015719 955127 952423
1077875 1104839 1117132 1125167
976574 1024928 1004152 1031366
942995 1001290 1115605 975638
1028155 1045557 1121405 1013053
967078 1011308 1103088 953809
1008599 1033165 1132689 1016369
940056 924892 930583 911486
1011820 1030038 1033172 996432
943059 1018364 1004517 939794
975855 1033609 988143 920676
974395 978445 955197 912887
1037535 995606 1028023 1026288
1004916 1039894 1043364 961594
1011798 1029491 999217 967094
1006986 1023579 984828 1008459
1059436 1076779 1059763 1044431
1041048 1071978 1016216 981220
1043934 1064069 1049227 1001125
998020 1001716 1095944 980084
974138 1038107 1080115 1010460
983721 1049600 1133295 1002202
952024 1027836 1043741 968131
912331 997149 974479 927256
945386 987317 940862 949633
994299 1073461 1038819 947620
920440 947063 925255 935133
1021350 958978 970515 924212
991078 1032987 1011330 955520
1049932 1021014 1045642 995760
992671 963744 955313 928253
988575 1008124 974183 974292
1001618 1037446 957655 1000442
1047941 1072679 987368 1068843
1006841 1012399 1024502 1005590
1083717 1149487 1129090 1084649
1021589 1046466 1109296 1033809
977138 984983 1060207 967180
1053809 1115398 1177020 1077663
1014862 1096994 1076165 1017461
1033965 1039536 1006394 1007554
981867 1033300 993133 956164
1044357 1114985 1079046 1074630
1099754 1097669 1070714 1031290
1042911 1039482 1046121 976466
1006837 1003453 1000868 977803
1110734 1148539 1106422 1073356
1105117 1132725 1075570 1082307
1036932 1076367 1081459 1032097
1021408 1010611 1024709 1021461
1095433 1127800 1135046 1150695
903087 1024287 995902 1003575
966508 994885 1010157 982158
934421 1055346 1085438 998487
974042 986182 1012580 981068
902094 1072475 1043747 992921
979367 1104867 1069204 1008171
994037 1153334 1111787 1028261
1000061 1115994 1065663 1017595
943201 1049106 893707 1021088
952440 1041440 951882 1072043
1007965 1069933 982239 1126514
972471 1050249 966562 1106599
979855 991114 1012955 1064968
976725 1013610 1002923 1026170
1022916 1064600 1003168 1061819
986631 1049319 1036336 1028350
932900 1036143 1054901 994555
938578 1053387 1023949 1011888
877040 983047 971917 927878
953459 1045899 1064489 1049437
937130 1098750 1070632 992197
965104 1071490 1061319 1025480
1020286 1036360 1011425 987627
1007042 1156861 1130285 1060135
962669 1035530 902396 1066562
953029 1015882 914239 1038140
932972 966421 933038 1082617
1042533 1049594 952670 1096200
1003110 993036 1018266 1039316
950904 999482 980254 1055618
1000478 1016498 994739 985156
1062394 1065278 1060771 1045847
967999 1020782 1019358 999706
893779 1012868 994495 983495
982042 1121470 1101724 1040283
915904 1032039 1001340 994284
1057335 1107386 1086754 1081692
946083 1076273 1025625 1031538
1039720 1155444 1143198 1088829
951902 1060739 1043956 1020820
1009642 1075523 984817 1122348
961465 1001690 920530 1028182
1055035 1103784 1014255 1163107
978410 992169 947796 1140746
1064314 1060521 1072828 1072732
984757 1000707 1017203 969057
1054411 1135429 1111531 1067818
976828 1033629 1019549 1025133
957704 1095750 1039159 1053897
986222 1082476 1053060 1028529
935850 1013414 1007344 1019429
919159 1034680 1058958 1076936
1068659 1143158 1104012 1059932
1017724 1172433 1113123 1052960
979921 1099317 1058334 1081871
993478 1123298 1050426 1025644
1016063 1050412 976724 1091255
1028284 1079133 964722 1116827
1035900 1020222 972055 1066941
968473 1091389 976690 1121342
1058567 1056913 1066166 1080198
975053 1057868 1043693 1033731
1000595 1001092 1061647 1062553
1003395 1005504 1015638 1047699
992461 1074158 1032531 1026561
915066 1064800 1036599 975579
967684 1052310 997180 1017833
996317 1081460 1057073 1022093
1057533 1042245 901879 1062583
1059185 1043636 940692 1051949
1051263 1032489 949208 1046529
1105810 1099224 944264 1080544
953015 972764 1063462 972643
976706 943748 1030877 952185
948204 983945 1099257 975094
984777 1012847 1104653 965167
1053707 993628 1060970 1041787
1045125 966573 1038455 1047505
1052057 1032758 1068295 1088913
1063102 1062617 1076910 1030814
983196 1132881 1090111 993038
908332 1028847 1019978 979190
974846 1110694 1082225 1080216
1069429 1172427 1194203 1117031
1100391 1021625 955374 1083530
1049074 996164 902982 998012
1135962 1103481 1026952 1125639
1152930 1130729 982184 1140435
987631 1044560 1076133 1012217
904086 944797 992129 930806
1052053 1048951 1088252 1017402
1090156 1037825 1151324 1057523
1073218 1022389 1053600 1049612
959800 941179 970096 984164
1062960 1028885 1108585 1054382
1160127 1106768 1162608 1122803
999234 1121658 1067364 1027670
1034921 1153982 1120985 1085286
998167 1129766 1120485 1066547
939250 1067831 1039543 1046765
1115636 1067965 948782 1129320
1169305 1109096 1009205 1144895
1116976 1106818 961267 1121283
1032951 1043529 944742 1062783
972489 1014011 1147703 999825
1063712 1080983 1156151 1049046
993661 1008202 1079848 1019123
924607 1003080 1102696 968541
1054015 1035050 1094000 1092806
1141066 1059673 1123583 1137076
1127879 1061960 1096357 1111019
1033895 1007180 1029653 1018946
1011836 1195171 1137442 1074343
960382 1085581 1071412 1018387
889744 1071851 1012125 979346
981982 1103553 1080249 1076803
1166586 1122824 964761 1104280
1099748 1030584 888578 1057964
1046382 1019186 914007 1032269
1084315 1034993 962671 1113391
1015722 1068391 1129788 1047567
968415 1005006 1029473 1021815
959939 968591 1059874 935620
1002163 1007318 1111845 1002191
1139833 1058126 1114353 1103214
1047967 993782 1017720 1047274
998674 985929 994747 996159
1032443 1046217 1071959 1047887
