60 62 123 91 44 76 107 67 102 84 71 46 36 35 39 102
64 50 114 33 102 40 12 40 126 51 18 29 100 67 105 32
1 100 124 45 48 103 112 22 59 55 68 95 91 107 70 27
29 56 60 3 97 72 44 95 123 62 124 96 1 101 0 2
73 124 47 121 100 31 15 31 87 83 127 50 62 69 77 92
125 9 95 94 81 11 61 77 74 58 45 75 31 45 78 105
42 125 98 14 29 114 45 116 69 44 38 4 113 115 96 111
124 63 77 77 75 11 26 21 69 71 96 100 117 46 77 31
44 48 45 73 34 90 61 103 7 99 107 120 86 75 103 82
11 53 31 86 64 58 107 5 1 75 105 118 122 55 21 38
103 66 111 9 29 44 112 36 15 92 28 101 39 4 55 50
57 86 8 121 16 115 126 18 63 103 8 57 30 30 95 5
96 78 14 125 122 127 33 9 91 62 110 2 66 37 53 123
123 61 116 12 49 114 30 112 89 38 41 120 68 8 125 37
86 12 34 80 11 68 89 102 2 71 104 68 108 29 63 103
91 51 115 12 37 17 124 126 56 37 118 124 45 116 33 3
0 68 83 11 8 44 113 10 115 89 78 95 119 13 70 82
64 58 94 101 75 90 99 3 127 90 0 44 78 33 47 78
101 2 89 109 46 74 119 33 35 69 0 26 82 70 108 18
0 74 119 76 36 91 79 35 53 79 79 3 113 126 81 86
0 42 68 46 116 59 79 23 1 79 50 83 22 30 102 22
105 93 98 13 56 50 49 109 1 0 112 114 127 65 73 127
107 13 46 95 72 125 119 73 77 41 29 99 71 3 121 48
96 92 62 25 14 111 6 15 111 119 2 110 56 75 110 36
88 28 3 32 25 122 106 102 35 7 73 107 10 67 27 106
31 89 3 45 72 10 60 56 1 62 38 57 9 20 93 97
48 97 2 74 91 108 48 127 115 122 106 125 61 5 103 92
95 107 9 39 117 69 95 118 4 6 47 13 26 13 111 75
110 113 21 73 93 69 72 80 63 50 77 124 56 52 88 23
31 97 62 20 39 30 10 43 36 58 56 62 71 39 9 53
24 30 126 117 100 71 69 35 121 18 32 49 71 120 72 102
90 7 123 1 37 5 44 73 63 100 7 6 12 17 59 36
