106 55 16 24 98 103 35 33 121 6 60 44 58 111 37 124
101 104 6 112 103 86 41 33 113 3 36 56 25 76 51 3
3 67 27 102 43 62 7 36 69 67 81 127 51 118 124 24
94 2 8 69 88 49 102 74 52 11 2 78 87 53 81 90
121 109 64 36 43 71 72 112 11 25 112 62 15 108 86 109
110 95 50 71 16 25 17 69 36 19 19 123 73 100 85 66
81 22 102 125 93 46 109 104 72 93 38 87 73 125 69 56
92 119 127 108 16 16 49 52 35 68 47 108 41 5 46 122
27 20 119 120 67 101 97 11 66 7 98 12 4 39 68 96
31 67 77 47 83 126 100 118 67 19 99 108 24 17 102 51
38 94 44 105 67 13 116 5 20 86 17 25 126 85 121 29
24 70 76 107 69 48 98 8 68 69 116 92 86 90 16 124
56 60 101 123 73 89 1 93 48 18 118 46 104 112 75 0
54 23 108 123 72 78 3 12 19 119 104 105 82 120 102 10
52 75 6 125 37 7 91 85 25 81 3 1 65 78 2 120
101 110 115 45 60 119 57 79 110 34 56 64 26 30 75 79
106 81 76 15 88 39 100 113 121 103 115 58 53 117 50 26
99 38 72 31 29 1 110 11 35 38 76 62 69 23 13 47
104 89 62 64 1 34 49 122 9 36 52 62 25 103 88 124
13 32 27 42 34 9 53 69 48 1 3 117 24 16 36 0
106 98 64 107 4 114 101 13 22 25 75 48 0 35 44 13
68 72 55 102 81 109 43 1 110 47 118 7 63 26 7 41
124 72 20 0 58 121 13 80 19 88 0 19 124 45 33 64
117 88 38 70 69 81 72 52 0 62 59 64 89 66 105 85
10 126 86 68 119 99 21 10 60 21 30 56 66 63 120 55
23 30 126 93 111 70 17 112 4 76 48 93 14 25 51 25
23 9 93 15 108 114 25 40 8 55 96 74 118 88 2 14
118 0 107 102 70 124 86 74 72 6 40 86 31 91 111 55
100 77 70 80 63 95 121 71 23 89 18 13 50 20 27 40
20 6 14 90 2 100 36 74 106 76 33 10 39 16 65 11
93 7 92 29 102 85 100 125 46 118 11 96 10 38 9 30
45 23 120 47 124 29 122 102 105 27 112 17 43 49 28 9
