93 40 59 119 41 8 74 99 51 11 29 50 22 70 58 37
114 117 118 64 2 6 69 126 72 108 35 73 53 99 45 18
11 105 9 53 113 83 24 37 94 53 87 116 124 17 25 110
6 15 46 9 22 115 7 94 95 42 39 20 14 84 38 25
61 47 78 47 3 103 84 97 28 43 86 24 60 111 6 67
127 52 76 21 39 83 115 7 126 26 27 12 110 66 37 44
113 116 91 116 91 47 86 119 90 44 16 22 27 22 89 26
75 37 47 114 121 34 121 119 60 21 3 43 87 40 87 72
28 50 61 119 97 19 111 59 63 127 81 90 21 43 117 96
80 36 83 73 71 76 64 3 97 67 46 56 108 5 1 8
55 62 0 24 81 111 83 16 110 37 106 3 80 95 100 32
4 55 106 75 3 42 78 101 110 125 29 90 2 30 98 58
92 98 82 45 81 38 61 63 75 40 67 27 7 39 59 11
94 37 86 97 80 37 70 62 34 100 24 36 2 122 94 95
93 49 12 46 87 74 110 34 114 49 61 121 88 120 5 54
30 91 23 110 0 94 44 34 66 68 71 68 62 37 35 27
86 48 74 45 122 56 79 108 105 12 101 65 5 106 119 35
70 14 17 70 108 61 105 46 1 48 115 63 85 22 91 44
70 37 89 64 93 41 44 70 53 18 7 58 124 126 93 66
12 110 9 121 43 114 39 44 34 26 108 119 49 71 35 119
108 125 56 73 38 100 15 91 118 22 22 115 20 115 53 32
98 62 25 13 48 65 58 82 91 38 74 12 109 109 4 89
106 60 34 16 32 49 108 23 71 2 10 91 117 63 123 87
126 21 101 46 86 31 1 49 69 75 62 50 56 66 11 35
126 45 51 30 94 31 53 37 33 63 0 23 127 123 110 125
16 83 43 102 114 44 24 55 119 86 105 48 24 116 83 22
33 6 52 127 38 106 36 71 41 36 94 40 32 77 37 48
32 81 23 19 125 47 74 117 5 52 37 29 40 120 51 74
126 103 73 36 81 110 108 123 18 74 35 50 23 73 99 56
26 122 75 23 41 21 12 46 73 49 75 114 41 126 60 40
101 5 76 55 115 56 50 6 3 85 56 26 30 27 82 56
21 29 80 62 51 92 108 124 14 55 110 55 53 42 95 27
