63 87 93 121 94 89 10 114 117 57 3 74 14 19 43 92
66 15 93 72 72 34 107 114 102 55 122 82 0 8 51 64
95 16 57 61 105 67 48 94 124 51 41 11 70 84 103 9
100 68 81 44 103 60 30 77 116 25 32 116 33 83 52 0
100 109 61 77 48 109 44 45 33 85 56 103 41 31 112 13
99 66 58 74 126 88 24 114 113 56 103 18 11 27 18 111
9 80 61 57 61 105 102 94 62 30 70 103 61 54 117 33
120 47 107 119 7 3 105 121 59 80 11 71 108 30 54 117
110 115 46 43 92 21 10 26 51 80 2 113 6 119 18 127
38 125 118 45 1 95 38 60 48 50 3 28 80 58 17 62
45 63 105 10 84 115 36 8 67 38 121 74 29 11 73 67
8 63 113 9 30 23 70 78 73 73 106 25 3 123 87 49
59 65 59 15 52 95 23 120 6 16 66 35 27 11 103 36
74 88 45 104 111 115 55 57 61 33 82 64 29 42 113 88
107 44 103 31 12 127 23 18 15 89 53 43 100 28 79 46
116 124 23 100 112 78 29 45 111 111 109 12 25 95 100 4
11 76 36 23 75 59 41 90 21 95 5 121 123 84 40 112
81 63 84 65 13 113 110 124 96 91 9 122 58 109 126 70
57 34 93 4 94 7 95 115 102 100 108 97 57 20 81 10
83 37 75 96 22 57 93 119 20 102 113 79 83 111 21 13
18 114 17 112 121 112 99 95 85 79 65 14 100 18 24 55
56 99 24 78 28 117 69 48 91 54 127 46 38 20 59 56
7 77 40 0 61 11 96 18 90 33 32 62 51 56 118 107
27 14 58 55 3 127 104 94 54 103 12 92 124 72 20 3
21 60 3 82 71 99 101 33 4 5 96 56 62 86 35 89
100 93 17 103 93 121 69 19 96 81 111 92 25 3 95 46
63 99 1 6 70 102 39 75 107 7 3 41 93 38 3 65
4 20 40 97 13 109 116 109 63 99 74 88 102 41 7 37
12 8 43 83 110 82 30 89 90 33 3 55 71 6 121 75
26 33 44 39 15 32 20 78 3 94 38 105 8 45 14 20
53 57 103 35 12 5 125 102 38 0 29 110 6 22 57 32
56 102 71 71 6 91 21 10 58 59 115 66 105 2 86 30
