56 120 38 31 77 10 28 124 1 39 92 11 78 101 42 123
125 34 42 121 63 36 95 41 63 80 58 107 1 86 116 58
79 26 89 28 36 117 24 37 29 117 49 107 90 91 102 87
125 16 80 61 53 48 102 116 0 32 95 1 118 83 59 69
109 20 98 18 10 122 55 39 111 104 18 74 67 120 33 65
8 114 126 61 34 100 50 34 4 17 35 122 101 95 64 82
115 34 100 125 28 28 36 12 4 54 86 72 46 119 9 55
105 7 116 11 107 38 45 111 56 81 105 29 48 41 111 35
75 84 33 104 112 69 116 116 124 74 60 42 65 69 97 43
76 86 54 55 124 100 38 52 53 16 81 101 57 65 8 5
21 41 109 5 111 97 121 107 43 54 21 108 123 119 23 72
77 78 127 73 50 38 126 103 54 79 76 111 16 84 116 37
126 97 42 109 66 36 88 109 90 109 90 85 100 113 29 49
63 29 123 113 67 121 88 121 72 36 104 89 121 93 126 119
62 41 100 1 77 60 110 39 41 72 124 14 58 26 63 121
55 58 107 122 51 67 115 124 104 91 85 97 56 83 88 119
124 60 120 73 120 102 112 33 47 109 47 105 7 111 98 62
41 77 56 93 17 43 89 121 6 46 90 63 1 50 54 126
110 46 71 102 20 56 7 67 37 55 44 44 38 15 106 79
92 34 44 109 77 5 102 83 51 64 18 53 114 72 51 96
118 122 70 11 50 78 78 87 5 123 3 43 10 109 122 102
15 39 84 92 44 58 48 96 123 66 21 109 11 72 78 1
66 20 12 117 98 91 76 103 86 80 18 96 61 13 70 77
52 26 41 96 85 89 64 80 28 85 61 39 29 11 40 96
32 53 85 2 16 33 106 102 113 124 70 47 9 12 124 61
39 37 30 124 127 94 76 27 52 9 66 81 21 106 49 53
31 6 55 47 40 33 21 25 30 91 72 39 104 68 101 15
106 3 11 105 97 87 4 21 96 70 103 117 48 24 42 80
31 98 127 71 3 21 96 33 112 41 73 88 109 46 103 87
49 114 64 18 73 68 40 42 10 15 31 59 39 74 11 70
44 10 13 47 31 110 81 16 23 26 104 4 72 80 92 121
66 28 11 12 97 51 54 107 66 85 38 106 31 49 48 75
