69 76 33 105 2 50 57 82 5 92 14 96 104 124 15 118
32 28 22 127 77 2 59 100 16 111 117 14 90 16 117 31
93 22 8 95 72 65 49 78 29 64 46 5 60 61 124 92
90 18 91 39 21 23 11 37 6 0 52 96 17 41 127 110
64 7 77 8 72 126 86 102 62 5 107 122 66 103 86 28
122 50 68 15 73 79 52 79 80 104 47 97 18 46 79 82
53 28 90 125 26 49 99 89 54 79 83 120 54 42 21 48
92 89 63 37 40 116 116 120 92 35 89 110 81 40 64 6
68 27 3 95 76 103 56 2 54 11 122 108 53 15 29 17
104 92 54 17 80 42 9 45 77 99 27 30 11 92 36 80
119 40 47 67 15 103 69 69 114 63 49 40 79 78 57 55
43 112 72 123 26 82 40 104 53 68 6 64 32 43 16 23
83 63 90 98 38 31 39 25 94 88 65 45 39 122 101 82
106 45 77 5 127 118 109 52 58 115 117 90 30 5 113 113
69 75 83 107 106 122 4 72 83 69 118 122 64 91 76 42
8 25 47 8 15 28 60 73 16 49 35 46 55 20 32 124
95 115 103 73 110 108 18 65 49 8 59 113 99 7 28 107
32 75 115 48 104 48 121 120 97 29 38 24 49 70 20 17
58 124 90 40 104 108 105 25 116 36 11 87 43 39 67 75
114 54 123 90 102 117 82 72 18 121 96 67 63 117 84 121
113 47 33 89 27 10 114 16 46 125 103 89 36 42 37 23
97 32 113 71 21 68 15 39 61 112 107 124 101 63 118 86
110 23 47 10 34 33 26 80 31 1 42 67 44 79 90 13
111 76 84 5 16 100 44 77 84 23 73 57 87 63 15 69
87 62 79 121 95 105 73 126 107 115 66 23 66 28 36 50
104 120 55 120 92 99 69 48 123 15 105 82 78 120 23 37
54 103 30 22 80 104 20 59 91 86 82 30 115 118 80 91
111 7 84 75 106 25 124 101 40 101 55 119 94 79 28 20
54 59 42 6 35 63 66 126 21 20 28 8 11 108 100 122
115 56 69 94 81 65 67 122 39 123 113 5 74 13 25 0
72 68 6 107 3 72 106 24 93 6 33 104 115 5 98 102
61 39 68 14 105 8 8 16 3 121 21 77 7 46 77 79
