68 91 122 120 113 66 4 80 29 9 39 121 50 19 63 23
27 19 96 16 37 39 112 122 52 113 96 97 55 101 68 124
64 62 116 49 0 120 2 29 1 41 22 51 61 85 75 88
104 43 104 14 82 88 8 7 73 104 104 0 77 44 124 14
106 112 63 106 104 65 7 106 107 29 29 40 114 104 0 91
19 104 105 102 64 113 109 9 89 85 9 39 2 6 53 108
118 116 87 95 54 94 73 33 124 102 73 110 79 73 73 98
49 50 72 113 35 53 122 125 11 3 36 13 9 89 121 0
77 80 95 3 47 40 36 43 14 109 25 93 54 99 64 103
21 8 88 57 62 82 54 73 86 90 86 95 51 79 95 0
32 62 4 79 102 40 122 117 22 19 82 76 118 18 52 12
27 12 69 89 95 123 34 53 85 120 20 8 71 116 8 103
50 12 54 25 53 48 14 75 68 96 23 58 115 75 70 14
88 11 103 55 6 9 108 91 1 0 99 72 116 108 48 39
120 102 64 45 23 78 120 91 46 16 21 33 91 92 47 51
103 22 106 110 31 86 73 32 87 45 105 75 25 25 114 17
127 50 63 22 0 55 113 47 71 7 80 35 99 0 86 74
22 65 56 54 23 2 86 110 47 63 58 72 88 44 89 88
95 24 110 95 80 96 14 23 103 95 58 74 95 17 20 117
82 77 43 105 79 2 88 126 65 18 70 26 62 31 114 29
56 96 125 8 64 11 31 39 106 90 113 73 107 6 63 61
83 106 38 34 108 126 32 46 16 102 72 79 5 58 108 61
26 105 69 91 117 101 2 95 63 116 41 42 122 104 103 77
82 13 111 63 12 15 109 28 117 53 107 122 111 88 56 9
65 125 100 54 98 103 22 33 91 63 75 85 39 50 34 121
64 17 56 76 32 37 104 21 90 84 15 73 44 71 83 109
69 55 36 39 30 58 73 121 121 20 78 32 71 112 25 7
1 82 83 33 119 59 54 82 15 70 27 59 13 110 41 82
38 77 122 68 7 67 62 0 87 12 32 30 125 57 37 126
11 120 32 3 52 86 85 67 28 112 127 42 95 40 124 5
117 118 73 124 57 7 124 17 20 28 47 17 85 85 15 97
77 47 100 1 6 57 69 34 41 68 76 8 108 73 13 97
