9 23 24 125 0 50 39 73 108 118 65 35 2 39 62 52
122 111 124 81 8 108 13 21 64 104 4 95 48 43 50 57
66 74 54 66 125 94 11 105 84 76 13 86 115 75 10 110
58 6 63 67 114 76 88 50 52 93 18 100 8 68 29 74
15 84 12 12 50 23 117 6 99 2 92 86 77 102 68 8
108 4 75 95 80 35 17 5 0 35 105 8 104 7 82 119
91 94 3 13 117 120 19 88 123 111 47 72 85 115 80 65
119 27 32 72 63 50 77 63 85 54 72 61 61 26 52 24
121 55 37 110 48 56 71 43 39 118 115 124 105 68 62 97
95 94 41 30 16 118 94 102 44 38 35 106 64 88 2 57
15 40 40 63 96 111 106 8 101 94 4 78 34 66 47 1
33 88 32 49 78 126 23 123 36 59 101 100 19 103 30 34
15 70 98 112 53 76 120 26 42 124 104 76 63 24 78 96
112 110 17 63 108 41 58 16 100 31 116 119 6 18 25 22
88 123 6 13 72 126 39 114 122 16 63 57 40 13 25 24
123 43 87 103 84 17 119 56 48 107 47 55 126 72 77 86
68 83 100 12 81 11 126 75 27 61 5 67 74 30 92 69
73 51 44 29 69 35 85 117 15 4 44 13 77 121 99 17
76 71 29 29 83 27 105 110 89 110 50 35 12 14 105 86
65 21 115 6 57 73 124 72 77 40 85 26 34 56 43 110
0 72 12 83 100 117 65 61 99 115 96 111 1 73 69 67
95 57 73 24 2 69 96 79 110 53 106 16 109 21 126 109
94 10 64 66 127 2 127 98 117 95 82 119 41 23 58 8
80 3 32 82 73 0 34 55 53 12 71 34 33 69 16 127
80 80 65 79 82 64 50 72 32 4 63 73 27 121 81 108
124 113 62 69 113 96 124 38 108 67 72 14 9 88 13 89
41 79 40 123 15 90 67 47 94 2 120 122 123 73 102 120
58 36 61 43 5 58 81 113 125 26 127 6 114 13 95 27
92 8 23 107 98 90 27 65 93 19 59 88 93 33 80 23
69 14 67 74 72 20 60 69 46 59 76 33 72 43 60 36
51 83 16 22 46 43 87 11 62 18 99 27 51 52 51 120
66 118 67 10 10 127 79 57 58 27 90 3 71 22 39 122
