72 35 76 12 66 1 114 2 57 86 73 47 51 23 35 5
18 83 125 96 102 114 40 107 29 100 14 14 74 81 26 18
116 102 31 54 104 17 56 33 103 2 81 26 25 116 32 43
71 29 12 45 16 52 24 45 24 39 59 98 120 85 116 108
59 19 34 35 36 91 69 11 93 22 38 118 10 70 33 81
99 45 126 115 97 23 32 121 62 91 91 54 48 80 34 108
99 68 15 8 31 84 19 124 106 57 114 116 127 20 69 99
65 68 86 35 91 119 28 25 82 120 79 3 72 113 111 43
53 126 51 85 83 71 81 61 0 68 50 0 88 119 99 25
59 57 60 22 48 89 47 3 81 126 6 25 111 117 68 37
115 120 122 70 63 75 4 63 15 54 63 103 45 34 1 105
92 61 127 12 22 47 15 103 45 21 0 29 10 69 66 126
61 60 68 124 7 72 59 23 126 123 126 44 29 127 21 121
61 20 6 83 67 21 59 113 43 59 14 53 0 80 51 61
12 120 57 19 64 117 42 63 112 41 107 13 40 0 7 101
20 13 57 88 34 116 73 77 47 87 3 48 39 54 109 51
46 39 70 111 28 113 46 12 26 25 25 66 25 32 40 45
45 97 5 80 85 78 29 4 37 32 52 76 87 34 127 5
73 70 116 101 55 34 113 81 59 10 19 84 43 59 2 88
28 7 40 113 86 70 118 123 102 42 72 61 76 71 67 21
13 55 122 68 90 107 21 21 118 41 106 33 100 108 121 1
115 34 114 73 104 104 69 78 19 13 12 95 84 79 117 98
6 111 38 96 91 60 118 81 101 96 114 73 76 107 74 63
13 61 9 117 37 78 68 56 91 80 24 47 31 13 17 37
124 56 6 87 116 124 40 89 92 26 34 40 6 109 103 19
42 112 9 79 62 77 8 25 29 32 73 60 45 90 97 41
18 103 1 6 99 41 95 63 68 2 103 74 111 79 93 25
63 102 104 126 51 112 23 80 16 96 12 61 59 110 103 77
85 104 84 57 17 51 120 85 53 96 31 36 47 125 61 110
99 38 108 23 22 4 103 39 100 116 100 31 98 75 109 55
51 65 112 69 116 105 26 42 73 58 78 120 55 12 102 26
50 83 49 72 87 25 111 59 13 84 91 111 31 72 38 83
