48 44 82 35 100 4 41 103 89 98 2 120 125 84 48 19
114 0 81 37 93 62 33 107 117 16 34 43 58 2 70 106
46 24 14 18 28 55 122 117 25 124 109 23 80 30 42 66
30 123 103 123 57 9 102 47 25 9 90 83 11 32 62 57
56 76 75 84 3 69 73 29 65 55 52 18 85 94 84 115
89 60 111 19 69 85 66 94 94 28 49 105 60 111 34 116
59 110 72 63 51 17 92 117 72 16 7 29 110 91 17 71
23 0 90 92 85 28 58 52 56 108 29 116 91 64 104 23
46 48 86 97 66 50 86 10 66 93 40 48 57 57 119 80
57 82 45 14 110 103 66 39 83 96 27 47 32 4 70 78
52 28 47 118 78 6 1 16 99 41 64 28 98 55 109 27
9 26 41 120 1 108 31 85 76 58 4 108 62 74 58 115
102 105 105 52 111 106 68 83 19 4 111 117 59 92 16 69
118 58 61 120 38 92 77 114 22 81 94 85 27 24 72 1
1 49 53 113 28 121 68 47 125 51 37 56 16 53 125 6
111 58 126 21 22 75 7 45 28 101 2 55 125 74 56 127
123 109 112 23 102 52 71 99 103 108 28 119 33 25 126 17
84 124 38 106 72 46 23 100 19 25 28 17 99 84 16 95
66 0 118 40 52 61 12 27 41 40 19 75 65 17 92 21
13 2 0 85 48 23 58 68 49 86 85 20 42 101 115 108
101 106 21 25 39 33 52 81 73 71 28 10 88 120 32 102
122 32 59 43 55 117 111 104 75 68 125 118 41 112 98 14
90 119 39 2 24 91 83 97 35 111 108 123 103 12 97 97
44 29 12 99 18 123 76 94 63 73 84 104 57 54 118 20
46 29 22 70 121 105 40 28 88 20 23 63 32 121 32 76
22 45 47 40 40 123 6 104 68 90 80 126 17 71 18 63
100 40 5 93 17 45 121 105 65 17 40 97 10 72 45 32
117 93 72 30 88 79 6 29 41 86 27 58 29 45 121 2
85 127 95 102 44 89 79 110 106 119 79 116 63 125 20 53
90 92 83 50 43 89 79 85 47 106 15 77 23 9 79 108
8 46 82 52 7 33 34 113 24 114 101 88 111 121 13 73
86 96 123 1 57 75 86 104 53 102 53 77 111 4 57 119
