58 54 18 57 68 4 50 53 32 127 12 83 68 65 35 55
21 54 18 46 92 73 102 56 44 42 59 38 78 55 106 9
109 124 66 50 0 117 103 33 116 115 116 56 52 23 112 73
77 2 119 42 75 94 98 120 8 29 30 87 84 9 96 65
5 34 115 6 23 90 39 11 78 27 68 2 51 52 76 0
54 67 42 2 33 12 122 42 41 24 1 125 33 97 63 39
3 50 45 27 13 84 38 91 111 106 93 34 30 41 35 85
109 77 87 14 90 81 56 3 105 57 1 11 26 64 50 30
114 95 57 127 51 95 90 34 74 56 69 104 97 104 61 78
53 20 93 15 101 21 19 79 79 20 90 105 84 12 7 70
107 64 70 30 32 32 64 106 88 5 82 58 109 16 8 35
36 101 50 10 123 69 89 74 89 51 51 45 63 59 116 42
123 58 72 27 90 8 5 51 14 88 109 123 104 117 30 12
91 81 22 86 22 111 32 112 34 83 29 97 14 17 11 10
75 83 37 38 92 43 89 106 3 70 101 107 59 4 119 22
85 14 108 107 125 12 91 32 96 121 1 110 10 13 120 86
96 30 124 60 73 85 38 76 27 12 55 86 16 46 109 101
60 89 80 58 102 44 90 70 37 91 52 47 104 45 5 73
75 1 5 20 86 44 96 113 56 23 72 72 69 53 45 2
14 125 60 116 41 22 58 78 113 111 126 90 28 3 35 103
5 40 123 91 84 91 77 12 114 21 84 55 74 1 57 88
127 117 77 40 11 7 119 125 118 117 87 18 120 122 121 125
34 116 89 119 79 38 3 65 59 88 121 5 89 50 93 88
40 42 1 51 50 120 48 40 109 7 59 101 1 52 99 36
41 60 27 120 98 30 58 29 118 51 34 80 101 127 40 13
42 41 65 92 33 113 4 14 121 63 116 122 116 87 30 29
19 57 21 117 88 79 18 78 2 52 30 104 51 71 117 93
112 54 57 18 40 62 32 33 125 20 27 113 107 58 14 126
115 36 115 75 115 5 26 118 57 56 94 109 127 83 74 112
10 4 2 50 66 34 83 63 55 110 49 34 40 63 33 28
99 20 103 87 26 1 77 83 58 43 64 57 126 11 41 8
15 43 58 81 78 13 16 5 124 65 39 36 1 72 64 100
