59 62 66 71 67 63 45 106 63 75 88 69 97 17 101 25
119 44 96 126 7 117 8 65 49 123 3 26 125 90 56 57
24 122 0 91 57 46 69 120 121 29 61 90 47 34 116 38
78 84 36 86 74 44 23 123 40 27 21 37 117 77 94 13
72 95 104 1 13 46 122 6 75 55 96 122 90 84 33 40
41 69 126 115 114 22 110 26 49 3 63 38 80 30 51 24
125 27 26 10 73 20 16 21 75 112 15 37 69 48 78 110
118 76 97 104 98 79 2 19 82 65 57 34 95 108 59 92
8 85 102 81 105 118 102 52 103 118 90 44 38 40 26 28
116 123 4 87 74 6 106 28 72 36 62 39 16 121 4 24
78 106 106 55 97 80 108 72 70 70 116 109 110 14 9 98
9 14 57 83 20 36 111 92 72 45 4 88 39 8 113 117
114 91 45 83 43 25 27 114 95 15 95 77 29 104 47 38
118 105 121 11 13 104 103 85 22 107 45 61 115 30 50 102
121 95 57 37 120 85 23 87 100 118 36 2 94 84 40 85
61 34 96 74 10 71 31 32 51 76 93 38 107 16 12 100
111 70 9 104 27 32 63 127 22 100 1 117 56 42 74 117
76 42 63 86 113 94 119 36 42 84 75 21 100 87 122 84
29 3 60 56 36 123 56 58 95 57 47 23 99 121 12 47
35 75 6 21 41 125 57 84 81 4 105 54 92 99 10 121
103 70 50 11 65 106 69 33 35 117 56 7 110 69 54 18
16 60 39 58 57 96 14 11 101 119 65 65 91 75 58 66
17 108 77 82 86 18 115 122 7 44 1 118 113 55 8 1
116 47 59 45 15 73 56 116 65 121 53 28 68 112 94 85
92 43 40 51 61 27 45 69 71 46 59 56 101 67 58 89
114 117 7 1 63 63 118 0 57 43 28 125 27 122 83 120
37 123 43 98 22 88 39 94 6 98 22 107 37 80 69 23
70 76 25 5 11 15 5 68 58 33 66 86 27 21 78 64
16 121 34 38 81 74 4 87 44 27 66 82 107 7 105 49
83 2 54 95 17 59 35 76 92 101 34 119 122 112 55 10
105 90 49 58 36 53 17 80 80 83 34 60 91 12 109 46
14 36 13 32 95 49 108 60 22 14 51 17 126 107 27 103
