45 70 4 107 99 51 0 43 118 98 20 52 13 53 92 95
16 66 61 10 92 21 67 38 114 51 66 11 85 37 86 2
108 90 109 79 13 109 122 3 79 14 56 93 68 20 60 84
86 121 94 51 14 33 89 0 85 27 12 42 64 98 44 44
60 25 123 73 7 117 76 86 4 4 51 72 24 111 28 111
104 122 34 119 28 123 119 113 22 3 27 86 101 71 3 33
96 126 106 103 116 55 62 120 59 113 64 84 97 92 67 73
86 101 64 114 96 56 99 118 59 126 76 33 69 79 66 38
78 45 13 66 100 75 58 31 61 122 115 30 86 54 103 44
27 40 31 123 96 2 113 27 1 62 60 70 13 127 108 91
44 122 29 16 69 87 47 2 81 35 32 39 89 8 84 117
48 115 112 16 117 98 43 118 32 104 61 45 103 41 9 19
35 38 35 105 126 82 107 79 117 12 119 79 20 75 68 68
62 52 84 51 22 127 42 54 103 103 100 78 16 109 97 52
19 4 29 17 87 8 97 76 20 88 27 40 35 95 108 97
20 64 20 42 64 62 97 39 37 69 118 54 50 87 106 69
92 7 87 51 15 56 127 36 16 27 76 51 122 57 20 14
121 40 57 57 103 26 97 12 95 87 66 17 46 44 86 10
51 45 61 67 101 61 103 117 88 51 40 82 108 60 97 102
101 26 31 76 52 0 88 19 87 27 36 6 71 122 16 123
40 78 62 13 11 37 3 99 88 43 53 69 104 22 43 77
48 74 25 100 75 113 119 34 12 27 40 84 22 57 79 62
7 13 75 18 50 78 117 10 122 42 79 98 65 122 47 113
69 72 86 16 57 77 50 70 105 91 26 127 20 105 61 27
118 8 45 40 87 34 50 81 76 2 51 13 124 98 127 65
42 85 81 99 34 4 41 11 95 67 10 115 44 71 14 34
80 59 74 39 93 125 120 41 127 43 55 123 13 54 61 55
11 14 26 45 18 68 57 113 7 67 100 52 11 114 86 91
45 33 2 10 30 122 52 29 37 107 24 50 33 85 105 44
100 3 89 118 71 18 104 79 86 76 3 97 63 89 60 108
122 62 119 24 56 43 53 93 22 78 15 55 35 120 99 7
123 60 126 67 79 102 18 37 50 21 6 113 110 66 94 105
