114 83 59 117 28 37 14 121 43 47 97 30 52 67 5 113
106 73 127 83 81 8 99 84 1 120 33 8 39 110 88 25
66 19 15 94 56 29 87 99 76 56 2 0 123 7 113 101
80 112 57 34 120 28 118 122 21 24 2 60 6 90 85 72
109 100 38 37 1 125 9 77 53 11 77 48 18 62 22 98
47 79 4 39 107 123 33 0 19 36 60 25 126 18 98 108
118 8 17 120 6 26 69 59 37 19 108 55 81 2 26 0
81 30 40 60 25 73 61 44 109 121 70 108 11 40 88 2
48 105 122 54 4 63 114 41 82 94 97 36 96 123 36 49
25 76 109 51 22 42 95 3 36 37 111 47 77 71 49 126
49 43 52 53 107 38 94 61 4 63 97 100 58 6 21 84
82 3 7 104 45 102 108 81 12 91 1 89 35 50 87 84
94 12 9 73 50 103 6 55 39 104 27 97 110 49 53 64
52 60 41 97 35 21 51 47 112 52 8 19 102 96 103 68
108 112 13 30 88 20 85 127 124 113 96 106 34 22 42 86
82 83 55 117 104 106 36 89 30 45 108 5 13 84 73 121
68 87 23 28 107 109 27 103 94 124 81 0 18 123 86 100
79 13 90 55 120 126 16 22 43 125 27 56 81 101 49 21
60 73 50 39 54 77 14 20 73 95 20 91 90 106 64 41
119 26 97 111 24 113 6 68 110 33 124 63 6 46 85 66
119 7 105 45 84 119 65 30 86 85 121 49 63 57 90 54
83 59 38 108 45 44 48 27 77 44 91 84 90 48 22 81
55 0 126 11 119 63 41 78 20 35 127 83 92 89 10 48
21 48 28 66 92 76 93 41 120 56 125 83 104 20 36 31
20 35 43 11 98 84 89 119 119 88 74 84 50 84 4 71
4 32 9 96 108 102 10 100 31 7 55 7 27 92 39 47
127 82 59 97 38 20 88 30 109 35 114 31 119 118 102 124
22 111 92 2 85 102 102 116 110 30 124 9 122 35 57 121
117 116 90 27 8 51 57 117 86 43 20 77 33 122 73 55
105 38 57 63 12 32 51 122 62 47 4 56 82 61 49 71
49 11 99 57 62 28 47 20 72 67 98 105 62 43 33 39
81 90 102 94 122 26 88 56 73 92 112 28 25 33 99 74
