51 12 43 58 45 78 44 70 64 17 30 47 11 43 120 97
11 115 98 68 62 57 44 116 31 98 65 14 102 122 5 25
6 48 84 52 126 0 122 62 17 24 109 28 67 101 125 78
89 96 18 23 25 62 11 56 32 76 70 7 71 75 32 77
123 116 1 122 116 123 56 6 19 38 34 86 11 32 36 100
0 54 124 25 117 7 81 21 84 23 28 27 98 61 104 93
49 106 87 38 101 16 44 121 54 78 79 65 110 116 38 110
42 34 7 31 41 88 53 125 111 81 24 81 14 1 47 64
107 6 102 80 22 18 73 76 96 25 14 79 13 52 61 55
86 69 87 127 29 12 125 13 93 21 94 108 22 13 44 1
20 18 82 42 36 27 119 4 52 5 83 65 57 17 121 15
86 80 14 115 92 11 0 57 33 95 37 55 108 81 57 0
99 11 43 7 38 34 12 91 39 95 28 96 112 21 111 70
101 125 58 65 9 58 123 42 25 32 97 6 114 26 6 85
37 49 93 76 83 105 39 122 72 67 90 57 89 73 127 62
71 57 0 80 116 123 122 13 27 91 19 13 118 26 99 27
75 64 103 31 41 14 25 113 82 116 42 43 61 42 105 4
99 105 84 87 100 78 101 0 42 120 13 32 18 112 59 94
48 35 125 89 49 22 75 3 10 117 46 72 31 24 76 3
1 33 90 102 111 63 102 25 56 115 57 74 100 117 40 20
24 37 110 73 60 57 77 70 46 123 14 78 19 91 81 21
124 43 123 107 107 97 5 35 84 62 109 56 51 22 77 75
59 59 21 119 116 98 62 34 93 76 112 113 39 65 6 35
109 1 15 88 98 20 123 54 82 104 111 6 126 60 81 58
119 102 49 107 72 111 13 38 60 126 23 99 63 29 7 44
30 22 4 0 42 127 54 124 104 37 2 102 97 84 32 88
58 82 67 3 65 81 41 125 79 64 97 14 93 104 59 123
126 63 123 40 63 49 36 39 87 39 13 56 123 46 17 53
0 84 56 65 37 97 63 116 33 32 3 126 8 62 121 6
125 116 46 60 38 82 99 125 121 113 53 116 31 70 42 31
27 98 96 64 68 31 53 101 63 56 100 71 118 93 77 115
82 123 48 120 78 19 117 71 4 42 60 35 113 102 66 12
