47 58 26 19 1 95 55 122 114 87 44 57 79 116 31 41
123 26 42 32 32 86 105 95 59 113 102 71 2 33 107 49
91 5 69 92 101 124 87 87 83 3 16 34 119 47 76 115
74 118 19 106 77 125 73 8 110 47 79 112 81 58 33 44
64 102 9 37 98 96 124 53 99 12 88 90 59 36 77 5
26 97 111 103 94 57 111 76 104 62 60 57 121 93 102 57
68 111 94 38 79 90 92 50 102 52 12 33 88 90 39 114
59 22 90 25 79 73 101 56 8 33 113 1 126 87 58 66
70 24 105 21 114 69 71 88 121 84 121 81 46 32 67 105
55 29 2 6 103 103 62 111 8 48 112 6 7 42 73 78
66 50 99 52 119 43 12 112 127 5 65 45 38 4 22 93
34 24 99 9 127 34 120 7 82 104 13 89 18 86 39 84
8 11 8 127 54 20 111 53 25 48 98 63 53 120 28 87
16 0 96 15 34 88 22 116 64 35 77 82 122 117 38 2
0 46 2 54 66 113 107 91 34 77 27 87 69 55 46 85
55 14 100 89 102 122 77 38 29 27 120 23 16 30 26 16
76 28 70 14 13 49 105 47 126 4 6 67 60 52 24 115
66 124 77 40 118 26 78 19 53 70 43 69 100 69 85 48
97 27 62 110 76 40 30 74 44 36 13 104 89 37 92 27
33 41 68 23 67 18 43 121 89 86 62 61 27 20 110 124
47 44 106 124 84 8 70 1 45 84 105 6 121 69 33 27
110 101 50 50 120 93 43 81 51 105 14 78 125 124 74 45
41 53 41 125 61 111 126 106 67 104 112 61 45 18 88 28
119 10 78 111 104 121 64 27 98 79 106 96 75 52 13 116
105 54 114 39 37 112 17 105 88 2 38 6 20 126 34 11
8 112 123 112 105 59 12 75 10 118 43 86 42 56 74 20
110 60 59 20 45 76 125 5 78 35 11 98 33 45 110 41
29 105 26 6 36 38 82 47 28 125 5 70 54 79 90 36
12 21 56 57 98 53 62 48 88 74 19 121 119 1 35 21
106 61 27 14 99 109 61 127 107 66 69 33 18 32 69 30
53 126 87 23 51 21 72 12 95 91 5 87 92 40 108 70
101 7 84 72 117 18 71 96 84 13 1 102 45 70 4 98
