5 20 53 41 66 25 27 105 113 98 9 76 65 47 26 51
69 121 40 100 17 32 121 23 110 54 58 61 75 9 100 81
29 26 122 95 51 21 72 37 119 82 113 56 1 11 107 70
4 20 42 21 52 36 44 34 90 102 96 38 112 68 119 13
94 113 109 18 6 53 55 126 7 40 54 9 51 34 79 56
54 122 77 106 30 122 12 120 96 108 30 80 49 21 94 15
6 75 33 13 0 88 11 8 0 65 17 52 99 96 108 25
90 57 3 120 51 16 113 20 124 15 100 45 37 66 61 43
13 94 56 14 55 67 22 55 5 39 107 104 7 87 2 98
17 5 90 68 21 75 88 18 91 61 63 0 127 124 43 13
91 100 27 18 39 49 73 44 88 53 21 95 12 23 65 29
28 28 98 50 103 58 68 66 119 3 66 119 0 110 4 91
82 31 109 121 80 54 38 40 107 59 7 120 82 73 21 110
101 119 32 76 50 100 15 41 104 81 32 104 63 36 67 17
67 48 11 19 102 49 59 82 108 67 74 62 12 95 44 113
87 77 61 9 49 76 50 25 30 83 1 93 119 68 111 59
116 122 78 91 43 10 45 23 77 119 85 89 86 1 74 45
78 7 54 0 84 105 25 114 60 27 79 51 95 62 110 84
56 61 47 99 71 92 122 20 83 79 109 41 81 55 87 31
62 13 31 18 118 57 4 50 84 84 102 51 18 84 7 75
17 54 46 88 18 41 108 101 120 89 15 73 16 102 105 79
115 8 97 106 65 102 28 21 58 2 73 76 87 80 23 104
7 70 65 25 111 45 127 103 7 14 49 23 116 26 102 103
34 72 81 100 46 110 121 104 112 66 52 71 19 76 48 26
18 113 51 1 30 50 104 37 64 25 61 52 51 35 28 86
107 109 58 25 91 51 1 76 118 54 19 9 2 67 35 20
52 86 21 83 9 125 120 73 23 53 126 74 89 26 32 68
7 90 94 99 14 95 47 4 21 66 13 23 6 48 43 58
6 64 13 15 62 6 89 85 59 87 31 20 113 64 89 120
26 55 91 40 22 10 44 44 77 57 67 83 105 111 13 112
47 27 127 109 33 88 66 92 47 98 113 32 34 74 25 60
1 116 101 23 127 17 67 76 75 7 31 52 118 44 36 37
