71 36 19 104 124 85 69 44 55 54 76 89 0 101 22 1
90 123 24 89 12 92 37 87 99 68 12 89 112 48 126 56
84 17 32 81 103 101 125 30 27 73 120 27 47 14 28 9
9 53 98 21 17 7 109 116 75 121 77 59 41 75 115 126
93 20 79 68 121 76 98 21 21 90 48 68 104 77 77 113
2 47 7 19 54 116 7 1 109 84 61 22 31 48 20 124
68 99 64 62 47 35 83 69 125 3 9 102 80 87 87 82
6 94 101 61 82 108 62 63 64 123 86 96 44 106 92 112
78 29 46 125 64 1 66 61 5 76 35 85 35 123 40 41
89 13 102 44 122 37 107 58 32 65 26 76 44 119 61 122
20 107 119 84 109 58 17 114 6 53 71 41 48 111 82 9
125 57 53 119 94 33 49 126 98 76 75 14 67 8 8 87
115 0 43 96 58 60 82 64 113 26 105 33 9 59 43 6
116 96 125 82 1 47 81 100 123 28 114 62 36 123 21 23
123 64 120 53 124 74 117 110 100 94 15 110 25 58 116 14
27 114 96 28 33 49 0 28 77 115 90 113 110 111 9 105
47 1 30 43 75 19 25 48 113 41 30 10 99 18 24 126
4 121 27 37 42 27 65 120 14 27 105 124 10 114 101 57
115 3 101 63 22 126 111 7 39 13 18 11 31 42 9 36
35 36 73 78 64 11 70 78 38 47 75 49 34 48 106 21
52 79 84 74 78 67 82 117 80 100 0 112 14 10 20 50
46 93 0 110 104 70 61 15 117 8 64 23 56 42 45 108
122 1 55 72 69 9 61 21 109 62 5 123 72 25 45 118
119 45 101 95 115 34 110 105 42 46 0 98 89 45 79 83
47 6 27 116 15 88 9 124 22 15 119 94 40 37 85 31
82 58 127 70 92 109 47 6 28 47 104 117 93 55 72 12
61 99 0 76 59 9 72 82 24 64 48 65 101 5 96 55
63 95 125 27 77 44 33 105 92 10 94 57 65 38 69 127
9 69 75 68 78 20 22 103 84 71 40 57 76 8 112 12
104 110 39 53 26 73 30 118 83 124 47 20 34 116 19 43
57 95 111 8 115 6 111 71 77 23 0 25 31 112 37 7
94 77 60 121 22 90 111 105 86 31 125 120 19 17 35 77
