0 85 1 56 0 55 21 22 5 36 77 40 28 48 48 23
108 46 90 59 20 108 96 70 1 102 56 112 40 22 89 40
107 90 96 107 17 117 1 22 25 78 63 53 126 111 77 106
29 39 38 49 20 6 119 21 109 47 5 21 69 94 62 48
57 30 27 74 20 28 97 45 106 32 99 104 15 48 83 44
87 121 93 107 127 84 1 108 4 6 2 73 101 64 122 30
94 21 104 114 50 73 32 28 105 3 5 120 51 88 36 10
81 1 118 80 86 119 61 90 125 63 35 98 127 29 0 93
51 105 80 101 50 112 1 28 115 6 20 38 94 57 48 47
58 38 0 16 29 61 106 27 124 14 125 123 43 126 88 94
103 40 67 25 24 69 53 11 75 74 49 42 3 98 89 61
8 89 78 38 22 56 65 18 70 62 13 114 60 102 80 35
14 20 61 39 89 114 50 36 60 100 78 63 70 40 125 78
1 75 116 24 3 53 42 74 116 56 60 48 30 12 84 44
32 17 83 121 3 6 30 64 106 108 127 48 20 124 126 22
71 115 46 75 40 88 21 28 16 81 77 46 93 33 91 126
50 46 119 53 52 21 117 30 2 117 78 22 113 77 44 57
64 90 4 104 51 25 5 67 106 82 114 71 115 77 69 37
123 61 90 48 82 80 78 84 69 29 107 54 106 23 111 42
114 115 18 37 12 23 104 118 105 90 62 92 39 3 1 35
64 92 83 19 44 33 103 113 62 82 39 40 106 23 82 92
10 101 1 23 124 105 13 102 68 75 66 107 79 68 14 15
32 97 34 76 3 10 61 65 92 100 106 70 123 60 34 6
33 35 29 30 13 42 4 81 118 70 60 69 10 75 84 42
44 119 118 47 1 51 113 93 24 91 36 19 23 70 25 57
106 54 87 119 97 91 72 87 33 4 28 44 79 112 86 124
103 77 43 104 0 28 70 24 119 106 44 15 48 69 72 26
124 31 17 93 122 89 52 27 94 80 71 45 64 30 41 40
107 85 16 107 113 86 4 105 64 48 120 113 117 64 11 113
95 29 78 89 118 2 116 84 82 60 2 19 90 43 59 69
0 75 48 114 34 52 91 98 100 83 83 90 19 95 75 114
124 26 75 114 28 63 71 111 123 73 2 85 116 61 26 117
