8 75 103 42 127 66 13 100 21 96 62 40 63 9 26 59
35 101 46 64 36 117 47 32 62 49 117 50 110 16 39 118
91 14 33 90 80 46 62 101 14 124 13 78 6 39 9 41
12 55 105 49 44 24 81 106 73 70 29 55 86 68 46 49
83 79 12 35 125 74 9 11 71 22 89 77 62 99 118 74
26 96 123 71 120 76 49 66 19 78 121 105 19 39 27 102
118 39 9 115 113 18 127 56 41 88 5 103 59 124 49 86
92 45 29 84 121 78 22 12 29 16 118 48 55 17 22 46
56 31 33 41 50 32 98 91 121 103 66 52 99 115 10 63
32 39 20 26 118 42 38 19 58 28 67 114 45 89 32 101
120 65 15 42 98 113 5 91 88 71 15 60 59 26 123 91
65 15 117 55 58 28 74 116 56 13 102 102 102 6 75 95
72 90 9 42 75 15 5 36 86 20 96 17 46 91 109 112
107 98 39 37 126 114 25 55 127 0 29 102 6 104 69 78
67 78 120 14 93 125 50 52 18 18 69 64 110 50 48 89
21 88 126 19 74 23 74 73 23 103 47 30 80 116 108 19
67 101 33 32 98 84 84 116 102 26 53 84 76 101 45 97
61 43 117 7 67 63 81 90 39 0 120 119 117 101 10 56
74 43 88 44 127 45 33 102 71 86 58 19 59 104 117 121
19 106 0 86 41 81 49 80 82 41 71 71 14 81 127 88
125 87 5 124 4 38 98 75 124 29 95 55 5 84 48 24
62 49 111 103 2 32 56 84 73 127 27 88 81 26 48 78
114 53 74 118 91 45 66 87 74 33 15 79 117 63 103 51
112 86 26 115 118 82 71 64 82 99 24 35 125 72 113 111
126 59 102 89 104 40 49 50 73 64 1 62 127 105 113 112
63 11 99 54 94 42 118 48 13 14 83 11 86 68 122 84
127 96 46 104 8 95 26 81 31 28 15 30 5 0 14 68
12 113 122 106 28 112 26 41 126 109 52 85 49 47 41 48
15 87 24 24 54 51 105 85 79 121 116 84 121 2 24 5
116 19 111 16 3 9 57 2 118 110 87 39 29 0 88 44
88 112 68 14 35 46 100 114 39 88 70 32 90 95 38 78
114 21 94 117 31 24 119 21 6 78 61 35 79 21 79 39
