585839 564649 575677 590139
523107 494846 514393 515544
529557 510674 555591 551715
527533 482176 504459 499931
575776 546381 607497 571698
506973 490138 522769 525736
568673 533999 571540 539568
522988 490903 533594 481250
612945 594426 553764 641559
581335 504547 492578 532357
596823 574091 514846 587505
547423 513098 484409 581571
627752 580882 615437 629706
570663 538609 549755 562318
639161 536990 570212 595545
582079 490761 546262 552959
487246 488033 477202 485707
464846 478354 486317 500937
496646 507296 513370 529137
480648 474779 462560 487880
484043 479670 498480 495296
459120 458615 482927 452000
487195 476290 535464 492182
478631 469566 465605 463961
528524 497298 461688 515298
526997 472284 466979 514289
565079 513927 453103 519350
525276 484016 463407 532770
512950 486709 486381 518915
554896 502888 512530 554149
549983 509871 522525 546216
527843 486497 497258 513292
473666 495206 512003 536299
511985 508265 491232 492021
545383 541349 528187 539534
572823 562717 541857 568558
489317 498410 519442 480900
484051 517201 540277 505331
519544 514617 536956 532135
556224 533562 568338 552998
560620 488647 460841 526081
566605 516976 506612 569917
573201 536981 502481 547031
586211 562150 525472 591646
540760 504504 522158 543028
578395 517900 534557 575384
579636 563433 585685 601222
626385 597961 591709 612006
494901 520409 496917 513332
463965 473786 499669 475472
453904 480311 440698 467319
450709 401417 452960 464099
510829 497293 513146 514559
477929 455534 508515 485587
436570 458775 460614 456399
424990 431910 468240 424472
552297 521453 470832 545283
524539 458811 454612 496579
487073 451520 441781 465651
488934 428709 404720 442060
546388 521498 515704 574010
510108 495018 467286 493070
529869 494727 493643 511728
502647 446838 465879 459653
