499485 474565 479907 511377
474898 493977 476257 489687
527962 495170 529508 511930
450932 438019 444875 462743
470114 472807 508440 495376
470429 464685 476660 480793
499612 477129 494837 505932
429571 414473 453619 467441
533598 504489 473531 502373
516830 504838 460022 524493
547238 520377 446403 542813
505689 449650 417425 465291
548606 491361 516557 555033
518473 523444 512904 532523
541438 505263 515924 574491
492838 454547 458303 490532
480700 484555 488909 509169
503460 485581 493142 524308
524576 511944 504772 520491
440735 444542 445372 456008
504051 485009 510779 470264
516216 491680 524593 484623
492874 496788 517273 493711
440728 440586 485777 450638
539946 495961 472469 544261
584852 520531 467293 544736
560357 535386 489061 545420
504507 461557 432311 506365
543904 502963 515973 569504
568410 503775 546893 556274
560084 512601 543373 591881
527907 466770 473053 511298
492574 523888 512570 529235
490797 475699 491353 503339
541471 515964 494864 530823
576824 546468 538804 527368
504695 509967 556660 496322
503333 481185 524076 500114
506455 479108 528784 488006
539922 545437 554830 539827
543478 505848 489565 574388
569701 503450 485779 518589
556949 542068 516913 547683
583303 571571 529433 590030
576033 510347 532805 589515
550526 538768 528773 522073
574857 537627 540579 577237
585043 534951 578624 622377
520101 551319 515700 521365
523824 505076 520474 540512
459826 459272 484780 511039
487152 498295 501542 491871
509804 487183 546168 519796
513020 484499 537016 521932
459749 457514 524591 472512
482733 485288 552711 524350
564847 561719 494423 570001
554242 534452 497946 552769
519064 479295 452701 508921
546897 510840 491708 565850
609953 541058 533866 590310
541629 520419 552923 555008
538147 488395 534475 506096
546630 521496 532891 569319
