502896 505690 504943 523393
523613 503665 502119 551555
544444 538413 526340 555669
488869 476098 456233 499984
494337 469685 518359 511612
490926 460590 519662 510504
557790 550486 578851 511493
456088 442454 463638 470963
562267 514573 492885 541606
560228 498672 458107 510489
588397 528610 546586 574333
496628 461071 434528 514491
555212 524720 535921 563770
540174 530616 522043 533070
610475 536758 588908 627544
508008 472671 497759 518410
540347 527810 538238 529869
535914 530365 520596 554147
491817 502970 480302 489198
513185 480801 488727 521281
504226 485964 517085 516004
513808 510517 557344 527205
513125 479944 498539 509864
482492 453895 514713 488469
570973 535347 490520 545530
590929 561402 515727 574202
538151 509584 477698 548668
543811 489744 442242 512472
567631 529705 557082 583507
600948 566383 584452 637652
559325 526199 518533 568492
558087 475731 514553 560345
477064 495178 495247 520617
484140 484790 484798 515958
504224 530921 481944 541544
545057 547424 559867 576842
508199 475820 515795 495847
510392 489395 532920 482715
496462 506234 516570 487463
546010 507942 539009 552906
550379 535438 442782 517327
489859 526841 475130 538042
550762 515390 482025 564801
571892 532117 510989 584928
556979 530995 502726 535445
518724 519100 514129 521001
554287 495570 542703 563696
600960 565808 555115 596350
498118 490642 499615 524441
518443 523081 518803 553806
497651 519734 475957 510854
487321 500788 513365 495284
488597 485531 494138 504532
516454 502137 555718 541506
477866 447997 504266 498459
516462 470724 492018 502870
544163 505070 460662 542595
587637 533384 460590 529957
538453 514559 444122 537348
561888 491163 500482 531913
515107 504590 515924 535839
581972 560063 570163 551503
587171 504448 516635 552153
570532 505187 494538 565437
