475388 435071 468042 490755
539511 535387 556449 546985
511041 528090 523448 521267
483979 464075 487913 497663
441208 432496 467432 463446
558445 520703 563640 551723
499819 496760 540047 513480
461914 447028 480653 489431
485581 475706 444465 495629
586150 562086 486980 576652
611352 550293 496660 564780
564065 520089 471899 518516
484652 464509 488770 498380
601453 556960 576248 601133
583455 551726 532318 573660
544705 521471 509764 554482
557559 538097 551142 575324
524116 508095 505837 520783
560225 564692 548595 588417
496147 520066 501315 529632
540282 519825 580162 533770
509505 477049 536370 510968
567093 501829 579369 539158
491147 487396 543538 501208
607985 572562 540045 608757
562338 546117 464474 538435
611957 584482 493434 572747
578252 516074 478893 540301
613311 555301 575588 632080
569749 520743 520161 562539
636511 569022 594392 637112
607149 497470 558692 600740
548476 561487 539933 585442
481951 505480 487537 530528
513834 493955 475008 504205
465038 442498 439705 466346
549619 560568 608836 551077
503913 482863 528469 491859
484377 474756 522114 477191
428257 406359 448999 440751
581070 563253 523370 569866
535104 499747 463645 507218
539941 492075 449059 505107
470012 449687 415055 493439
630590 576806 603697 614250
531294 525949 514000 534557
523534 520916 535384 550612
473306 440809 439327 470196
512109 500090 491672 484675
484768 465426 495138 509098
515020 534884 500216 490494
430916 475957 456513 467382
477937 492289 511506 490377
506782 465129 535506 500915
486173 507424 530198 499461
460614 436376 471698 456169
529007 520542 457588 558248
568799 530443 468033 561807
534656 561513 480516 543914
498612 447245 415471 480611
553069 499233 511743 561651
554742 521396 528431 561338
549799 543880 559064 533723
494160 485140 484290 498130
