67 78 36 18 104 86 85 114 113 59 120 104 90 41 73 47
75 8 80 87 115 40 40 79 125 70 123 93 35 104 67 102
54 103 120 30 62 77 16 47 8 9 23 99 50 97 18 125
105 98 85 93 11 125 44 8 67 39 101 102 15 40 76 69
16 69 100 78 18 116 125 27 125 20 126 48 117 16 45 95
115 2 60 126 0 104 6 67 15 107 42 31 20 118 100 36
59 72 114 78 61 111 105 58 3 103 106 121 119 24 88 106
26 20 104 26 124 110 94 11 90 8 42 110 126 15 18 58
87 4 8 20 115 113 79 118 88 57 111 79 81 71 58 108
91 34 6 87 17 100 99 107 108 13 89 107 28 107 37 116
111 45 8 98 30 87 88 118 17 72 69 98 15 127 78 107
34 85 66 51 57 37 30 38 51 119 17 79 98 54 67 81
99 76 51 1 35 11 119 52 83 60 23 99 60 101 78 94
58 16 17 116 54 47 26 105 38 43 56 8 97 124 89 68
72 12 69 107 23 60 32 107 120 55 78 52 28 28 18 87
44 35 75 98 82 101 75 120 16 4 0 113 0 89 53 72
101 122 51 125 54 83 104 46 10 54 99 39 82 117 126 126
25 73 97 107 46 44 100 62 48 100 47 48 62 100 120 35
94 44 32 20 127 8 66 10 62 37 49 16 27 47 15 52
120 112 31 38 28 3 100 77 104 19 125 38 119 118 73 85
34 106 105 33 114 43 43 49 81 92 65 108 11 80 32 3
64 63 41 93 67 13 42 43 32 39 81 23 29 26 108 63
4 85 97 119 1 12 40 82 105 105 62 116 58 94 120 122
29 33 87 96 47 1 11 79 41 92 103 70 119 83 6 123
41 103 114 42 115 26 124 92 4 58 81 62 24 73 56 53
106 16 22 25 17 33 105 58 126 80 1 117 35 7 112 76
110 99 118 97 125 114 62 1 44 15 63 68 88 120 122 66
8 16 92 25 49 69 84 47 21 85 36 56 92 21 5 74
120 123 43 117 110 105 119 26 120 54 95 80 46 89 19 54
105 111 80 26 52 36 74 73 121 110 1 85 3 6 31 123
2 74 113 112 52 104 10 44 30 105 125 77 66 16 3 43
127 83 70 51 119 16 124 112 126 125 69 2 4 100 125 6
85 100 103 45 85 70 79 56 0 121 1 50 69 104 89 74
90 102 2 42 12 58 89 88 5 71 80 14 13 81 36 99
54 12 16 11 82 95 67 82 88 68 4 30 44 94 104 6
68 107 49 80 37 10 40 42 81 121 56 95 74 93 66 0
105 82 11 59 49 78 14 10 18 18 40 63 112 16 69 53
123 118 5 32 0 46 74 82 39 3 49 113 96 115 114 73
69 125 4 118 76 18 0 94 37 40 29 21 57 99 74 52
89 80 85 90 126 31 44 37 34 93 22 2 80 8 75 21
6 80 11 82 98 12 48 7 52 78 29 109 49 103 34 10
55 119 100 53 22 16 90 57 109 113 59 61 121 7 82 127
87 94 81 57 106 2 65 30 80 94 12 1 69 46 11 125
37 112 50 59 0 13 116 110 126 48 43 119 55 126 119 14
92 72 71 70 74 8 100 26 102 112 27 44 30 39 41 67
23 91 127 23 104 115 5 102 35 49 94 90 47 85 104 11
29 48 81 104 56 53 2 31 38 30 75 68 69 116 8 92
79 7 115 56 122 121 30 30 42 124 120 89 81 97 100 111
17 53 87 73 106 89 104 16 119 51 85 60 39 93 24 119
100 12 47 94 5 77 124 47 74 117 8 27 86 108 10 103
33 97 48 11 59 25 28 50 76 113 111 116 78 7 107 50
19 26 16 24 103 13 71 49 2 79 77 88 59 87 63 92
57 111 104 116 8 4 38 85 117 21 73 67 29 52 117 48
78 5 73 53 18 16 103 20 96 52 108 27 11 43 120 68
27 96 56 35 100 95 120 89 116 65 28 17 117 17 66 67
22 11 121 41 27 96 61 123 20 42 23 31 85 15 100 112
111 28 20 83 123 12 44 112 78 72 1 67 89 67 7 111
78 0 24 106 96 86 101 116 0 124 19 85 11 119 70 122
20 90 77 15 102 121 127 52 65 1 120 26 68 127 10 19
127 34 125 95 120 98 83 120 95 102 78 106 94 20 101 114
110 50 1 84 44 1 9 109 2 1 8 70 0 18 89 127
52 86 94 45 57 49 37 24 23 115 2 117 7 103 103 117
26 105 74 70 106 83 51 108 84 59 50 84 77 12 83 2
98 49 47 27 98 84 51 121 72 54 111 79 29 86 69 55
24 46 37 68 46 60 33 64 89 109 42 76 13 120 42 58
56 26 52 1 104 9 83 76 73 103 8 92 40 67 62 64
113 99 4 31 31 37 96 121 18 10 69 32 2 111 90 58
9 14 60 113 23 15 62 97 119 70 61 31 9 123 96 122
94 100 26 126 10 122 119 28 4 60 60 6 43 22 64 53
37 124 38 60 12 100 29 3 43 90 34 52 85 2 47 52
103 73 50 113 67 41 13 71 101 74 77 16 96 13 69 5
10 108 66 22 80 95 25 123 58 59 48 15 62 95 67 37
40 117 22 107 30 35 50 3 109 127 20 78 12 89 83 22
69 21 44 22 117 69 17 47 1 65 62 63 32 2 100 72
119 122 51 22 29 101 25 11 100 45 89 113 7 44 7 76
66 52 98 55 121 116 102 122 53 36 57 86 38 29 30 30
23 82 52 53 55 77 64 28 123 25 13 2 69 20 78 7
72 49 62 66 37 36 60 90 73 118 48 111 19 79 13 43
33 65 96 88 15 32 116 10 57 1 12 126 22 90 6 94
11 68 32 48 105 93 11 50 83 59 33 102 10 47 17 43
112 113 4 127 17 120 9 74 122 21 73 16 112 79 110 123
19 15 44 124 108 55 46 63 114 80 37 125 127 55 40 111
40 44 111 58 37 120 4 31 14 77 47 126 28 29 121 48
44 37 44 24 92 91 87 79 43 125 76 42 52 116 25 92
33 8 22 70 1 27 101 15 104 20 13 5 49 6 53 94
44 97 118 8 60 78 87 103 75 35 17 127 24 43 91 57
51 114 127 52 13 100 67 117 120 80 122 41 87 47 7 3
17 126 11 77 76 99 53 23 6 70 22 30 113 113 87 37
99 86 89 112 58 29 102 50 109 96 92 68 16 99 71 33
97 83 110 45 54 35 68 60 106 90 91 91 76 50 0 47
9 90 32 67 119 6 118 100 102 82 41 118 53 112 23 23
67 6 68 121 41 9 54 19 99 17 111 47 67 111 95 76
73 127 16 64 5 6 37 107 88 78 98 13 62 121 36 2
127 105 123 41 114 49 60 85 66 43 5 6 27 100 82 100
99 98 37 104 104 74 83 64 24 53 78 86 47 114 88 46
91 84 87 77 5 20 35 72 63 40 78 90 12 32 63 111
103 104 96 60 84 20 3 108 87 107 127 8 90 45 69 55
80 54 85 84 80 116 120 32 33 61 115 52 29 43 14 4
19 110 65 104 3 68 84 90 47 84 98 9 1 39 65 82
93 22 38 45 10 30 78 44 91 65 96 121 108 110 125 127
92 62 103 95 2 60 57 49 16 27 59 17 66 124 99 31
18 10 77 28 40 27 72 4 92 40 125 72 22 122 71 115
57 47 82 59 107 12 109 123 39 40 12 106 36 112 9 54
122 86 82 34 113 27 38 77 67 35 21 90 30 93 77 87
12 31 18 119 43 127 114 83 39 126 61 75 110 70 1 104
29 84 11 14 111 49 92 50 85 113 12 115 78 89 74 90
121 92 81 36 92 67 119 3 66 52 79 48 123 80 25 24
36 36 38 19 85 2 70 42 116 82 29 66 44 103 29 37
68 110 73 32 50 65 35 116 117 114 36 112 67 61 8 103
97 47 123 55 49 65 97 37 19 127 104 63 102 5 100 42
115 46 74 37 111 110 25 100 96 62 85 35 123 93 11 93
12 6 20 62 71 117 99 90 116 75 26 91 80 126 5 68
44 80 105 27 62 3 0 30 65 85 66 60 50 77 25 63
83 45 125 26 35 96 116 23 44 14 114 124 13 120 64 57
72 42 85 6 45 85 36 110 42 102 42 92 51 68 27 6
113 24 32 20 121 21 44 37 35 30 33 48 22 98 106 94
12 63 100 57 20 9 39 62 111 81 26 35 21 54 41 7
78 74 27 71 95 71 108 2 102 14 51 124 112 29 91 124
92 63 53 112 72 92 46 56 45 72 91 67 126 4 74 77
78 101 20 45 45 1 48 19 15 99 15 127 0 106 123 92
42 48 76 114 12 122 42 57 66 5 124 65 10 70 14 88
44 34 6 89 35 54 108 50 25 123 49 25 102 44 117 16
92 65 2 104 59 45 34 125 50 30 62 60 101 76 21 17
111 27 106 18 81 86 69 106 81 118 3 55 35 120 71 127
57 74 104 116 119 10 113 41 40 48 102 13 124 123 30 107
22 8 126 103 94 67 81 48 57 84 103 92 76 47 92 5
121 68 121 112 78 106 25 118 26 127 4 23 122 34 2 16
43 0 119 9 67 72 57 125 28 33 89 104 80 53 109 73
46 20 89 113 83 108 76 124 55 94 55 114 3 95 37 4
20 56 46 107 20 50 42 111 98 27 4 42 75 3 44 122
24 6 107 107 114 56 103 42 22 30 28 25 125 65 29 18
122 75 125 14 125 40 125 95 67 1 10 14 4 54 8 28
60 116 7 47 44 110 89 66 12 117 91 10 54 120 28 48
67 25 62 64 65 59 32 4 60 42 19 65 96 27 93 29
15 101 76 59 83 37 125 96 26 88 106 80 80 6 1 19
31 63 84 97 123 116 101 55 30 120 120 126 20 86 27 35
59 103 95 14 12 92 110 38 53 88 119 5 94 120 25 126
55 109 95 50 97 68 106 127 61 98 125 81 56 25 116 115
0 83 2 13 48 112 51 101 73 42 106 39 34 3 37 90
112 4 12 81 73 118 80 6 89 78 87 17 103 75 5 103
31 7 116 79 119 40 52 64 82 30 104 117 34 13 79 18
18 91 100 91 82 52 97 43 2 56 60 105 3 65 81 34
72 69 113 64 109 37 0 64 68 104 53 102 118 4 120 8
95 92 99 49 17 68 92 19 124 25 125 127 90 78 34 35
19 19 99 1 57 99 65 125 76 118 99 66 122 91 74 89
56 45 11 73 113 103 92 109 0 89 108 91 39 14 126 59
34 97 60 91 68 125 88 16 115 59 82 109 22 28 70 78
73 81 23 58 57 116 39 57 77 20 20 117 34 18 48 68
115 108 31 56 105 119 72 92 50 27 73 73 55 15 23 1
97 47 59 26 35 99 83 112 119 104 101 25 122 21 94 110
1 125 38 106 117 110 70 39 9 15 112 65 31 8 66 0
55 125 26 90 96 109 74 87 85 48 113 80 69 79 62 71
76 100 49 65 82 120 105 92 7 89 29 38 97 95 38 24
92 64 114 61 46 61 20 3 109 5 83 50 84 17 121 33
117 43 98 72 35 75 36 42 37 65 81 6 32 119 31 124
56 17 57 102 78 78 105 59 83 61 110 40 78 103 73 68
18 43 12 53 119 48 96 28 113 49 34 17 40 65 13 96
83 71 70 33 21 48 93 104 109 75 16 59 50 89 127 69
5 11 122 124 59 90 24 44 11 58 61 52 124 75 20 79
18 91 112 39 11 77 15 120 24 32 51 75 121 51 16 126
75 110 27 116 2 38 5 113 37 14 127 32 94 39 48 84
12 74 25 125 92 61 44 114 52 7 103 13 84 40 65 31
22 93 19 25 3 25 10 40 39 9 72 5 48 120 89 60
67 115 58 31 48 102 17 100 109 120 113 65 33 51 97 55
16 116 80 19 13 90 59 52 99 3 57 19 124 19 80 63
6 10 94 54 112 112 26 93 104 11 30 9 62 127 65 78
116 17 97 1 108 28 54 79 32 111 99 28 2 51 91 8
61 57 62 45 41 88 10 18 100 40 27 34 40 92 113 28
110 82 29 90 111 83 41 15 67 12 43 69 63 6 78 124
63 12 41 105 101 51 123 73 92 22 107 4 115 92 32 97
47 61 59 30 17 100 45 84 113 88 25 48 94 103 45 29
116 86 6 89 10 1 34 102 24 13 106 11 106 10 108 25
71 39 55 88 11 100 44 124 60 70 45 26 45 90 55 33
48 62 122 58 63 28 32 87 42 10 98 20 20 78 45 92
117 100 52 1 72 97 125 4 39 42 30 84 4 85 118 53
19 112 111 83 13 16 42 55 26 13 75 47 91 120 11 81
92 63 82 36 32 79 40 71 122 70 28 126 27 18 51 47
2 35 2 15 51 44 70 77 57 17 124 21 9 7 102 101
71 56 9 103 7 49 47 1 119 75 0 19 93 51 66 95
86 68 111 9 112 53 87 42 71 83 63 80 91 37 54 34
93 63 9 100 113 56 102 104 3 102 123 96 25 61 64 112
1 47 121 114 100 80 28 43 36 91 124 127 0 50 33 93
113 42 65 98 99 39 75 102 13 70 71 39 4 7 23 5
54 16 119 26 97 19 70 5 110 66 4 110 116 37 75 101
79 13 72 50 52 19 25 66 89 96 105 93 103 0 99 29
16 90 55 113 110 125 118 92 63 122 75 51 31 22 25 111
35 97 33 88 116 58 26 77 26 3 43 1 3 14 30 19
104 86 5 86 83 123 51 19 118 126 70 21 20 95 4 56
64 38 16 52 96 42 2 123 45 45 124 48 59 27 67 35
113 72 122 68 68 45 87 58 43 30 79 63 125 84 119 62
122 7 114 90 49 116 85 94 33 82 14 92 109 82 0 94
26 122 34 94 39 122 24 82 24 104 17 21 60 9 83 54
95 69 82 36 5 122 22 7 95 48 99 19 19 14 117 3
119 25 39 83 115 75 125 76 48 25 38 91 21 103 40 116
45 122 25 50 117 47 57 84 95 29 103 114 43 92 118 34
117 29 117 105 104 114 53 24 11 92 116 33 67 28 21 112
22 46 35 11 93 92 96 61 121 71 47 36 36 37 70 25
66 59 2 42 45 56 67 57 20 55 90 87 83 111 72 105
30 107 117 123 71 85 56 65 28 104 101 64 13 44 90 80
103 92 122 21 20 61 78 40 116 40 0 71 23 72 49 53
51 38 49 122 123 105 59 23 81 33 88 95 77 50 47 52
14 41 73 35 103 23 75 91 63 75 35 87 19 84 12 70
122 61 65 117 39 124 12 120 29 100 87 106 22 6 31 37
48 104 72 23 0 19 114 63 95 21 22 114 105 35 57 99
96 122 88 7 118 101 0 20 73 87 126 96 94 29 5 14
6 77 37 6 96 23 69 63 45 92 50 22 127 107 122 95
101 82 103 91 55 103 111 1 62 110 97 28 11 102 42 17
51 79 23 19 103 93 83 20 57 5 42 56 112 36 23 85
119 126 48 46 101 32 47 36 14 16 64 25 118 107 43 41
58 66 61 33 31 16 53 88 21 96 16 5 4 40 90 123
38 10 42 12 42 89 48 56 106 112 82 96 91 125 10 22
63 71 55 95 87 109 55 108 77 72 113 81 112 75 77 22
85 119 34 0 80 82 56 58 67 10 27 30 7 37 52 71
108 108 38 67 89 93 47 38 37 32 119 21 107 68 44 64
59 78 64 12 33 121 70 100 3 97 2 11 6 55 82 114
35 120 53 124 85 100 34 123 4 25 16 111 94 60 48 25
11 112 37 44 105 108 16 109 77 18 120 84 73 74 70 108
66 124 104 23 96 10 18 101 36 35 84 2 95 4 27 106
117 65 22 94 45 38 75 122 57 67 78 2 13 21 111 79
17 87 103 113 98 121 86 6 28 43 8 124 47 35 102 36
100 125 3 17 35 78 12 92 18 90 95 31 111 78 111 0
37 86 114 7 79 72 13 108 115 21 104 35 57 78 71 29
75 74 47 111 25 59 75 43 21 42 74 5 120 57 5 30
15 119 37 95 64 51 75 51 72 51 86 1 1 30 31 77
55 67 97 58 95 123 26 100 0 65 89 33 39 126 66 127
82 94 65 70 49 24 41 117 73 60 2 75 95 45 82 22
113 51 81 80 46 107 52 47 44 13 80 84 12 19 83 94
113 21 37 34 45 78 23 119 10 25 66 105 71 20 0 56
71 81 8 118 60 60 37 105 74 117 61 86 8 16 52 122
37 89 28 83 39 52 74 50 77 12 27 20 32 27 76 103
108 84 93 41 17 2 18 91 120 79 49 0 95 101 122 5
63 23 88 102 75 34 24 24 46 52 45 78 79 121 53 60
78 19 101 95 21 119 58 13 70 107 14 37 80 8 42 15
31 2 118 106 36 14 3 82 66 48 32 18 41 86 78 119
105 51 86 126 42 16 12 112 123 26 21 76 34 64 91 66
66 81 44 103 96 47 57 34 95 90 52 9 48 2 0 25
53 87 23 95 103 35 79 99 61 101 47 96 37 10 34 103
92 78 78 60 126 8 94 93 98 19 102 18 21 103 43 75
62 66 42 37 102 122 8 35 95 55 3 4 66 37 107 30
116 58 90 114 66 56 79 36 75 54 54 97 29 97 44 91
35 86 0 9 80 9 45 47 64 48 51 2 86 31 32 74
89 122 60 27 51 11 63 126 65 117 95 94 86 11 57 121
98 58 3 50 67 48 98 3 96 21 6 54 52 38 0 13
33 60 40 84 72 103 82 9 92 50 104 50 61 33 44 31
91 47 82 30 95 52 34 63 73 40 118 126 78 118 11 111
51 52 67 123 27 22 4 120 72 108 42 5 14 86 37 105
5 119 8 100 43 42 36 116 82 26 114 32 16 126 16 67
50 83 62 77 105 67 69 49 47 112 55 61 70 92 39 76
83 47 48 126 89 84 114 43 110 101 75 127 99 91 66 21
47 1 98 24 68 40 74 115 24 1 49 94 93 88 42 48
7 91 46 96 47 32 11 30 5 86 29 104 50 95 125 97
96 96 121 36 8 67 24 32 68 73 126 33 33 41 81 40
4 127 8 51 32 19 81 37 105 110 14 27 78 11 124 46
107 118 83 115 57 107 19 126 52 18 31 85 59 113 125 63
112 5 114 16 24 68 54 1 50 68 29 0 79 25 47 59
15 2 46 73 109 66 71 33 84 102 118 15 87 115 78 72
24 69 15 111 27 98 66 38 38 69 92 84 111 85 92 59
35 49 73 98 89 54 37 88 123 125 53 104 3 107 36 27
49 51 10 76 21 76 114 59 18 79 16 1 36 108 60 71
30 5 42 119 59 79 79 54 76 5 30 79 112 66 106 33
117 117 110 11 65 96 70 83 47 86 84 84 67 17 27 97
22 69 88 82 20 39 8 97 44 39 48 29 105 27 62 95
16 44 106 81 13 48 37 60 7 121 16 74 10 44 43 33
113 3 115 6 42 123 103 87 34 23 116 12 50 50 107 66
95 85 20 108 5 57 40 12 50 57 86 61 101 1 94 86
4 81 92 47 76 67 6 111 91 122 123 13 44 102 80 11
59 100 119 64 29 32 77 79 89 35 12 62 37 106 20 41
59 113 88 8 52 94 119 15 88 114 29 5 88 109 16 19
81 8 83 110 40 32 61 1 68 74 63 105 52 83 18 112
68 107 120 121 73 111 8 34 97 37 39 57 18 55 76 99
63 31 81 103 64 15 104 4 89 39 109 13 123 127 125 63
106 117 56 52 100 65 86 69 102 125 126 121 52 74 92 116
106 46 91 42 61 68 46 22 107 27 35 102 26 33 38 5
22 94 57 123 31 15 64 6 12 63 127 64 9 91 52 115
9 16 29 70 84 75 92 63 102 0 38 1 33 76 6 55
42 63 50 74 78 115 80 90 50 79 26 59 42 79 47 52
95 76 122 51 24 87 114 126 87 24 127 120 100 5 47 15
68 98 89 18 85 41 108 7 120 7 66 34 86 113 86 53
62 81 104 86 40 90 84 127 115 84 119 87 89 38 102 30
8 63 48 93 104 29 100 96 36 39 3 122 24 89 47 86
42 23 44 82 113 1 81 100 85 72 60 46 111 34 76 119
98 125 85 74 26 57 43 62 96 46 56 121 7 103 79 50
126 124 4 111 125 86 84 82 30 16 0 13 50 77 5 20
74 90 95 100 19 10 34 116 56 90 109 63 65 60 113 63
56 118 46 53 76 2 7 106 18 8 120 69 85 125 89 31
87 56 3 106 66 37 94 122 127 75 58 64 8 43 127 64
33 45 118 109 48 125 88 66 5 80 7 90 77 97 121 36
25 124 14 92 33 109 86 32 56 16 96 64 60 95 1 93
7 24 125 0 74 43 62 75 60 28 26 63 104 12 93 41
117 81 91 14 96 80 80 15 78 27 96 37 63 22 102 70
46 99 71 121 15 5 68 75 34 95 10 10 107 103 51 96
57 14 111 25 94 63 40 44 90 8 81 25 31 55 96 77
27 39 70 42 44 11 117 78 106 127 88 85 102 11 53 31
25 36 57 120 99 97 36 61 106 118 87 9 45 55 86 72
94 29 114 10 40 103 89 18 102 49 103 77 61 28 108 86
65 37 78 36 7 115 98 113 105 57 122 22 112 80 95 78
109 81 88 21 57 49 39 31 99 14 108 32 43 89 118 108
126 69 16 5 56 114 118 33 43 112 55 27 65 22 105 46
104 66 68 33 115 107 64 86 122 45 118 37 6 109 17 4
50 33 10 106 20 0 11 63 113 66 91 50 89 68 96 65
6 36 98 122 16 34 80 10 79 71 47 85 52 64 90 102
97 100 80 117 100 91 53 85 29 16 7 118 84 104 55 91
12 25 85 28 60 37 38 11 108 85 97 32 21 59 6 119
31 86 108 3 49 33 89 79 49 96 69 6 72 125 97 85
22 54 113 82 91 24 94 72 109 63 104 3 122 111 122 25
69 102 28 119 8 117 70 57 86 11 63 30 8 32 115 31
86 101 113 50 125 79 122 106 14 98 109 8 81 103 33 23
78 62 14 86 51 84 15 9 95 79 40 104 111 27 7 70
0 120 120 125 72 114 104 86 84 85 95 38 61 0 61 11
62 75 97 114 31 112 123 126 63 35 102 47 63 109 117 63
102 109 61 46 95 37 4 51 122 99 89 55 100 22 66 34
97 35 20 0 20 16 127 83 51 101 2 114 83 119 50 57
100 111 103 67 20 107 119 14 79 80 70 51 103 8 85 72
44 106 73 64 122 72 19 45 45 22 32 0 13 82 57 114
65 32 53 85 12 44 99 91 125 41 14 100 50 99 44 94
77 117 30 71 61 49 117 107 71 21 107 85 103 37 71 40
69 124 125 81 41 96 44 38 10 58 10 60 30 54 26 107
44 56 51 105 105 40 84 49 61 64 6 36 101 77 76 42
73 73 124 114 41 40 24 51 99 34 111 1 89 9 108 5
65 31 110 43 71 67 92 4 3 98 40 104 47 116 18 120
