47 110 118 99 86 0 15 117 106 12 66 44 28 69 88 27
25 30 78 16 46 74 1 44 72 70 46 76 43 44 82 90
26 72 61 113 72 76 102 50 89 40 95 117 109 55 17 6
85 95 23 3 42 24 47 114 94 94 62 9 10 16 99 36
88 32 21 32 109 123 83 70 35 50 59 17 105 76 23 62
44 46 65 86 70 112 72 37 78 6 46 88 22 18 125 110
50 18 14 31 14 97 101 49 19 33 66 124 109 90 58 25
8 123 111 79 108 55 116 58 61 34 19 83 52 16 65 103
34 80 6 48 49 108 98 69 13 36 65 122 126 124 20 7
119 3 86 99 59 74 30 120 108 49 76 33 65 13 8 99
93 14 20 15 122 118 84 7 26 21 2 25 17 22 32 9
25 118 108 84 64 10 77 44 59 25 77 124 38 85 96 4
100 116 19 94 106 103 102 4 124 104 29 14 126 61 23 23
51 3 108 115 14 57 32 73 82 109 70 120 67 38 124 39
26 15 5 4 118 107 8 115 83 38 1 81 99 24 105 23
27 85 10 41 14 42 115 96 24 57 88 91 95 85 2 121
100 7 125 91 115 5 78 70 43 79 24 15 103 1 38 2
86 48 44 100 91 31 68 115 88 28 78 55 113 80 48 86
87 45 49 74 50 127 17 94 78 41 109 53 42 19 55 0
67 99 100 30 2 40 17 90 68 95 17 54 47 65 12 7
110 61 81 33 60 98 127 10 11 108 63 53 127 118 53 66
90 25 97 92 65 114 55 6 82 72 60 1 10 72 8 120
5 90 25 65 60 24 75 72 4 10 125 3 0 51 70 90
76 39 55 14 25 110 20 107 54 80 109 64 24 117 57 29
79 82 94 12 107 41 84 111 51 81 115 51 4 57 14 81
96 69 95 121 51 115 101 105 67 82 42 91 71 99 120 23
53 86 35 32 127 119 16 50 72 3 101 77 60 115 30 28
56 125 21 107 112 122 85 51 76 127 14 20 98 6 43 23
92 78 56 91 69 72 13 13 75 114 90 7 102 120 35 30
117 56 10 101 51 95 24 127 94 38 19 64 44 62 87 8
12 15 99 81 87 112 95 34 99 57 41 73 50 76 103 39
5 113 13 56 80 37 55 46 76 75 110 120 9 70 1 22
63 15 125 41 98 49 21 54 108 72 10 58 84 93 60 54
14 107 82 112 63 5 105 7 59 88 87 89 47 28 16 110
43 14 24 13 63 45 67 43 117 77 101 73 42 33 0 56
12 82 40 76 87 17 83 19 106 42 108 25 70 124 7 113
10 31 126 73 77 65 117 66 14 90 12 56 124 12 112 8
94 24 84 53 42 40 72 20 82 52 45 25 49 52 10 59
84 9 5 33 74 122 99 89 84 111 17 80 123 2 89 89
26 45 15 68 85 87 88 40 12 5 65 61 58 75 120 14
84 125 47 31 119 18 120 76 2 9 28 125 11 117 87 38
35 102 106 120 61 67 32 73 72 97 6 2 45 127 16 1
124 63 32 116 82 24 64 84 34 92 81 45 82 40 83 117
14 62 109 76 1 14 21 73 111 28 76 28 27 92 30 23
28 62 11 110 87 75 66 121 40 19 38 122 60 122 111 74
56 92 22 57 106 44 2 90 72 78 118 99 43 20 122 71
83 6 53 42 81 119 35 121 10 73 115 70 67 98 17 123
63 39 52 41 83 55 3 27 5 122 126 48 14 121 119 97
127 44 11 80 35 46 74 46 120 61 116 59 32 5 55 95
45 107 8 0 34 12 28 40 6 26 88 20 19 80 118 18
124 1 99 32 48 45 78 40 106 66 99 10 72 26 105 117
6 114 117 40 126 17 80 4 44 41 24 63 121 14 82 117
16 53 21 64 98 99 104 76 38 75 87 110 102 64 99 108
50 88 20 48 106 101 52 22 14 77 85 7 91 39 124 107
92 18 43 62 117 19 11 27 95 98 9 69 34 108 49 85
69 69 5 47 42 58 69 56 7 26 63 98 66 60 78 30
78 121 93 67 13 104 95 108 74 104 49 108 85 98 65 26
39 71 73 82 1 14 10 8 40 74 106 106 6 56 9 84
50 102 23 63 78 118 43 24 95 92 4 52 62 70 78 101
13 23 55 14 37 66 22 77 12 0 56 18 57 65 102 107
39 125 42 117 116 85 13 83 49 17 7 111 87 85 84 100
108 12 114 17 78 8 94 90 9 22 108 66 87 82 45 126
79 87 115 67 44 0 22 93 18 29 76 105 114 32 78 94
44 64 111 122 73 78 84 82 100 64 20 60 18 65 58 98
3 100 87 107 46 42 44 70 96 122 28 15 108 117 61 72
73 21 21 78 41 56 22 104 96 100 67 108 5 2 91 8
102 50 115 20 93 31 90 61 25 118 76 6 107 9 78 52
30 99 3 71 28 25 48 124 126 115 105 3 117 68 11 91
119 126 111 84 30 73 17 55 63 93 61 43 102 11 95 5
111 98 76 11 124 124 7 122 111 112 125 100 53 8 63 44
6 46 0 36 119 17 92 55 110 25 98 84 37 65 89 20
36 38 31 32 34 38 26 18 23 23 118 76 31 54 120 37
100 120 74 92 9 38 19 119 63 117 75 100 54 37 120 90
75 23 122 109 62 20 127 85 43 118 33 74 44 25 112 16
17 58 108 26 96 127 17 31 116 92 4 43 1 124 5 76
20 0 58 82 20 57 39 64 47 72 10 91 97 122 108 114
52 88 12 20 88 29 52 76 121 56 119 123 52 125 71 72
125 1 26 17 59 65 81 106 9 92 70 106 86 50 92 11
10 104 31 98 5 83 47 127 11 38 122 64 35 65 8 32
67 35 50 126 100 3 104 110 95 46 88 54 96 53 65 107
29 96 77 35 52 124 34 63 35 28 127 70 93 8 103 32
43 25 30 15 28 7 125 124 53 86 50 22 11 115 1 40
83 78 75 7 75 109 71 110 9 70 52 103 78 27 7 121
52 38 9 81 45 6 77 98 92 127 120 103 114 121 16 69
72 91 77 19 73 20 1 82 90 53 57 41 81 65 34 5
103 43 86 20 50 35 118 14 34 111 118 20 104 6 90 48
97 39 67 42 59 68 125 21 122 54 62 75 119 97 80 94
12 39 114 62 74 105 77 109 88 67 1 64 73 91 113 42
2 52 85 61 121 82 83 115 8 17 62 0 114 14 94 127
53 81 61 0 58 10 109 18 77 110 82 22 74 67 65 76
120 22 10 113 104 93 100 112 110 34 112 97 48 79 96 102
32 29 102 90 40 83 108 117 65 62 12 11 2 77 88 122
99 98 107 75 63 79 59 45 113 44 14 33 123 110 7 27
12 109 117 52 64 97 41 2 31 53 13 33 2 101 27 101
71 6 48 6 85 108 52 70 24 66 104 19 49 111 46 61
93 35 113 29 4 26 31 35 80 45 69 82 18 96 56 90
121 102 57 71 81 82 62 107 82 66 2 76 100 5 93 15
5 84 25 73 29 82 70 57 115 31 34 67 85 15 12 78
118 69 22 71 24 84 50 106 22 53 54 122 58 19 10 63
104 35 8 5 117 78 62 105 110 96 44 67 112 57 17 102
126 39 45 22 123 95 0 17 20 55 12 78 74 22 14 50
57 22 55 46 101 118 23 83 86 68 22 70 125 39 44 123
79 89 18 74 57 18 92 77 73 104 28 20 126 42 70 55
64 126 101 37 116 125 120 74 65 14 17 62 54 61 57 5
23 75 79 80 94 43 29 39 19 57 59 17 99 2 72 36
0 46 73 116 43 66 62 108 80 79 42 6 13 99 11 36
47 91 116 13 6 17 52 26 75 112 43 46 114 116 82 114
34 28 102 77 94 36 57 46 116 99 53 1 70 64 37 117
27 25 2 34 42 55 60 117 39 103 36 25 91 118 11 125
18 113 74 112 21 3 31 9 102 84 10 45 20 47 34 48
72 37 82 115 92 14 104 3 117 12 28 81 3 39 78 21
24 25 6 45 28 37 55 3 121 65 48 13 113 82 61 57
119 15 44 83 29 21 86 19 33 114 100 36 25 50 58 49
75 64 95 104 101 22 107 94 87 27 107 72 109 41 2 101
56 46 56 86 67 15 105 101 1 77 9 27 127 67 76 75
3 43 51 104 65 30 70 25 57 50 97 38 91 99 11 19
18 68 105 85 83 82 58 84 31 68 111 31 7 60 106 11
103 29 115 41 59 58 66 116 108 35 26 71 7 38 90 25
106 68 110 61 22 41 17 54 109 1 85 116 61 63 127 36
92 115 77 23 45 15 11 25 51 37 96 58 75 58 83 53
126 65 114 21 106 4 75 87 5 32 76 66 95 75 102 59
62 52 82 107 67 93 4 118 2 100 48 78 31 3 3 29
69 118 50 47 122 125 7 127 29 83 65 124 30 39 55 93
91 9 72 31 102 77 21 105 49 70 55 80 73 58 110 14
48 32 62 42 30 69 41 59 24 106 56 54 18 111 19 109
121 92 12 95 41 34 72 90 104 127 43 49 58 25 64 106
57 126 21 87 67 62 19 91 41 75 17 59 58 37 40 51
1 53 19 42 87 91 4 63 91 47 112 21 72 48 127 2
62 10 122 122 101 18 38 112 77 100 36 73 47 57 24 65
20 8 104 31 86 119 23 110 23 74 57 17 125 73 15 60
84 10 54 57 28 92 41 105 64 78 50 111 7 74 48 27
83 24 58 41 16 81 23 39 27 81 56 25 26 72 85 110
82 11 39 110 103 81 88 40 31 10 23 38 85 72 65 40
96 123 81 112 76 104 24 103 57 80 0 84 24 85 66 106
96 106 89 72 59 49 112 90 59 7 0 16 79 65 56 48
60 9 32 8 114 56 111 43 9 112 127 33 69 66 12 38
44 101 110 103 22 94 65 81 101 65 98 53 2 26 101 62
36 5 70 22 62 53 65 71 37 65 104 107 3 116 17 47
89 127 22 111 93 87 65 66 24 35 119 26 61 92 88 97
98 30 119 32 83 57 103 121 122 79 100 125 68 117 44 29
116 66 13 81 25 78 19 49 113 11 75 46 103 35 16 73
65 7 105 20 64 80 13 58 32 113 55 100 102 99 1 90
37 14 43 62 92 63 111 77 74 58 124 49 93 12 123 30
19 100 51 84 53 64 14 85 50 70 57 24 41 58 115 79
73 30 13 37 93 125 115 39 55 111 89 21 123 84 51 14
56 102 98 109 39 113 66 89 55 123 113 96 54 100 47 127
3 61 36 96 58 23 8 113 6 97 6 1 53 58 16 109
32 114 91 71 99 29 32 26 25 18 123 79 118 42 78 121
103 114 90 33 10 98 19 16 67 25 18 120 83 34 101 116
20 64 59 120 94 92 18 119 110 13 70 100 56 20 94 31
6 56 65 16 26 84 33 93 109 51 85 65 85 58 53 105
123 112 97 89 76 116 80 58 1 22 31 57 42 125 89 48
53 26 65 79 110 98 44 91 21 1 28 106 59 81 83 54
66 53 15 14 41 95 73 42 117 104 100 31 101 61 80 26
87 17 105 69 115 21 32 8 22 61 114 81 14 69 8 80
122 23 95 35 119 40 78 108 16 50 12 117 111 92 15 70
109 120 11 96 13 43 104 35 104 90 116 119 31 124 71 26
20 38 61 11 78 11 119 94 61 3 83 44 95 98 114 76
90 125 44 103 41 20 10 17 110 127 8 14 123 80 40 15
118 101 26 69 113 18 35 46 21 119 91 117 89 77 65 52
16 70 16 66 58 102 32 92 56 47 56 37 1 56 3 27
50 37 122 89 31 18 43 55 122 61 77 54 70 32 108 86
102 125 24 33 99 57 125 27 104 53 64 105 110 67 4 32
104 126 122 8 17 37 63 11 98 12 66 40 45 46 127 19
43 23 52 14 80 49 41 56 103 105 33 85 44 38 117 21
36 111 29 53 21 92 65 119 105 3 32 22 49 31 41 93
54 94 107 7 15 21 63 118 126 97 75 43 7 65 64 43
48 93 97 69 57 34 61 34 37 93 56 86 124 98 51 50
64 31 57 79 52 121 70 50 90 17 93 97 82 29 12 3
122 109 72 52 15 5 86 52 98 15 11 94 113 62 17 49
93 74 0 17 67 70 68 29 88 33 126 42 63 11 45 57
120 118 109 8 123 68 60 94 83 71 60 68 6 77 117 99
24 117 117 91 60 57 121 20 90 119 62 25 2 108 83 123
98 64 3 93 4 63 59 87 7 120 27 13 69 16 112 93
6 101 57 66 30 50 86 121 41 20 18 44 0 101 39 98
38 42 64 42 105 123 2 112 115 29 125 57 46 110 22 52
83 79 118 114 1 76 107 43 96 125 87 97 99 126 67 9
40 3 51 17 127 53 2 114 83 127 43 1 109 66 53 65
17 43 51 19 119 30 62 87 27 21 56 126 19 124 7 59
127 59 76 126 112 78 113 67 78 28 68 59 94 121 124 112
36 47 3 27 77 65 115 105 86 43 103 105 39 111 36 39
42 112 37 26 63 22 94 13 51 34 72 17 28 69 1 64
116 4 92 66 69 79 43 27 122 18 4 34 1 40 73 43
25 110 70 88 5 36 101 56 70 45 73 98 114 75 35 103
79 127 41 21 78 84 48 72 102 53 106 104 93 51 19 118
34 89 78 39 125 51 95 68 97 40 38 83 115 73 58 67
72 99 88 22 55 8 95 30 61 73 6 27 125 25 17 31
115 96 70 112 19 37 52 116 77 91 72 65 36 2 4 109
102 92 3 29 100 98 59 34 44 65 61 41 91 78 72 78
46 14 62 66 51 115 54 0 78 126 65 114 1 69 95 103
33 99 4 6 69 64 40 113 1 101 26 92 51 98 42 98
112 105 36 35 92 90 36 42 89 101 28 90 43 124 65 76
104 78 60 1 9 7 44 30 50 119 35 42 48 41 72 64
32 110 31 96 33 106 20 105 29 106 107 30 8 10 107 113
88 39 114 97 47 31 127 97 22 35 11 70 76 84 6 108
66 37 77 99 15 97 76 44 75 55 75 84 65 54 69 25
94 55 122 13 86 122 110 108 29 121 51 105 77 57 85 15
95 34 114 110 3 63 27 79 118 102 35 56 28 104 81 122
31 76 7 118 70 117 98 99 111 21 76 60 79 33 76 46
68 62 28 71 125 55 22 116 29 57 44 58 33 125 52 65
73 60 55 15 49 25 114 32 47 62 93 126 96 41 44 36
103 72 107 101 0 2 89 29 59 5 87 93 2 12 30 76
72 85 91 121 110 78 26 29 12 119 27 108 32 71 16 7
16 124 108 16 126 69 45 57 74 5 22 77 17 52 25 89
9 116 82 120 66 108 21 79 99 49 59 3 120 76 11 8
72 119 24 70 61 70 127 7 75 22 84 92 74 109 53 84
98 7 76 36 116 97 115 87 18 47 91 11 123 102 19 67
93 44 9 26 114 8 34 61 30 118 25 105 100 78 61 70
85 9 106 73 106 94 33 125 13 124 8 8 98 27 75 63
71 84 90 57 92 124 118 123 114 15 100 86 93 33 28 51
42 7 124 20 101 29 17 114 25 25 122 123 53 69 59 124
25 21 54 117 17 44 112 3 60 84 90 25 117 118 76 31
125 73 52 98 102 69 84 0 95 78 123 20 19 54 16 44
75 70 34 92 115 18 96 47 103 58 72 92 48 21 124 46
94 48 16 68 117 101 68 84 51 64 104 71 118 121 115 66
63 21 30 50 40 126 97 15 56 42 107 105 63 103 23 29
23 39 97 13 12 38 97 64 102 74 7 92 67 122 30 2
16 61 53 56 59 22 71 116 64 50 93 127 26 116 28 49
27 126 62 40 36 32 104 10 106 111 102 45 105 5 47 121
66 100 49 125 123 120 113 59 43 78 59 69 66 87 118 94
85 53 6 121 85 110 3 63 93 106 108 70 111 27 64 49
0 113 46 123 106 32 54 21 110 113 90 49 73 80 15 30
5 21 24 90 3 27 25 96 5 5 38 116 33 102 37 33
88 84 28 66 116 82 87 98 68 49 19 13 1 34 43 7
120 64 88 16 4 14 17 55 82 46 55 34 72 102 93 87
104 11 32 85 77 103 118 33 78 108 48 37 95 126 109 87
63 70 103 67 84 121 122 39 39 50 73 111 24 38 71 1
49 103 86 127 79 77 32 29 57 81 66 25 79 48 112 14
118 88 82 74 81 76 113 120 126 58 104 23 96 47 24 18
22 110 17 101 59 49 2 117 2 69 14 82 117 126 96 107
86 50 53 39 127 39 32 125 97 8 20 66 55 44 84 77
27 101 51 86 22 53 75 25 122 89 107 111 88 75 90 46
126 16 86 125 55 118 122 24 126 15 90 53 59 46 2 86
19 53 45 42 107 120 67 101 82 46 85 42 121 47 88 119
63 46 116 118 36 111 15 34 126 105 87 57 24 90 16 43
15 61 85 122 53 24 96 7 70 53 49 64 100 10 55 36
56 44 26 93 27 41 127 25 19 87 82 43 49 98 86 64
31 44 59 85 68 27 92 11 80 14 75 52 24 2 88 80
46 115 45 73 28 45 98 47 4 53 90 53 23 49 117 55
93 48 12 33 75 104 44 27 118 119 80 14 122 40 95 40
27 12 114 56 57 84 103 61 9 66 114 33 115 104 88 80
24 100 113 100 76 30 127 67 21 79 81 15 120 48 56 19
61 42 75 118 126 51 52 8 117 38 41 104 14 1 56 39
101 41 11 49 71 10 116 93 90 70 108 82 118 36 101 51
78 49 42 77 100 94 85 89 4 126 65 19 127 121 58 100
34 69 21 106 79 10 71 41 80 51 123 70 88 97 122 38
18 36 115 118 2 72 79 6 70 16 25 69 9 83 41 43
24 63 21 104 73 92 17 25 16 13 95 104 110 89 14 0
125 2 118 127 74 69 6 17 85 31 86 94 115 0 9 11
63 31 115 8 123 5 33 11 18 0 115 0 90 2 0 87
4 118 87 78 59 93 95 16 124 54 110 111 54 119 123 117
22 110 125 18 115 30 29 5 30 17 5 120 19 5 80 23
123 39 101 54 4 69 70 0 123 52 112 49 44 107 38 66
89 35 84 77 65 114 82 95 3 88 88 22 93 40 45 89
79 18 15 83 87 86 83 82 10 67 3 54 46 41 121 8
76 77 85 13 63 39 109 66 127 69 88 93 109 5 54 60
13 119 75 61 116 35 127 122 115 7 84 64 104 78 100 1
74 114 93 108 95 52 12 24 68 109 88 0 76 89 94 89
80 41 22 69 76 22 63 63 29 19 127 5 97 99 6 44
85 100 24 53 24 36 77 92 17 37 93 94 127 59 55 79
100 78 20 48 100 83 111 1 103 110 6 72 81 12 116 38
112 12 91 8 49 40 101 66 78 66 32 77 125 88 28 97
38 49 17 10 4 0 11 107 110 17 52 63 29 40 101 14
53 65 22 102 105 123 40 55 61 73 4 58 33 33 27 71
82 44 81 86 44 92 66 26 109 118 89 10 30 63 24 83
0 47 57 105 42 98 33 104 43 37 34 76 70 62 19 24
106 100 111 23 64 49 49 45 39 11 55 69 74 80 25 74
127 82 51 41 52 84 17 95 122 52 43 64 114 62 89 92
34 72 115 98 121 37 15 32 48 71 101 122 23 126 68 22
81 119 63 5 76 81 101 70 5 16 6 119 79 95 83 113
39 71 84 32 108 99 64 28 42 38 22 65 36 90 87 117
81 23 123 29 104 96 99 109 112 106 100 63 73 55 49 113
126 5 17 106 104 82 6 19 120 28 84 28 118 44 18 72
67 13 101 43 109 73 24 93 51 124 29 124 51 78 109 50
83 127 28 59 81 35 78 73 63 35 101 54 79 119 126 18
4 99 61 113 44 85 79 95 81 108 92 4 58 73 54 13
72 83 72 25 118 23 98 53 58 72 107 9 63 105 27 68
77 88 53 121 45 4 89 126 112 53 2 42 126 57 55 71
12 0 96 2 23 67 55 81 11 35 90 74 12 117 14 89
77 68 83 122 72 44 120 57 97 122 99 95 51 27 38 63
27 7 65 50 74 121 3 85 28 93 31 40 82 46 2 31
114 85 25 58 1 17 115 98 11 87 65 63 114 104 126 13
111 64 63 57 57 66 14 85 31 45 125 113 91 127 16 77
84 41 8 85 58 123 55 69 82 121 4 68 97 3 81 80
67 16 9 124 82 23 81 113 68 78 98 32 78 114 109 34
27 117 120 85 113 47 27 67 40 31 8 9 34 89 89 101
106 98 97 60 121 50 46 62 1 16 94 79 3 75 113 30
65 105 116 50 25 15 117 65 46 125 75 81 87 36 54 65
61 14 107 103 55 3 26 26 38 10 27 127 19 7 4 85
39 114 0 110 53 92 115 56 62 27 32 109 16 51 101 77
65 80 52 120 84 79 18 122 89 45 121 108 53 125 65 92
111 65 74 37 29 61 93 91 89 126 72 105 49 46 54 114
126 107 107 82 58 125 76 19 43 69 127 96 66 65 60 50
2 6 87 32 68 52 123 29 50 68 6 99 114 60 86 112
39 65 67 97 62 15 116 105 85 116 73 23 53 5 73 55
12 32 87 80 85 83 109 7 23 115 107 9 47 65 121 87
2 60 56 64 76 45 42 33 33 115 56 86 121 2 13 5
34 101 85 119 56 66 127 79 53 106 88 100 43 81 59 45
14 116 109 90 33 23 123 66 11 51 24 4 53 37 9 88
10 94 79 66 32 78 17 85 56 105 57 99 59 117 16 73
105 126 35 10 21 30 76 32 81 100 36 7 9 45 95 20
11 46 86 43 125 104 0 53 81 58 25 12 47 41 85 24
39 120 34 61 22 110 93 104 82 2 111 91 47 78 111 59
124 70 102 121 46 103 47 127 33 72 12 80 113 97 104 25
90 10 86 112 120 51 88 74 53 71 37 101 21 21 32 18
91 6 11 9 109 58 8 14 2 20 94 116 118 70 13 80
80 99 64 72 22 25 18 76 96 56 49 118 77 81 8 40
87 19 49 69 78 57 83 80 78 50 68 68 120 81 20 73
52 84 17 75 109 36 23 78 92 72 68 41 25 76 81 112
95 2 53 45 59 9 126 9 59 66 77 51 20 97 124 72
54 14 19 35 50 42 113 14 114 53 55 11 1 8 124 97
10 49 14 69 58 12 79 117 79 28 41 99 126 37 43 52
51 63 87 101 105 73 115 92 126 42 103 0 50 99 97 60
21 111 2 79 124 81 69 75 109 110 46 107 19 89 31 71
24 119 44 2 64 32 94 62 74 69 62 125 41 31 57 62
15 59 13 11 12 82 86 122 64 4 101 84 93 5 27 118
124 71 120 60 103 86 122 50 27 57 47 68 88 104 2 103
36 16 114 48 98 72 42 35 76 16 119 42 21 18 32 17
89 24 77 65 110 71 115 9 0 34 78 89 10 80 64 46
96 51 95 67 123 9 102 72 25 93 114 46 111 18 63 72
