149867 131608 149188 168141
167251 133091 148849 166250
140318 130312 141078 144248
150461 122353 135571 148989
146328 156432 123179 109306
156974 155347 132774 111329
136115 120305 105813 97611
121924 134743 105696 122052
169669 177221 137221 120108
170292 154270 130833 124345
162742 160236 102137 123580
170832 164754 124321 108341
118541 143343 144026 158126
112161 153594 145054 137704
96850 132080 120343 143323
107327 125114 128673 142791
136207 126538 128654 131216
168408 126517 150672 153713
135707 128235 135062 142605
139452 123720 128110 144764
129240 126607 110160 95905
139073 132938 124586 108914
127854 129609 105817 87451
124166 136211 117585 102979
146569 144764 131310 116075
168985 167010 140808 120352
156849 145685 112257 119703
145005 143150 128162 111898
102996 118010 129896 127757
110713 141412 142289 161059
106679 126971 107750 124270
114200 125060 118962 129941
141016 109979 127681 140800
150382 119828 141045 149075
129883 100053 116323 115688
157317 128706 142648 168329
139521 140075 118546 104972
150211 147764 114326 104067
132262 115550 106677 83307
151174 144888 124897 115405
153889 153557 129036 112888
163007 164898 133479 119260
151541 145476 120015 102139
166346 168449 129304 132028
105757 125757 124617 108332
104416 132748 141662 153457
94881 116405 101917 119280
108149 143402 129901 134148
192556 132883 173402 192806
153461 100574 126115 142387
151898 118124 146431 149018
150773 113213 144559 145767
173535 173697 148422 130244
126924 113187 117466 111726
128032 142437 98792 108249
134327 153964 101017 81915
205389 198980 163348 143670
148297 157103 122509 110262
152943 138004 116241 111907
155876 132355 113104 118738
125977 162997 155847 170930
91894 128065 125684 129569
91402 121549 119615 131014
110153 127149 113802 129630
111671 136722 106837 120386
92935 115981 101261 97443
112507 127951 131977 123504
101294 117107 119867 119836
125546 108107 128017 107703
107122 89338 107799 105145
137103 97534 117007 113135
132526 96095 128481 117967
136011 125343 122146 137172
119305 99846 118549 122965
129702 119600 141237 144375
124956 127563 117250 135308
122513 111555 114718 131984
104977 114511 108380 116481
125727 109409 129808 143730
112563 131160 109262 134395
100611 126874 110015 111602
106518 120896 109394 100681
129386 146671 120729 112478
134292 178660 153014 169307
113507 100039 115912 110565
117869 92744 109540 108238
152183 118695 136681 113109
167071 143671 148852 159007
119222 108946 121259 134336
128079 99789 134118 135596
144472 127642 162187 163770
173413 156850 171054 196447
107716 101762 106616 135832
123761 108228 117899 134368
131585 154770 142659 158307
152464 152360 146396 185711
107617 129670 138599 137445
126786 141391 146009 142304
93109 107491 104806 104280
105688 121466 130339 127183
130300 101642 135372 115161
153635 116628 140146 130396
113538 84555 104811 93925
122682 97248 126170 112153
141274 110252 148697 151221
129247 140904 156013 165152
98712 91410 114721 118511
124939 116348 152345 145948
127522 125215 113359 149455
134739 148319 145162 162667
95784 93164 106228 121772
120363 136843 123195 143670
108742 144854 127283 148884
78164 110959 116523 116655
120115 171362 144530 153996
120353 154810 144904 137981
126391 113805 127253 134391
92336 90167 85862 110326
144461 138826 144713 142101
166657 126272 143804 153319
155592 112983 145896 169864
111249 86929 115650 125345
156768 138844 158004 179817
162311 146449 173974 178996
126093 124498 132601 146686
103805 95027 112659 108735
142735 143069 153008 162738
140759 157579 170449 170099
116098 122815 150300 135981
84586 116000 115840 105664
99488 101214 132643 110327
108213 130073 138489 121801
140323 143295 136570 172008
123780 108076 103536 131841
108418 135226 113394 144624
139033 138504 122973 148029
146136 148789 128419 93074
125978 125324 115912 105237
117768 130781 113255 89714
144268 138403 125404 105746
131726 132605 136233 133249
110000 80005 127732 89613
98102 102912 122722 104090
113247 103165 145061 120787
105960 113091 124919 126986
99873 112771 129762 126518
112440 120723 149589 131471
100635 100153 126172 114388
122896 115611 112962 122000
116850 127107 125461 123214
121225 147011 119965 160110
115846 118601 96874 126485
135039 115204 98678 85473
137077 149804 114087 96133
155127 144083 134765 102537
127673 112728 100685 80270
101881 106384 126162 118331
85976 94946 106558 101980
123854 109839 138375 132273
101582 99804 125592 101058
109417 113631 147986 131344
90491 126790 130098 123647
123194 129370 147631 135538
123836 130482 159419 136292
138170 121398 130323 154853
148730 152242 112331 142927
129410 147496 126513 164102
154480 154539 131999 159375
147320 143258 115189 106627
159979 157554 145518 113488
156485 132271 136243 92589
164339 152734 149557 101868
102819 109008 123575 112767
106402 100346 136585 99911
128236 117506 146269 126822
128481 120158 150314 139487
130366 157841 153566 147725
121343 130949 167929 153405
113015 141124 147780 135937
115472 141326 147665 142949
163674 165220 142109 167085
127008 145141 145703 151629
140836 153529 126567 153000
136673 142809 131380 151284
172018 158553 143024 115516
162858 162543 128455 112017
165367 154373 133773 107227
155094 148044 135339 110248
139168 124964 161472 132668
121110 118814 142965 137332
126047 119749 148757 118008
121407 119054 143587 131094
143084 119380 122649 135820
129683 112556 102968 126400
124700 103971 117155 115232
147759 133565 134752 150509
156750 139970 117755 147699
124363 117975 93022 122681
138407 130369 98296 121811
158153 156309 132275 149153
141668 145359 103599 145959
116068 110083 80774 122237
125360 116955 73016 115045
119174 151966 113175 151594
154783 122953 149712 99334
137352 106925 103570 92240
133692 118086 109270 104360
170322 122684 145024 114859
151524 115613 138335 147150
140879 114535 132047 161629
106887 106521 102184 126156
154989 126681 148010 151766
169373 150318 129309 139859
163954 139514 126528 157810
123324 110648 98469 111973
163006 145305 122908 156628
140876 145165 110114 157115
131872 143570 119557 149698
116645 120194 96130 123186
150607 132266 106497 145276
165502 129449 134100 119641
148619 138004 138315 113112
131307 97017 120128 91737
156845 133649 140084 125639
104010 111716 101664 116614
121884 87876 114515 122705
123594 97522 120773 127822
151689 121598 120472 147359
115189 116286 91282 121707
126879 109373 108016 131672
126435 118784 111888 133222
164706 147531 111806 162883
89396 109040 82249 103784
120585 130304 80129 133066
114109 120336 84085 119879
125418 137097 110681 139251
124643 102782 98986 96595
117441 101831 115443 85558
126100 110942 103885 100734
178516 137942 153931 102494
153556 127547 152171 151210
127610 89213 113629 134056
110878 115684 123092 131958
129312 131536 132339 148103
161996 156029 138364 180654
124209 110002 90191 125041
141027 135333 116673 125814
144058 134112 127713 150380
140164 150758 118426 161490
107284 110557 92092 123196
119469 123297 105127 120397
134798 144092 102166 140061
170058 150131 154339 126141
119579 102367 91657 89557
153190 108948 129483 106973
152417 118870 148476 106129
153799 169586 155406 149387
101635 119351 104880 119042
139290 160324 140604 137130
103705 110744 108072 112297
142190 132117 144976 167509
100097 96652 97696 103875
136675 142983 138702 156528
90547 90987 95985 119717
156688 146299 142959 160473
108267 109239 93844 109866
150718 138305 138174 153551
107448 107339 108525 126711
148640 163815 142093 122949
121642 128789 101598 95656
155045 152704 135463 125320
113607 108209 78537 79598
116663 142075 114032 134826
149656 156691 130455 132009
146962 162706 159901 156741
137384 156565 140746 142156
120482 130148 122594 133213
111216 128436 116106 147153
133572 140639 139643 178710
134467 136488 143616 161055
127433 129625 105840 150044
143611 129554 122339 150776
157812 145109 127829 177964
163067 144681 125680 162880
148298 146249 126146 114081
145242 132319 128779 116758
148977 151624 129602 130776
158064 159872 131313 131301
152612 184538 153304 154902
113207 126533 127160 131148
142545 171253 148532 151251
129087 162037 144172 144945
154847 137392 145209 181265
96676 134736 110675 140950
152969 134762 135324 162775
122920 147619 133981 169468
139635 150165 137929 159675
142348 128227 101473 148618
157861 155771 136191 163978
154476 144264 127975 155510
159981 158387 137781 123525
135124 117518 130376 99387
154093 156728 141861 123766
146237 154422 139955 118308
125028 148150 143209 149304
109057 129697 103271 116601
119044 138826 138415 144210
129351 154726 153695 137832
113776 137852 133314 155036
119791 112451 108286 125319
133413 122140 124589 152190
146831 126000 141547 156208
151980 139290 120937 162162
128666 130171 108556 119856
148644 121696 125174 143469
157109 139534 125365 153650
155231 139861 135779 110577
124774 123619 117611 97866
131812 127866 121097 100640
139072 153226 135156 117631
110743 123506 96294 102539
135736 96460 117510 119655
145315 120938 116835 124906
160684 117427 116163 132896
129667 105785 111892 98828
140379 111655 130546 108164
153390 128646 145876 117170
156062 128887 144053 115188
94322 96616 115624 97914
101226 140447 91199 99897
108014 133760 127220 108695
111695 154972 116048 103943
94299 124434 85445 101237
126478 136292 97918 127130
106104 146978 102032 135467
121869 144718 116348 133055
153661 138350 120107 134080
143338 112830 114681 125414
148513 124695 115917 126418
150103 110283 119505 130836
157824 151787 151265 119483
154212 117077 122871 102290
143668 114240 118534 108050
138252 120486 134063 111520
115876 150627 121044 111790
104885 133574 119425 113184
108687 134337 133066 120166
99814 132186 95321 104352
124471 151428 111661 135263
112607 148079 105666 128244
103841 152340 106680 136784
128299 128475 108340 104355
151846 136499 118094 121847
130617 130146 97680 113095
144843 116157 117981 118487
169642 153459 127399 128825
166115 132373 127587 125692
146540 126720 114237 103409
143517 124372 127222 105775
164320 129764 137579 132761
106136 154432 118613 123846
102927 115661 123824 106425
104467 131430 107087 105140
130478 148797 126083 137210
122018 165472 120425 142347
97237 127650 103332 117970
98334 125310 92230 114518
136933 160719 108495 130903
160884 127611 120656 123529
123012 119105 103945 110104
178613 155957 154448 154895
138942 131084 115142 121943
156145 139397 131192 122465
138733 96826 108276 111242
183687 133795 156137 136110
159149 121565 142687 119426
109186 149771 111213 119266
104526 111550 102102 89579
129960 173700 150629 147907
111756 136183 130203 114217
113876 167070 104425 131901
109285 127200 97027 107508
147344 175434 135697 172260
115614 144707 109719 145999
125566 131445 135098 135742
121602 117992 136960 125928
132918 131021 159227 152372
108278 119065 140968 139451
128040 140129 151140 134954
122512 120364 140450 137562
138399 161459 158763 146182
109869 141957 132870 136195
159802 161962 128756 134101
170851 155557 129863 115993
179155 168747 148289 137431
150844 139136 122470 121206
142078 132249 107834 145740
126392 117220 98460 132511
143019 127148 103969 149365
133377 141493 118077 124023
130844 152044 154938 161179
110552 119622 124658 126049
86262 96262 122460 125410
126751 123238 132343 136562
144653 155233 159650 174693
112055 120163 129790 139116
109859 111091 106830 127543
116965 139476 142941 143858
197032 182061 162776 146501
156780 145817 117925 110379
130416 132804 112676 125267
151990 153621 134065 136819
177945 141604 121229 159221
133826 122855 110195 137757
115727 118264 95683 119311
147217 139116 106668 131661
107372 114395 127319 134667
91390 102624 120377 118107
127274 133055 157578 150105
100679 112521 134665 121387
124166 120628 152376 137499
104374 125427 124219 104860
143525 140424 162334 158947
111917 120598 134290 136879
162728 142117 141456 117997
127918 136329 105055 105786
182898 176834 139352 140654
144818 146343 126288 120758
124900 121565 97896 133692
131477 99646 88394 103194
157789 154722 120141 146109
126939 136307 104098 113176
113145 116278 131209 145309
103529 123429 128599 137223
115648 132079 144592 141509
96196 96425 113151 110167
126985 127612 141208 138401
111928 118003 124178 148879
134749 130546 150460 148785
91172 96340 124823 97710
159483 156654 137401 146192
137806 147428 131340 134897
174583 166112 155722 130179
138557 124979 109027 116266
151055 148974 103099 138096
128614 125184 114654 138858
145339 152817 111980 137789
104382 109771 84677 115169
185840 122391 164311 145346
164952 108961 168199 113446
157987 102766 145627 121201
134495 77288 112042 86251
138976 130450 172471 130137
144410 124415 146402 113346
127691 112956 161587 113966
111448 112253 130444 101023
162619 145309 155062 147258
143965 149093 159907 138991
141659 127279 141515 133004
104635 123742 120457 116948
129347 137126 127201 121240
138886 125551 141881 117338
121300 115144 119089 104142
110345 95535 122758 104430
174393 116237 159919 120835
136861 84444 132584 106355
160473 114902 168121 124515
145269 88903 142340 96996
141744 125245 148114 111473
109641 104215 129667 106181
135479 131578 156231 142333
124813 111657 145097 118994
144073 140579 146695 144397
117207 120833 130146 118502
150609 150404 161924 131306
117855 129738 127179 123932
119039 119318 141787 116826
122408 116600 109571 105017
126243 118290 136881 124760
119334 101621 119366 108331
120258 82254 111170 92328
149437 88169 138598 114311
161641 112802 144399 108234
169426 102623 149556 117152
108864 103855 131103 107817
127112 93819 140289 122332
128222 128005 162853 115213
146387 135147 176848 124000
98120 117162 111184 114779
134015 137779 129647 127365
146094 154088 160120 133961
146042 149850 159144 137170
115316 108319 110608 102586
109120 110105 93314 105690
145306 131055 128980 110924
143739 128542 137953 123743
136528 106276 137257 102728
152719 127649 162432 121014
172331 115197 177225 114014
174842 108939 172015 120539
112816 116877 121564 95241
135124 135708 152573 114702
146620 117049 158329 128351
142942 126198 161860 129185
124757 122535 128853 116672
145963 130449 156115 141501
143339 153571 151979 135674
143404 136962 155143 133113
96727 99588 115284 104721
137814 125095 149196 130574
120363 134118 136922 107646
124419 131444 138388 126541
148230 129061 107246 114650
142257 130109 111990 110383
131046 129173 131469 121482
127699 129855 128178 124906
140312 138375 118063 135162
129543 129324 108634 118686
152031 137393 121391 128856
143886 133142 115943 129945
144760 119366 143862 120429
156324 115791 125053 115741
146804 128942 127627 123432
141223 135340 131170 117994
105026 117418 148124 129342
113279 114939 113446 127786
105949 119868 141277 142461
111218 119199 141362 131511
135286 124267 101088 104122
151669 147251 141021 141925
180641 148427 133878 145001
161487 159061 138077 148516
138554 132546 105503 119027
158366 159945 132214 141366
171244 154779 138497 151017
162630 157390 142752 146979
127500 126163 123673 110993
167762 144718 141293 139321
169436 141216 153993 160719
182379 156408 151753 140975
94066 125326 129668 115006
115239 131922 153596 150530
139812 147032 163575 154342
141798 138679 160220 143274
157087 156210 131145 143591
134793 118957 104792 107854
152890 143541 116314 122153
151511 118238 119292 126838
166903 156790 137751 144432
135373 141916 111863 122612
153418 142403 111316 136936
140432 144637 118775 125564
171670 149715 145545 138818
131893 128499 130511 117520
146797 140705 148259 122257
151568 136854 124505 131082
131605 133769 165736 149847
93770 119994 137767 117645
119213 131464 156931 140802
118780 115739 146579 125949
143612 156317 142529 141042
134223 132669 119167 129880
156982 148593 131191 138462
160653 152558 127930 127947
180752 173712 131497 149895
132570 142886 103455 122937
158981 159648 125342 131755
165079 147541 136412 138335
182446 158090 152217 135895
148355 121771 119226 112313
175835 148858 135190 141365
165224 146421 144198 142369
122206 139203 168713 152313
101834 116050 129521 128791
119080 131161 136456 145061
125188 134456 158734 132044
121626 104866 102190 134124
134372 128034 130649 162881
132129 126867 117546 152245
139859 134267 133384 177141
110206 116345 112374 146083
127597 142006 119452 165774
128932 136767 121609 171042
129457 151324 125580 176816
109657 107199 141713 92998
139836 121636 137851 119218
135759 129701 152900 103949
153169 135504 151576 115061
114137 108054 150981 114605
119928 122215 167975 138521
129152 107484 172328 146277
141362 121132 168761 133803
95698 105482 112610 132885
129132 118540 139531 164886
145264 103135 113137 133443
139325 133551 117876 154717
100618 128605 103604 147991
129966 146303 126776 175776
134684 128269 110530 170514
130094 151550 128647 175733
116984 123557 128997 91647
154731 150421 149513 122378
125429 118238 155174 108157
137944 138123 159779 102970
108426 111361 148276 132555
134777 120313 169914 141110
116540 108908 168770 120060
137395 120144 182048 158455
146630 155552 142121 190883
129842 131944 138942 175080
129489 107191 116136 151980
130949 119562 118558 156789
148419 176980 143726 191714
122276 139121 129058 159119
130809 140622 118016 173200
117240 136019 128128 165316
164423 156420 186554 129597
145740 134348 153848 116995
138096 134392 164912 107008
136591 130883 151658 107082
166314 143460 208832 172262
129019 127689 177299 133810
132756 109673 169966 139485
142588 124191 166480 130663
148374 121205 137923 157502
121708 108628 103412 136395
135159 125594 120779 148397
119225 119866 123090 134631
137817 157154 125808 193290
114754 139747 105235 151568
129250 147387 128337 171779
101394 113910 108947 154678
155020 151704 155007 120784
121339 120737 149506 99885
133373 127863 161987 105539
129195 117146 124519 94025
133743 129065 183010 132274
107477 120235 159162 131582
119866 124150 174343 150602
125594 103529 153591 127230
