140461 108306 129508 157381 
161463 118416 141450 151409 
132244 115350 135706 126925 
164134 126903 145250 164072 
125763 133568 130187 108010 
148320 139272 145611 114054 
130797 102365 108852 92898 
134761 131167 136185 145327 
154829 155416 151207 124701 
159587 135949 137668 133899 
151205 145572 114558 120142 
176869 167733 147965 120937 
107017 132849 142912 159951 
108600 136056 146191 145104 
93192 127209 126398 146079 
132780 127315 147634 166437 
134955 120330 124023 135787 
174485 122858 151820 168957 
124728 111861 116502 133743 
156004 130877 146567 156577 
120155 122513 117988 105343 
143675 136167 145665 127079 
107285 106542 109575 86990 
129818 132114 139807 132548 
141761 128480 142666 131270 
174343 163603 157160 138547 
146573 123454 117371 121342 
158473 146340 150637 126625 
111414 117764 138906 140800 
123023 148868 156905 182532 
112673 109273 104382 123128 
135219 131691 133230 153197 
155751 116092 135482 156276 
138784 89010 113514 133081 
142102 97383 118147 124879 
147386 107170 111357 157691 
149800 151572 140272 122834 
127233 113410 126952 106130 
145168 122891 124313 90977 
136194 131260 130000 109824 
174552 157507 144771 144645 
140116 138634 147594 122504 
159274 142878 132472 124769 
158896 151318 134405 136105 
117502 134371 139697 127192 
98973 114507 135204 160583 
106609 121148 116972 139905 
107519 129915 138469 141221 
205179 120302 171138 193547 
148534 86462 106861 131874 
122097 90926 114533 129574 
138345 104130 138353 145459 
176192 173105 165645 133673 
117596 99531 122775 108815 
95676 106624 98815 96960 
121609 136069 110518 81802 
207747 184749 184803 163871 
138070 142311 127797 118680 
120748 102694 107279 99107 
157264 117823 122273 122340 
119304 165706 169964 197636 
87506 115263 128069 136500 
82658 86143 92337 111431 
105273 123532 95571 121273 
133744 128222 112649 124981 
112417 116907 108827 103097 
116277 98762 123737 109962 
118532 106671 110646 114300 
140938 102173 134948 107259 
124169 92993 118443 108791 
140414 81557 115028 105433 
150510 101874 137319 131270 
126292 118036 138078 121841 
128215 105022 126170 109452 
114479 108734 142680 119352 
120624 133178 116373 129986 
132771 128280 114496 122397 
110489 123414 121562 111271 
122369 106809 120666 114505 
120692 148443 120411 125832 
101971 120549 107964 110925 
121014 112304 119961 94112 
143288 135415 115656 110080 
147416 159602 147252 162641 
107517 88245 113989 103232 
120733 76950 109247 94382 
164131 111067 147343 108320 
167126 134405 142933 155605 
117146 100394 127895 111845 
121608 94142 143517 107339 
135176 132793 159006 141849 
159693 149223 175338 163631 
104892 101119 97372 122474 
133377 106122 110351 117684 
133504 154980 127167 139025 
150809 153440 138364 154776 
123587 122163 136007 125212 
145883 124902 147610 137740 
109378 99782 121514 97559 
123942 112767 137701 124801 
141118 93891 139998 111405 
172518 118221 143468 139134 
123593 73475 108854 80578 
136376 105629 123993 117995 
133798 107914 143403 122131 
123065 137938 164536 153901 
95841 90993 122248 88024 
126165 117931 163867 137795 
125364 123502 105924 129707 
150477 155217 144355 148226 
105887 84152 103051 103972 
132513 150077 134910 132637 
116225 130147 128377 143957 
82461 93921 112649 115727 
133972 163784 156109 155499 
133658 136444 141051 132386 
121701 105238 112868 131053 
97251 90579 82741 117514 
155783 135569 142616 141140 
175930 117737 149217 149693 
139905 101287 147881 142849 
113037 79358 124482 112370 
155350 129321 162582 152592 
163785 142991 179636 147991 
126867 116308 120450 115685 
106233 100200 114522 94658 
150543 132948 148735 142061 
145791 166768 181361 152659 
103983 121573 127144 125675 
89177 126119 110935 128578 
85360 96280 113781 110179 
109771 139658 131251 142638 
134309 133799 116329 139858 
130864 113094 112514 125349 
111698 134739 86551 107891 
155169 137970 125032 136468 
140922 125885 124230 86616 
144833 133780 118998 120751 
128472 119275 120889 85995 
163252 139192 136294 117621 
121401 112922 131850 124134 
107566 78355 130347 94202 
91018 80877 118101 95553 
114162 100642 153307 120906 
102516 119929 108724 134342 
100490 139497 124654 143829 
103966 123203 134712 140779 
101818 111672 115158 109301 
123563 106556 111875 105639 
145315 126583 135877 106843 
124642 148219 100427 141959 
124311 123114 93647 102066 
134110 110742 111407 89855 
156863 156218 134183 114648 
172359 141709 138452 107667 
126840 102858 113133 82433 
100469 90641 126458 111788 
97706 86992 121478 104171 
119229 99659 131737 128001 
104276 87245 143395 103785 
95300 120900 129544 140821 
99481 144736 127852 147279 
116728 134852 129942 137823 
126773 145172 158923 165493 
144007 100876 116801 129427 
157254 177272 110980 124881 
135125 142833 109053 145702 
185500 163647 132879 156741 
157087 133737 125794 112586 
182291 172826 164121 132507 
172597 120683 147176 95183 
204087 160376 174459 117205 
101288 89771 119535 98244 
102166 98777 143928 113676 
120260 105639 152107 118867 
131222 122904 163889 140920 
125585 170606 134532 154154 
118298 152274 153776 171575 
115481 159553 140242 141100 
114920 157144 137347 149741 
174288 165945 139414 130140 
139713 144777 147050 131247 
147901 164084 130832 128898 
146445 144101 131619 132641 
185783 148029 156425 118902 
179336 169727 147173 132252 
175810 161643 153311 114917 
169542 149830 154563 111967 
131797 108230 166825 129985 
127432 106418 148804 137244 
132726 106394 160028 122980 
129586 106397 147913 127621 
158720 126568 108942 139241 
143744 128461 100801 141165 
135002 117155 106142 119462 
142916 126152 121912 140856 
161398 134626 95650 155943 
138648 128826 94486 138995 
151733 128218 88677 132319 
144550 141333 118535 144633 
155279 127002 94243 133849 
147523 118270 77165 119881 
146380 116215 63738 112676 
117796 138686 95426 131264 
164031 129991 149359 100630 
153008 124093 122873 99098 
158469 124718 126562 107491 
165686 116967 140001 108548 
152273 108363 129881 135771 
140661 121560 121222 161065 
112941 103270 99328 121722 
159181 131399 144741 153438 
173349 140127 112336 141089 
162950 130851 110434 162736 
128997 111901 84599 108886 
173448 141903 113973 163497 
155141 140675 93392 148125 
151108 138425 106836 138391 
126069 111515 86638 108211 
185625 134543 95950 135965 
179928 119768 148178 115532 
162574 138632 161231 108641 
131180 98230 123650 96484 
175979 133017 166179 127074 
88440 102337 74660 102429 
128022 92661 99037 117832 
139935 116032 114145 142385 
160921 115339 117360 136847 
95127 94536 72930 105838 
127877 103819 91155 133467 
144205 126382 118328 152382 
167837 136898 103685 162771 
86355 85278 64233 76482 
130360 113665 70508 119806 
139424 128853 82537 130096 
140820 125639 96105 131155 
115254 89554 97790 79788 
129200 104994 121770 84441 
149270 127769 118832 107526 
186218 146490 154518 102421 
144086 117345 131359 132627 
134554 99393 105253 131296 
126924 111734 121167 124256 
137076 130766 118351 145277 
151651 131723 114661 169733 
125311 109997 90689 139072 
147720 129200 96184 123501 
147891 132850 112239 143345 
149063 132656 93333 136968 
120489 109114 91298 127977 
129569 113002 90228 108562 
144462 127032 89945 121562 
173771 134952 159372 112815 
140839 116808 107334 85171 
160110 100102 127396 110081 
154877 116634 151748 109041 
150733 172026 148432 163561 
108147 125991 106116 131602 
127992 143233 116682 136170 
96526 91084 101287 102569 
124391 145991 152594 167351 
86106 111474 90878 108877 
100417 144519 125218 137866 
72913 84748 90718 109001 
164396 161869 118945 181443 
122151 108430 80466 116777 
140590 134020 102557 148123 
101527 96694 78383 128952 
148694 151547 154833 115180 
117060 122133 129105 106151 
125191 125527 135793 110191 
89740 95555 85638 78966 
121399 149648 113456 143902 
154778 157193 126872 149732 
160429 169909 161971 170296 
148718 162521 136647 149643 
98540 144189 110264 137240 
101306 146566 118680 158638 
127521 165467 145248 189171 
119190 153772 136507 162662 
128714 123115 82020 154933 
155538 139845 110522 176503 
167887 163497 118365 196752 
161510 138152 108484 168847 
129220 132759 153128 115235 
144809 109732 141463 108337 
150980 146085 154862 130967 
133846 140496 150708 127674 
144937 173989 138385 157254 
145245 150509 148973 165269 
130928 156368 139192 157794 
123830 159787 129948 141710 
125043 144325 141455 177410 
117384 165541 129539 165950 
119977 142449 134313 152843 
98145 158244 123544 160070 
138138 154360 102499 172198 
174286 160989 111741 186383 
163855 167564 108254 181564 
145942 137464 100030 147786 
139152 142616 142589 112142 
157250 124717 167389 116990 
138464 146934 157836 113715 
117612 131023 151391 108034 
146354 160506 150366 173107 
103593 122241 99316 124572 
116483 135666 136578 152891 
120442 150620 160051 147638 
111208 156742 138954 159941 
93375 117778 98130 119946 
116962 123372 119342 150532 
130145 126713 141519 151793 
169677 157137 108175 186984 
134846 138283 87443 126198 
147220 113222 96187 139960 
160425 134452 100630 167967 
151221 142593 171772 124153 
107026 106649 132657 93488 
122604 116849 134384 103691 
119124 145432 149194 112333 
87777 112101 83750 104239 
121851 90969 125082 115376 
135955 120368 125071 133767 
139266 102094 116041 126115 
134921 102347 121311 80424 
154748 121321 145394 108317 
173598 143401 169805 107989 
160028 125762 144643 101893 
92586 82502 119255 95684 
100718 132953 87620 108882 
111407 132593 138821 126003 
104024 137143 108138 101191 
92648 105393 103153 100942 
140238 139229 119507 116421 
112889 150278 126656 144319 
118386 132960 132853 125031 
126468 126686 113332 135105 
123584 108159 121758 119051 
137246 123025 124972 122179 
134578 103849 124464 135487 
170613 157929 150528 100092 
163657 124978 135529 88307 
162119 132727 138139 104409 
152862 138252 161644 93468 
102566 131974 124452 111917 
101933 109901 114674 107683 
112078 125682 134608 121632 
108138 136843 89986 119279 
110212 137837 139717 130551 
114386 144383 122304 118074 
112952 156775 130768 127647 
141162 127432 133640 102531 
120306 114985 108737 109887 
128570 144855 102588 122039 
131768 101612 112699 110729 
146751 128180 124560 114196 
157776 128229 132844 104121 
176377 151977 130771 110832 
133058 108958 134960 88781 
153621 119108 136498 113855 
95653 134014 106505 114364 
113870 116071 140312 114034 
96496 117270 97881 100339 
122935 122113 108366 122101 
117411 137905 134840 126770 
108649 143213 132229 121691 
93030 107175 99734 107777 
131954 138379 116495 114918 
112440 99301 100076 97958 
111482 118790 107656 113179 
165379 154847 166208 159005 
133208 134122 123050 130645 
144488 128145 127521 93985 
163467 119788 127675 97725 
207639 156556 185700 120100 
175590 135184 162057 114102 
90125 113764 92359 101899 
116620 108889 99825 89042 
137096 168315 154576 164692 
118582 131202 131115 118960 
103467 130592 111324 106706 
106368 126014 122813 110873 
150100 175283 162417 175641 
121771 145619 130547 147271 
113201 121015 120370 116015 
115137 118437 133460 102358 
134566 152927 167216 152889 
108887 123574 142599 152138 
96630 117345 128880 122094 
109838 100329 123867 140415 
144195 149268 159025 170617 
108485 137186 129833 139518 
127355 147053 125499 124412 
155859 148669 132521 113727 
179823 171777 173019 145274 
137855 150813 141209 128357 
153162 125063 102751 141793 
136204 119495 100121 132009 
166398 151292 111592 159556 
150509 152817 124784 135722 
120095 161199 143075 154045 
110286 135631 124460 121383 
81668 106581 117912 120846 
127187 118388 136956 142256 
129600 135743 144450 181049 
107571 108163 118552 158443 
104187 92208 98799 129419 
110910 129089 142219 140728 
177079 171710 170935 142725 
148144 149294 136966 118400 
125576 131531 126178 133538 
149566 157130 150787 137551 
192616 141949 123444 156296 
152763 135021 116261 137902 
118206 123832 101241 118658 
161589 147886 114758 144817 
107057 120761 123900 120715 
92545 117566 115662 122206 
113702 109929 147504 133043 
91582 104204 144123 123572 
119007 97015 148884 152881 
101798 122860 116179 113097 
116169 111399 133978 138812 
102961 114839 140802 127166 
159174 144126 169011 129393 
119065 135461 121514 127150 
154860 163450 144108 134322 
140722 158438 134110 132258 
136745 138665 102370 144889 
152832 108806 92113 119542 
155727 147969 114830 135893 
126063 144410 111322 123325 
102876 115593 128245 157134 
114150 150854 148557 152122 
112593 131825 143690 140425 
92475 101917 117406 113877 
117914 120870 142623 141781 
119198 118312 131404 167906 
129148 120415 150598 155032 
90058 79977 118325 106539 
142849 164528 156382 165507 
153407 166622 159430 154960 
167585 173208 180962 149669 
131957 129462 126644 131998 
172838 164925 113346 151045 
153717 146046 130574 157185 
160608 167067 125095 149981 
121942 129229 91497 118346 
193550 156735 185015 147639 
159792 143198 163259 120387 
159544 134657 155082 131788 
122283 99601 111770 92823 
154991 142475 180329 135485 
151116 123413 149989 104795 
136080 115551 169715 108057 
106160 113024 126305 95971 
176402 169186 154415 176372 
149941 153312 140970 158194 
155782 143729 146003 150630 
97576 119761 99984 120963 
140149 151581 142931 132670 
134177 124332 139850 114919 
141538 123088 123890 123943 
104963 99497 111474 111415 
170872 146399 172078 125262 
133143 96601 118979 110107 
139095 136226 157792 119414 
133720 122718 154286 97106 
140709 122996 143519 117402 
118904 109844 138598 104293 
122117 104912 136061 118813 
127071 111610 142655 107738 
150811 140294 132834 148090 
119681 126428 120448 132413 
147006 137805 139166 119214 
117514 131573 115714 135355 
121556 119050 138328 122697 
117480 118517 103455 109687 
112446 105644 119211 115503 
118740 109311 114819 109535 
101864 88961 114091 95844 
134124 105654 136287 106571 
155683 138657 145160 118472 
168863 133551 164139 134446 
106925 100716 120268 102875 
117225 95917 138216 120223 
134019 129166 168350 110005 
152518 144612 190513 131069 
94032 111846 101533 120024 
123003 139266 114562 130282 
157309 163828 158638 150990 
165922 165210 162388 156480 
103169 106933 90030 104612 
109356 114153 88503 103451 
154514 131669 120488 123070 
157573 135955 136077 142263 
151547 149478 148229 111303 
178108 164360 185011 141343 
181027 147156 182710 128549 
155483 128722 162612 115477 
122051 135151 140930 94663 
159020 163439 179296 134868 
151289 119401 162974 129277 
125757 113821 141484 116256 
133342 143570 118964 142317 
174629 160412 163666 175213 
153081 163798 148144 144835 
126391 125944 115277 129041 
119129 119340 141007 125217 
158801 143706 168009 159419 
126989 139998 134306 119439 
101337 122875 126148 113019 
166424 131445 122806 114393 
176022 148242 150991 124771 
153745 132232 132919 120304 
154293 133949 147229 132384 
141602 132984 118009 131177 
144152 133833 136351 129183 
146472 125458 113490 112976 
149666 127532 120943 128487 
154819 112857 149081 118584 
189117 131519 141883 121668 
158945 125197 132661 110042 
165156 142575 143950 118104 
111748 122761 131254 128975 
127702 127243 108496 147649 
103309 109000 108474 134143 
118016 118173 123452 129410 
145710 124451 119791 100647 
163549 143904 148045 135278 
188761 131967 142387 143175 
165849 137185 143859 142927 
131861 114254 106772 108829 
145515 138806 130608 118132 
156396 133571 142844 127777 
132135 120581 144982 117180 
136257 118606 123968 104034 
179303 136418 130065 120917 
176966 134446 143880 135138 
182462 147307 130657 112285 
91948 108459 103055 106590 
105924 108558 106620 139932 
123174 122211 125253 148895 
131956 117775 107468 130832 
156724 142500 128905 136819 
127459 103860 107419 88013 
154177 126828 129335 115996 
174731 121965 135056 133629 
145649 131412 131669 118223 
111064 113086 97621 91376 
138391 126135 114403 115869 
137721 129766 140523 123277 
172643 137151 126806 116646 
124010 107737 110569 90299 
154611 122595 137672 104745 
170392 143340 124430 134307 
124452 119741 124296 133895 
75307 90956 94108 91012 
108347 108173 128590 132125 
129980 112913 126975 133954 
151427 157098 151778 135426 
153079 145638 146488 138947 
178950 150949 156073 141266 
177556 163963 140315 126752 
174091 152703 123612 128263 
138670 128624 123551 122066 
160248 137898 143306 126270 
164795 144180 137438 135193 
188031 141355 138062 124553 
175367 126460 120861 112347 
191986 158671 139246 133619 
181095 143316 144330 138573 
120024 126132 126763 143188 
104687 106634 100550 137009 
117278 121478 111489 147655 
133772 141671 136349 128502 
91974 86185 85378 139977 
107537 96696 104973 159841 
114565 106420 110563 164248 
109599 97807 115114 178164 
120292 111579 112931 145600 
129156 149202 111739 160175 
143571 154044 126030 176943 
135367 152794 123142 177731 
94751 104459 138461 98740 
122438 115874 121142 114380 
132890 142629 166976 114350 
140984 136837 135944 120424 
103629 120752 144502 101520 
99103 117006 154176 127109 
117686 124558 176341 144710 
117001 128904 153983 118191 
92733 98179 118701 157277 
117164 104444 138107 186952 
132826 89045 116164 145918 
110885 99904 98660 149089 
122065 147601 118159 172987 
143037 162296 143365 196794 
143463 151791 114697 184395 
138710 161440 118631 174390 
131789 144995 151329 105608 
162048 161029 164143 144495 
134548 135971 159287 119661 
123771 144182 145876 107119 
116915 128047 164436 143681 
124339 150212 183628 138559 
109978 123726 176629 121401 
110221 123939 172179 152565 
133974 136498 125636 205599 
119321 116145 131948 192511 
125432 91670 124772 159582 
107208 78800 100598 147916 
168787 190705 157131 214967 
145657 155426 144021 187411 
143578 171976 128652 205189 
120837 140628 119631 165320 
157329 161114 186919 141007 
140486 144736 158559 126358 
149878 162469 173581 123010 
117770 123150 138487 106726 
152189 157203 215549 173692 
121027 147139 185862 134325 
136029 121291 188695 148415 
113516 126993 148239 117676 
137701 99096 127982 178348 
107912 93063 96976 153620 
115652 112027 110061 160625 
94311 90669 113724 126497 
155311 181235 138545 220083 
136673 156112 113477 176750 
148853 159631 133918 186331 
95518 116527 101006 145271 
159529 167134 173499 127976 
124255 138195 147853 112661 
129443 137959 172494 107238 
121319 108688 125817 94786 
138777 147757 197918 132236 
105959 129962 167953 138780 
120461 128585 181307 155176 
100591 107698 144270 116296 
