34 32 90 22 44 34 11 105 26 105 35 24 127 59 70 60
66 24 103 110 81 56 47 81 66 103 121 8 105 109 108 11
13 70 34 58 105 45 35 3 22 70 27 22 1 98 82 67
122 57 49 75 113 96 28 51 71 21 59 48 2 39 60 16
110 94 74 87 11 109 90 34 51 118 56 52 88 10 119 82
67 40 30 52 8 58 104 80 80 35 0 82 75 60 98 57
26 44 16 38 25 106 72 76 96 0 0 56 10 119 11 77
31 41 1 40 99 105 120 51 13 120 6 88 53 104 17 79
21 33 117 46 11 61 123 108 61 123 36 71 115 47 20 18
88 22 58 60 127 50 111 12 43 117 100 96 94 117 47 115
22 37 33 34 98 28 14 32 24 50 103 11 98 124 29 58
18 88 118 17 10 102 30 53 91 2 21 57 120 69 44 14
106 78 48 76 106 62 108 2 113 84 13 83 80 43 13 98
3 4 115 13 106 17 67 69 20 88 127 12 29 43 26 7
121 75 84 100 9 64 102 122 20 116 77 100 31 91 70 34
95 58 47 73 75 114 14 95 75 13 107 104 57 6 112 50
81 68 22 90 4 125 85 25 113 34 125 16 125 68 50 92
126 97 37 73 84 52 41 31 65 20 7 122 26 119 45 107
59 67 70 64 64 27 89 49 61 86 65 59 26 115 23 24
85 61 98 41 113 11 72 50 31 79 45 58 71 90 37 2
29 107 66 94 6 27 15 68 114 81 127 12 68 22 37 25
83 7 66 68 18 10 119 49 90 36 107 33 126 17 35 27
124 102 121 3 1 9 71 115 90 70 0 30 92 37 56 48
44 122 116 62 5 107 111 95 15 91 0 13 108 35 41 104
9 34 107 11 43 50 126 5 120 126 36 85 35 92 5 79
86 121 13 91 101 125 58 116 88 58 2 68 94 43 44 103
77 24 114 121 74 113 126 67 111 34 24 19 126 29 98 85
22 112 48 123 109 107 112 69 37 114 9 3 29 53 107 106
77 93 99 24 78 98 91 62 4 115 81 3 16 51 88 38
35 8 34 16 115 18 85 25 4 94 28 33 20 7 11 97
101 111 121 51 81 84 113 85 71 66 88 87 118 48 126 25
57 32 42 44 50 127 69 54 94 98 87 114 105 98 83 78
4 74 18 113 104 51 65 48 20 8 22 71 89 68 14 36
37 4 93 25 8 126 32 7 23 121 73 107 83 72 32 87
18 51 72 122 102 10 42 122 18 64 66 107 4 80 16 42
85 109 67 93 107 99 100 3 92 45 110 48 117 15 7 7
66 80 2 40 90 44 34 108 109 100 87 113 53 103 27 10
85 94 103 64 65 75 67 30 121 50 78 110 65 85 118 3
37 120 43 127 36 77 107 17 50 67 3 103 42 30 113 127
125 88 64 62 35 3 92 28 53 42 11 118 0 1 121 37
121 36 37 29 114 16 47 36 83 50 11 126 80 124 125 77
84 61 12 119 65 104 20 118 19 31 109 19 32 102 56 25
11 93 54 125 110 101 33 65 23 44 63 104 40 61 53 124
122 65 115 59 42 7 50 61 38 31 80 70 5 8 95 16
102 22 13 84 123 46 21 19 90 85 123 2 18 48 126 12
114 114 72 28 121 122 89 32 25 41 102 30 49 70 47 23
92 60 107 87 107 1 106 69 86 101 72 104 22 70 116 8
56 60 36 50 54 125 82 79 38 56 110 87 126 29 111 90
89 90 50 68 91 28 10 49 2 82 25 24 24 14 32 81
74 68 3 1 65 85 80 103 13 62 62 12 91 45 102 53
8 24 121 99 53 3 21 55 85 46 79 110 60 111 63 7
51 66 8 116 23 88 91 36 23 25 48 114 71 23 39 79
47 33 50 100 36 71 27 122 118 106 104 50 89 39 57 12
105 65 0 0 26 91 36 49 117 85 35 60 108 75 11 27
108 61 0 16 5 27 10 123 6 114 45 95 25 103 108 2
40 108 2 66 72 39 115 61 124 23 121 104 98 4 3 78
65 3 94 70 31 105 65 37 91 111 4 117 86 112 119 126
93 122 65 37 33 52 98 29 75 91 5 45 95 8 123 32
12 90 103 43 67 40 80 30 23 84 19 109 69 11 108 34
5 45 71 38 97 41 67 45 4 72 90 99 80 86 3 92
48 106 7 115 19 87 17 42 44 37 24 113 48 4 19 53
49 90 91 18 3 30 63 7 102 26 106 54 112 109 19 32
88 26 19 107 114 36 21 30 73 45 15 121 49 34 46 98
124 9 117 127 39 52 6 13 78 112 68 62 93 87 94 53
44 2 105 111 101 99 42 2 66 96 0 48 40 104 40 7
36 106 112 24 100 58 120 1 99 78 57 0 82 119 5 127
121 110 110 95 82 25 97 20 121 97 68 34 74 108 41 110
87 25 6 59 84 126 61 55 76 118 55 31 110 60 30 103
43 12 70 125 37 40 17 31 9 85 65 83 66 106 65 25
4 71 84 88 70 17 15 18 8 70 49 118 2 79 93 45
92 36 42 1 76 59 32 85 17 97 41 83 76 106 108 80
50 64 40 120 82 55 10 90 125 60 80 127 11 45 45 103
81 87 105 29 19 9 115 36 107 28 119 55 6 99 7 56
35 47 48 117 102 59 79 99 119 31 98 2 77 15 106 30
103 83 60 122 92 47 30 71 75 21 126 81 120 5 10 27
52 58 17 26 117 96 125 108 0 96 111 77 111 89 107 86
44 39 80 8 86 110 80 33 3 78 115 123 84 125 23 8
55 40 35 45 8 32 25 8 0 8 85 112 97 65 70 13
104 23 22 63 5 102 96 9 52 83 4 8 80 27 17 8
67 52 53 76 84 78 84 85 87 42 69 56 107 11 70 83
34 92 18 40 66 115 49 118 70 53 127 23 81 16 31 20
68 84 96 24 34 53 109 121 95 50 50 74 62 120 29 96
84 48 8 22 35 57 12 105 111 11 0 64 27 31 84 95
115 53 120 22 106 101 15 73 24 65 19 86 57 48 54 13
96 63 35 3 120 48 109 103 59 109 39 87 13 124 54 0
49 46 22 27 20 38 100 44 103 119 2 33 39 56 46 8
119 82 11 112 2 120 87 61 102 127 20 115 123 75 115 44
121 10 71 13 48 43 57 23 34 59 56 73 116 103 81 107
57 93 91 59 85 51 120 59 50 13 46 45 88 34 89 81
44 32 95 92 75 24 115 109 84 44 54 72 19 8 51 76
101 15 7 58 66 127 118 116 12 36 33 100 70 122 54 114
26 21 78 101 45 66 82 1 110 8 73 1 16 125 77 117
12 84 48 78 83 38 66 96 74 99 68 17 93 122 3 119
15 82 92 61 20 46 62 2 54 8 3 71 5 80 60 17
36 108 95 119 18 33 87 93 4 28 110 97 22 113 88 38
67 52 99 87 98 33 89 24 41 92 95 46 44 28 63 80
122 21 12 73 21 82 58 21 94 91 48 89 127 79 64 96
2 76 105 26 119 107 91 38 21 104 89 66 91 104 1 85
126 13 30 19 96 89 41 62 52 89 23 51 40 87 20 42
35 125 68 26 104 31 64 125 7 25 64 98 2 65 56 0
78 86 19 46 47 60 108 100 21 3 23 61 90 43 104 125
40 44 23 17 76 87 14 83 113 78 54 115 15 110 115 94
68 6 12 116 67 121 88 88 124 111 22 87 27 126 84 67
42 108 84 118 67 99 74 52 49 0 39 65 110 26 31 50
33 43 38 100 36 126 60 33 110 82 120 9 80 76 76 123
56 33 113 124 4 59 48 53 59 88 118 41 114 21 92 19
65 2 119 101 1 52 6 111 6 126 120 87 75 68 82 3
101 67 127 105 127 48 31 58 8 21 100 122 43 64 14 108
66 5 81 67 57 88 50 64 86 42 23 33 111 105 37 84
44 36 62 43 84 93 102 92 114 74 87 29 10 101 9 76
106 91 16 36 51 66 100 9 109 123 43 92 100 80 48 16
116 110 60 73 75 34 37 62 108 124 91 118 97 101 66 76
64 82 112 115 21 84 124 2 79 39 94 51 119 14 67 108
125 127 53 72 33 90 6 13 87 98 3 56 71 70 4 7
24 116 122 45 72 118 47 23 30 13 74 21 28 14 1 25
13 54 97 47 17 104 60 104 74 64 32 17 6 37 24 30
25 18 76 98 8 123 121 38 9 68 60 37 82 61 62 95
116 31 14 5 7 75 109 81 11 13 98 17 50 122 47 76
12 123 46 21 119 39 59 0 107 119 37 61 53 99 29 41
2 43 46 10 118 27 91 1 40 62 18 91 56 66 39 69
61 85 90 52 124 21 52 104 13 89 37 66 60 66 107 63
110 25 73 100 52 36 102 92 98 120 55 27 58 94 96 120
51 58 44 48 79 97 24 92 58 61 30 119 0 9 54 110
34 127 82 86 35 56 51 6 49 106 33 107 73 1 99 124
59 16 44 10 113 68 103 43 2 5 34 2 15 88 112 49
87 66 8 123 123 59 1 44 37 34 23 110 35 123 107 94
11 23 104 124 92 79 39 94 85 74 96 100 34 80 21 122
18 29 117 13 88 118 57 126 24 81 108 59 76 87 25 87
67 27 1 38 87 44 112 87 2 14 21 61 81 33 111 26
0 83 115 117 33 106 39 119 117 3 63 33 100 69 122 39
96 123 77 55 39 61 14 41 76 36 102 29 69 85 55 69
40 43 58 74 21 98 65 10 101 0 44 73 69 38 112 37
33 61 93 72 122 107 113 70 15 87 99 84 45 27 25 85
70 84 31 91 54 96 102 27 96 18 100 37 56 84 75 89
17 40 33 11 19 18 82 35 105 53 119 22 80 17 108 22
101 11 114 27 108 88 54 76 106 26 114 34 110 61 123 127
101 28 10 120 46 92 27 23 18 19 46 98 36 26 121 9
37 107 36 17 67 90 94 45 116 80 79 98 13 74 97 114
102 107 106 20 72 6 43 90 25 89 60 61 115 53 70 25
32 106 42 99 68 8 16 56 88 95 26 101 41 123 87 15
102 66 35 46 72 79 8 97 40 69 30 28 122 100 53 27
78 95 126 18 104 15 74 64 110 100 38 24 95 125 39 69
63 75 116 7 26 124 104 66 65 6 94 60 106 19 87 56
115 85 74 91 100 20 27 83 120 65 107 87 63 18 29 126
93 17 6 119 13 110 58 79 117 24 11 95 44 98 24 31
55 98 122 28 119 21 111 111 87 90 71 22 108 100 20 74
117 26 65 2 9 123 81 126 20 92 93 64 62 117 95 118
88 89 18 79 110 1 62 69 91 5 91 71 105 112 17 94
10 83 97 19 78 50 17 98 15 111 34 77 100 1 67 60
90 85 11 73 86 74 14 49 79 106 121 57 90 10 23 100
93 120 120 44 43 9 14 58 120 49 7 93 50 75 25 13
32 37 86 119 111 100 40 62 78 33 119 40 44 15 13 9
7 5 53 50 14 68 108 7 117 116 100 39 63 125 52 95
34 10 86 17 111 127 80 61 32 71 102 76 86 115 86 94
120 11 16 6 79 125 13 68 113 113 108 48 111 32 15 17
43 102 35 26 101 115 87 5 58 61 82 17 48 40 111 40
51 127 47 3 124 60 71 109 46 51 29 29 84 45 46 127
19 81 25 120 68 112 125 127 46 79 16 94 119 127 7 43
126 54 46 123 114 117 104 32 41 6 61 125 51 108 124 70
61 21 62 2 5 59 1 51 11 17 18 2 16 25 45 14
45 71 69 59 86 53 116 25 32 77 6 23 65 94 104 25
52 73 125 10 37 78 89 24 25 1 18 8 94 76 119 12
20 60 71 106 113 59 3 17 9 9 40 74 103 17 99 28
90 96 38 0 46 127 24 72 0 43 80 94 119 71 106 11
3 50 117 117 109 121 6 118 2 47 64 106 64 35 6 26
3 44 26 50 43 51 122 43 94 74 9 85 18 116 97 21
38 86 10 19 79 17 10 82 64 74 60 0 110 66 26 113
110 53 35 25 104 29 68 70 104 77 27 122 65 124 15 103
83 26 123 34 43 5 116 107 79 48 107 61 114 5 47 96
58 82 121 34 112 61 104 88 11 4 82 76 0 97 52 83
123 47 118 38 52 106 17 3 27 124 65 13 2 112 110 60
66 103 95 50 37 71 10 48 75 92 124 76 62 48 31 57
95 21 96 19 0 113 23 27 110 88 40 112 72 22 44 10
126 11 61 35 83 71 83 30 36 79 106 98 0 10 27 95
31 123 115 31 109 10 58 91 98 99 75 42 121 119 52 119
3 113 26 86 57 109 116 93 61 95 63 61 105 90 28 8
86 15 40 67 25 98 30 123 69 105 37 63 96 90 54 99
75 81 57 4 62 46 97 123 13 32 56 118 123 85 126 81
100 38 20 126 9 50 121 78 27 31 13 123 121 68 95 68
21 24 73 83 70 42 79 83 75 7 73 70 92 72 23 65
110 43 63 119 93 56 70 120 87 83 115 80 23 82 21 44
107 94 0 49 8 79 5 83 86 78 25 51 22 48 116 5
91 51 124 56 107 66 48 67 22 36 19 45 118 40 90 97
6 90 19 15 41 24 98 127 102 124 50 125 44 38 2 8
89 126 64 69 65 113 8 87 21 27 4 11 68 94 109 74
56 0 89 97 24 60 97 126 56 19 123 100 58 125 108 19
124 45 88 61 30 96 20 51 124 24 62 64 119 43 10 47
43 100 17 67 32 114 66 88 5 61 60 63 59 41 83 55
86 43 116 116 12 8 39 8 32 101 72 23 17 82 71 60
54 88 0 86 74 66 46 79 127 107 15 58 20 98 113 106
13 101 94 25 109 5 33 14 106 105 37 123 60 108 56 114
68 56 73 14 122 119 94 121 98 109 52 118 79 37 96 92
115 111 19 46 44 73 59 100 60 109 57 23 78 120 83 72
97 60 76 49 120 102 121 103 36 103 124 83 27 102 117 14
86 9 60 2 82 119 102 14 101 32 38 51 24 121 123 121
53 72 43 45 46 36 20 82 11 16 37 38 119 27 52 77
36 113 79 118 104 54 5 77 86 43 1 110 36 124 104 89
68 19 6 114 55 26 68 67 42 106 105 33 5 30 110 41
15 62 31 119 116 36 69 74 79 70 56 115 66 32 76 7
51 82 121 107 108 62 46 23 40 23 56 45 53 39 86 68
101 117 60 89 26 1 35 105 71 91 93 9 124 41 16 47
124 10 26 104 72 72 127 112 96 56 29 21 95 115 90 68
104 22 29 2 23 64 108 94 27 73 103 23 114 120 71 110
2 97 87 74 42 86 58 10 14 87 31 109 74 121 49 50
15 78 53 38 14 33 4 42 106 108 65 92 100 8 75 102
106 34 48 20 120 106 30 7 65 61 116 11 55 38 61 70
116 114 109 3 19 113 45 125 93 110 90 65 119 37 39 97
71 87 117 63 65 19 70 2 80 59 13 7 97 75 78 85
61 59 88 81 44 5 78 10 116 40 75 107 77 115 76 20
74 65 84 12 84 26 14 36 85 28 44 54 103 122 12 36
53 100 117 97 106 68 107 94 108 55 73 58 42 21 78 116
86 34 0 42 61 15 78 18 43 122 73 18 116 85 54 41
57 44 11 35 112 118 1 92 45 74 22 87 95 101 76 53
7 76 95 68 91 46 87 6 40 32 24 29 117 79 70 46
123 81 82 107 72 83 71 117 30 94 77 125 67 25 51 74
101 18 15 65 64 102 71 105 6 96 6 123 47 76 41 42
30 123 21 102 79 92 91 109 58 40 106 125 65 29 72 39
48 87 104 112 61 47 89 67 15 95 62 62 44 103 104 74
99 125 48 50 90 11 31 20 52 9 18 117 39 90 28 87
49 4 71 110 52 33 49 67 0 111 2 44 86 106 118 57
104 38 107 66 50 10 86 102 20 104 91 59 66 120 18 115
124 89 97 48 122 18 116 123 1 118 39 88 96 30 17 72
68 125 10 118 7 97 92 27 73 56 86 12 48 104 127 44
66 97 93 60 115 81 55 117 71 95 77 39 125 94 112 65
49 107 72 46 31 127 3 88 121 72 58 37 111 42 28 97
79 61 27 26 13 102 106 30 9 8 26 37 41 102 112 90
81 56 9 113 56 12 73 49 84 3 87 68 45 115 37 125
48 64 23 61 38 1 91 47 10 117 84 51 91 68 13 45
125 22 30 53 34 103 102 119 106 61 59 23 48 96 20 96
33 43 29 71 45 121 119 55 110 75 106 74 16 119 119 13
14 21 66 48 124 40 39 102 102 98 125 22 67 18 119 100
61 20 43 106 13 34 33 124 110 11 70 126 3 61 11 17
82 77 65 78 117 105 52 91 75 49 114 14 67 105 114 1
125 30 107 11 64 13 7 46 24 77 44 27 10 55 44 92
4 110 42 122 87 94 85 34 15 71 49 83 48 35 84 46
65 63 57 2 76 64 48 101 13 93 0 23 20 45 115 25
27 29 19 114 123 104 20 10 48 69 93 96 105 49 14 42
113 71 44 61 7 93 34 20 58 35 43 78 80 30 103 107
59 122 93 54 99 113 65 19 55 30 115 32 80 2 74 65
73 119 126 81 84 33 101 14 68 17 92 20 47 68 127 107
62 92 33 33 77 98 52 4 1 40 36 81 42 111 18 115
102 16 68 58 49 42 72 117 59 36 9 106 104 8 85 39
100 119 72 50 89 125 54 90 37 91 43 79 74 61 66 48
78 7 106 127 49 50 117 108 86 126 86 63 7 44 102 107
35 46 29 124 43 84 87 80 47 2 31 121 64 98 41 14
105 19 13 26 69 2 6 27 1 92 90 8 8 64 115 43
111 17 40 26 101 127 107 20 1 10 13 65 108 54 79 85
73 93 111 14 95 117 41 96 82 4 104 90 68 92 6 51
109 46 78 82 45 57 102 46 67 115 112 48 41 63 5 114
28 117 0 124 106 41 92 60 45 69 23 114 33 29 37 14
75 115 96 120 44 70 38 112 57 22 32 98 86 37 84 114
26 84 110 5 125 75 65 43 16 88 29 49 117 66 63 64
54 31 56 98 101 95 82 30 117 114 0 75 24 84 62 50
40 44 55 37 119 121 80 7 81 109 56 71 48 119 7 102
22 64 72 123 31 27 25 20 13 25 96 37 109 30 88 21
74 15 59 66 8 11 73 90 121 2 33 41 121 40 15 16
56 84 9 30 58 8 25 57 97 90 19 44 45 30 88 27
24 15 49 112 86 74 53 79 102 58 68 42 98 48 107 26
4 116 57 62 124 82 119 93 44 11 10 90 41 98 117 66
114 39 50 72 113 104 23 88 34 91 2 5 12 109 31 16
97 88 79 94 43 70 59 87 81 69 49 123 40 39 61 26
78 111 98 63 87 121 23 122 85 26 127 97 7 30 113 105
119 64 71 34 7 2 121 88 72 43 83 112 82 16 10 32
0 108 95 87 101 119 81 58 17 80 27 24 111 13 1 102
77 72 8 84 75 1 45 19 44 0 3 126 17 13 30 17
121 126 104 94 117 58 25 6 10 52 30 121 65 32 95 15
104 103 99 51 105 16 70 21 17 73 20 34 86 50 51 79
48 27 46 37 85 71 43 96 123 74 89 61 106 57 76 82
32 47 6 9 64 76 31 81 22 51 115 108 101 38 60 22
65 106 59 23 49 103 119 44 49 80 105 27 9 53 109 42
101 115 51 37 64 82 118 86 5 105 66 107 15 126 1 80
104 60 103 25 35 94 70 84 47 47 111 56 101 93 98 74
80 22 111 16 104 101 102 110 78 41 89 93 39 90 45 16
22 21 41 58 115 111 14 34 31 126 91 4 91 61 78 43
83 61 60 60 34 34 42 112 75 3 77 115 93 122 3 115
15 44 45 3 28 60 37 59 58 0 63 21 62 13 64 17
74 124 77 108 31 119 92 106 122 41 93 87 35 96 75 51
13 120 54 41 52 91 100 110 92 35 3 26 48 68 43 122
64 121 102 95 112 66 74 107 107 39 66 14 8 13 65 21
6 119 62 58 83 34 41 47 69 44 73 117 112 116 111 49
109 85 16 94 23 90 73 2 2 11 16 10 25 82 31 31
73 93 89 28 127 2 75 68 47 20 57 31 9 40 80 118
125 97 84 20 59 29 22 61 41 38 71 66 120 102 97 66
67 58 94 66 61 42 6 108 62 63 11 71 103 92 62 100
61 18 120 120 48 14 54 89 53 125 27 45 100 124 111 39
54 78 106 115 120 112 95 54 48 107 126 23 71 60 124 4
78 116 124 126 3 50 87 56 48 114 101 20 110 85 59 37
35 37 24 27 22 120 81 70 99 79 93 42 11 89 46 90
95 42 108 12 12 66 123 58 75 27 20 88 96 11 86 99
100 68 50 22 72 26 52 46 52 120 74 104 78 27 48 45
69 28 57 81 95 53 11 42 80 31 2 48 42 89 20 14
29 70 36 102 96 88 20 20 81 94 124 31 121 45 77 63
73 6 16 40 59 28 83 11 59 85 60 102 46 80 116 76
22 25 50 118 113 70 10 66 36 6 98 30 51 47 93 125
53 109 37 113 9 120 124 69 78 56 43 124 8 31 72 30
56 122 20 42 64 30 108 101 37 78 3 88 125 96 85 51
77 123 36 87 115 32 28 65 89 71 62 97 102 6 0 31
1 20 73 65 51 53 38 88 4 41 48 1 9 6 52 87
1 88 46 116 121 74 54 82 17 116 51 119 122 51 22 123
72 95 61 123 21 99 83 25 13 3 26 22 9 79 109 10
39 27 127 32 101 53 114 118 41 38 110 35 89 4 31 33
100 92 28 121 63 111 18 76 115 44 99 124 123 80 7 35
108 6 67 81 59 54 72 100 92 54 7 53 58 38 87 30
2 115 23 66 99 41 14 86 86 113 82 81 66 89 116 46
95 56 127 26 110 71 126 74 125 6 127 56 44 86 86 47
74 110 113 45 23 127 3 109 113 85 63 51 47 51 97 14
107 96 41 89 40 39 35 37 45 35 93 90 121 52 9 67
34 122 112 57 121 115 39 106 73 102 29 120 25 126 6 5
95 47 94 7 87 2 44 4 37 10 94 30 62 103 98 96
97 82 25 91 70 64 69 15 38 99 7 64 97 13 69 64
61 35 71 20 37 116 24 74 126 119 105 60 94 75 28 64
29 53 27 99 118 96 114 28 67 121 92 37 7 33 101 68
69 45 88 106 33 112 53 31 103 30 91 70 105 119 6 6
44 33 106 34 1 92 63 69 86 27 106 93 61 79 33 2
124 121 108 29 105 33 60 81 63 23 23 40 14 29 47 59
62 25 93 63 117 28 4 75 56 110 40 117 62 73 119 58
66 99 88 44 5 20 125 68 44 20 109 58 49 28 117 111
53 83 46 42 111 51 118 39 33 30 28 95 104 19 26 42
119 114 86 124 6 83 64 50 103 45 109 24 73 98 7 126
53 54 41 37 105 31 76 10 61 105 106 37 124 4 80 115
