18 63 101 27 55 14 89 58 41 117 41 61 20 61 89 18
71 31 22 116 93 7 65 79 16 3 95 90 24 66 92 42
1 65 69 56 80 30 114 121 19 27 54 39 89 15 58 32
47 80 20 12 87 86 91 104 89 59 66 113 125 31 27 126
96 96 54 48 126 41 42 17 68 96 57 29 112 115 61 31
67 82 43 26 40 7 2 1 66 69 115 63 100 14 61 68
111 115 117 109 28 31 127 97 127 56 126 111 43 60 14 110
14 58 8 54 65 11 55 3 80 42 66 52 57 127 120 40
114 109 21 15 12 20 112 12 76 110 123 119 42 10 101 56
68 110 110 5 121 38 8 73 80 74 125 9 73 117 49 59
99 71 74 111 91 58 123 40 41 119 31 83 1 5 12 69
115 122 74 108 32 82 53 113 28 50 122 101 39 44 32 10
115 107 122 78 37 117 118 78 108 22 34 109 27 46 50 14
40 124 122 73 78 47 58 106 97 52 79 8 96 112 19 83
91 13 34 0 2 24 79 111 46 113 92 73 31 15 87 71
11 81 16 90 0 74 68 97 127 20 106 95 4 125 51 95
10 85 95 12 109 46 123 28 31 88 101 62 103 61 6 114
14 22 76 15 97 17 112 96 37 90 63 41 87 114 8 97
71 103 110 53 22 105 81 53 65 54 116 40 115 122 27 2
16 103 17 113 120 1 81 29 92 17 70 51 3 78 21 75
54 3 0 76 108 81 1 46 7 117 86 123 111 113 125 0
89 14 113 81 15 67 111 107 84 53 31 87 4 52 34 58
55 34 6 35 115 7 81 123 125 40 118 108 25 115 108 114
1 94 68 16 33 51 124 117 104 27 76 108 79 111 38 6
17 44 41 5 52 123 0 49 35 118 29 60 105 10 47 106
104 115 122 9 38 118 126 14 17 74 123 96 57 33 102 75
78 16 80 2 11 80 51 46 70 80 106 47 90 25 25 66
12 19 75 50 10 73 65 27 20 60 124 77 93 98 24 43
114 104 45 125 56 96 43 126 49 22 45 11 47 70 78 60
90 25 110 100 99 47 127 119 107 123 68 73 94 93 116 80
69 34 78 126 2 121 124 51 15 42 63 63 112 13 123 74
38 105 46 9 25 46 0 4 41 69 77 7 34 66 88 103
49 23 63 114 41 63 0 44 60 115 127 127 92 18 83 83
18 57 37 5 79 29 60 56 81 47 9 44 34 75 19 83
98 82 69 11 17 69 55 77 56 54 76 21 73 31 104 91
89 13 96 40 42 29 96 123 76 106 39 110 53 58 65 23
13 6 34 30 76 89 108 4 16 56 25 89 88 2 52 49
15 21 89 58 50 58 53 126 36 93 109 89 23 46 112 36
53 18 67 1 107 47 5 123 103 31 84 63 33 9 112 48
30 74 106 80 4 32 78 40 125 59 1 20 106 113 57 31
3 124 32 110 43 37 106 18 68 62 82 101 71 66 22 101
12 0 53 16 32 4 56 29 63 57 50 41 42 107 72 45
103 104 28 18 14 6 36 82 68 118 56 12 57 78 113 69
78 39 86 111 43 14 12 106 72 62 20 114 41 92 32 16
69 60 34 83 66 71 37 6 61 93 18 118 43 4 60 122
43 18 105 86 32 117 64 104 52 84 91 93 49 123 110 118
55 16 73 121 87 110 127 21 76 18 11 119 22 71 113 65
89 90 23 122 80 87 98 4 44 61 97 93 56 79 83 111
96 28 104 55 10 104 76 86 122 88 78 16 31 63 81 121
26 104 115 106 63 85 110 107 19 79 72 75 31 27 59 127
55 35 54 66 11 3 24 5 91 102 21 122 38 102 115 64
78 102 42 14 60 24 121 79 103 66 26 6 93 85 5 21
121 60 87 4 63 111 10 26 86 31 20 124 6 8 60 84
110 102 98 42 126 92 121 101 30 20 108 123 105 113 16 98
45 103 103 108 87 113 6 45 16 27 41 22 35 101 107 17
75 77 60 73 41 53 46 71 73 26 67 51 12 83 21 57
59 124 38 18 109 44 63 126 71 104 20 106 77 127 124 24
77 56 97 118 109 15 62 55 42 1 106 54 84 127 111 15
124 21 33 105 66 96 103 9 72 124 116 21 123 112 45 72
40 14 63 21 30 125 76 72 126 54 126 82 54 109 98 50
3 3 27 69 100 3 78 44 127 66 66 122 50 111 67 90
126 2 112 28 127 60 100 125 115 98 79 41 79 49 91 82
53 118 23 25 121 102 69 120 40 7 115 91 119 54 53 117
56 37 17 55 98 117 52 85 87 3 126 38 53 89 121 106
91 42 33 5 48 73 77 121 107 50 76 107 13 22 5 124
119 93 77 94 9 114 68 90 10 26 126 111 91 125 27 54
39 60 59 87 5 8 80 113 58 28 92 72 50 97 68 41
63 18 7 72 4 76 34 15 102 33 126 65 30 25 119 69
86 51 28 91 59 108 76 118 8 40 62 59 10 2 100 73
20 108 17 25 56 52 40 30 85 38 96 115 64 87 56 22
10 84 113 70 64 62 60 72 102 122 3 112 124 104 57 17
84 75 42 12 127 82 42 84 120 10 71 56 98 127 78 108
83 64 50 19 126 110 91 100 104 95 85 101 71 14 118 27
89 32 39 88 114 81 44 106 92 115 35 62 114 113 42 69
49 93 88 47 75 52 20 52 19 105 25 90 119 15 117 81
47 28 41 33 109 86 11 73 73 46 7 60 32 50 1 81
15 90 1 90 14 21 14 33 126 39 123 117 54 112 70 101
12 112 6 121 70 18 67 15 64 74 75 96 124 77 50 11
39 51 102 53 72 116 86 70 28 81 59 82 65 2 56 77
114 62 70 56 80 9 71 17 84 19 113 80 96 35 92 7
86 66 60 30 54 18 100 82 99 32 37 36 34 93 113 20
27 55 76 108 65 19 125 21 38 110 101 6 18 65 13 104
3 73 7 58 91 107 12 62 11 49 98 45 14 83 65 42
11 13 22 76 33 19 97 71 1 70 78 19 8 91 124 11
37 3 69 0 110 82 63 122 3 33 39 18 117 105 60 0
118 82 76 23 101 45 95 102 115 45 122 123 8 118 7 45
121 76 46 103 30 109 97 34 14 9 52 3 114 112 3 104
66 79 0 39 124 95 13 112 12 7 107 20 125 114 66 118
63 112 94 93 93 63 127 107 72 51 111 58 35 114 35 101
66 35 12 62 2 26 46 14 33 26 34 31 12 100 21 75
84 115 41 49 51 40 29 123 92 12 54 127 126 89 101 64
124 113 127 126 11 45 12 45 71 46 76 84 19 97 31 103
85 72 25 8 113 54 3 77 66 57 76 64 18 49 1 14
35 0 12 46 45 24 91 117 71 39 73 90 9 104 65 94
49 90 102 34 16 105 111 82 35 59 19 53 109 20 68 16
20 80 62 65 105 26 54 48 65 127 10 74 104 75 40 25
81 64 80 74 64 83 38 88 122 118 107 14 46 111 53 92
115 14 61 75 25 76 47 0 45 31 115 41 8 45 13 89
109 93 35 45 48 73 5 42 63 112 57 110 95 110 74 82
124 8 29 21 84 77 21 1 108 8 42 116 53 55 77 34
20 113 79 68 58 84 111 122 68 40 104 36 22 50 118 18
58 20 39 14 97 60 15 77 69 57 65 122 112 14 29 4
127 108 73 58 65 56 52 5 96 28 41 118 78 32 8 9
52 47 23 21 107 39 98 48 96 35 43 81 49 72 85 49
52 30 107 117 86 31 123 54 59 36 44 9 68 52 18 120
99 42 13 79 81 111 127 49 18 42 2 68 114 88 117 39
118 96 28 77 127 23 3 58 60 48 67 0 100 86 121 72
0 6 23 81 118 22 2 8 65 5 76 51 93 65 90 83
33 119 32 32 14 36 90 74 84 30 75 56 116 68 0 116
74 23 69 64 46 71 73 111 76 21 34 41 87 125 125 120
116 29 25 2 65 115 77 21 17 24 78 5 92 78 121 38
102 62 103 20 6 48 3 82 69 37 124 28 34 121 21 22
22 46 25 88 33 102 109 51 126 59 56 90 10 50 0 112
112 103 4 118 23 7 73 93 44 69 121 79 62 14 101 84
60 126 44 94 100 26 17 98 85 73 60 95 123 61 79 108
36 83 98 60 90 43 25 7 112 18 86 46 33 59 3 93
58 47 59 30 73 76 1 31 22 61 126 17 122 78 125 31
33 96 91 124 11 116 3 124 6 89 42 39 20 45 5 78
93 64 109 38 13 110 69 35 43 68 52 38 18 50 69 51
18 32 47 29 20 50 25 26 11 68 66 32 113 71 110 78
7 91 117 20 73 58 55 117 126 108 27 16 30 96 68 48
0 115 77 20 38 103 46 49 43 112 81 28 55 64 107 63
27 96 83 101 26 11 90 25 119 117 41 21 85 109 69 85
97 18 105 7 121 23 56 36 8 10 65 63 74 44 126 101
12 82 74 38 93 36 63 84 25 105 105 110 86 46 67 55
64 44 62 58 68 119 94 76 1 31 11 75 75 10 48 87
92 123 126 57 31 61 13 57 38 118 39 125 36 107 52 100
23 115 30 91 106 125 39 107 28 51 54 104 61 102 63 25
25 111 19 23 25 43 56 40 84 73 83 10 55 9 44 86
14 44 126 75 47 60 74 64 96 29 63 32 118 46 122 16
29 13 39 54 57 95 95 13 40 50 23 95 60 67 53 74
111 52 21 30 112 96 94 80 125 29 112 116 76 106 4 105
119 43 32 48 10 127 61 50 49 84 17 109 23 70 56 6
122 77 37 106 45 3 58 43 33 42 31 109 20 35 86 12
78 118 60 88 117 122 10 39 78 27 20 102 97 76 108 92
26 17 70 71 21 1 114 54 43 17 35 64 52 121 76 2
112 8 90 101 2 100 12 81 127 33 55 97 109 35 61 7
53 3 79 74 4 65 0 48 83 35 112 7 28 60 10 12
68 100 114 71 73 126 24 72 31 79 41 13 114 102 20 39
106 99 113 110 37 113 30 120 20 14 127 49 74 9 61 15
110 47 86 55 46 110 127 77 61 41 90 47 15 111 87 121
82 72 104 119 58 6 111 78 21 111 127 95 120 61 110 102
108 68 29 26 50 29 104 111 70 66 31 85 49 118 79 4
62 55 123 120 61 107 71 82 90 70 50 82 3 32 57 112
101 86 10 23 115 114 7 57 53 38 15 102 28 94 106 90
21 102 83 82 81 26 37 43 96 87 125 100 119 54 84 92
13 94 116 0 81 123 58 6 33 73 108 61 39 87 23 60
61 106 14 14 4 51 57 101 10 54 73 2 109 29 94 122
123 82 122 76 77 52 82 110 125 63 43 36 22 67 96 83
45 111 97 50 34 26 23 45 80 96 47 61 125 13 55 120
96 50 69 45 102 23 28 100 86 71 8 108 10 105 63 56
88 32 106 122 58 1 39 11 97 86 72 94 100 0 86 68
50 27 113 24 51 13 124 9 85 5 118 95 110 53 23 70
86 1 64 16 2 104 27 99 62 100 65 34 100 24 102 22
51 88 46 102 101 43 112 58 48 102 26 30 27 49 100 113
51 36 2 53 12 29 25 75 1 90 109 101 114 84 123 38
44 42 12 17 85 124 76 5 98 102 35 126 23 7 111 74
43 113 0 56 15 25 3 16 115 112 118 102 68 113 12 112
27 24 2 112 21 78 117 119 52 24 117 75 31 101 22 75
86 22 3 101 47 6 118 34 118 108 8 59 93 20 43 121
93 67 1 16 1 15 17 126 64 80 52 105 21 41 15 104
90 81 59 9 45 82 25 54 20 105 75 105 117 40 26 82
107 27 98 108 43 116 107 107 68 31 84 89 72 99 65 34
53 124 44 98 78 69 24 98 46 99 75 35 11 101 118 118
1 88 99 44 76 78 23 16 109 107 105 54 79 43 88 4
39 4 102 118 73 126 88 119 98 36 27 109 9 17 100 10
105 71 54 54 21 77 70 2 57 48 56 8 91 17 12 2
21 114 120 95 112 81 86 82 117 113 64 126 2 36 9 108
107 63 34 0 13 104 2 70 24 59 78 115 76 90 118 97
76 110 64 60 63 23 15 52 8 79 51 11 115 60 119 94
123 25 94 8 1 96 78 26 27 28 13 103 118 3 73 66
114 9 127 49 32 14 102 41 93 25 52 80 85 43 46 80
68 12 89 69 108 39 95 8 68 109 111 58 112 56 125 98
66 124 20 98 10 122 11 103 19 63 55 104 106 101 56 46
113 17 116 93 57 83 101 125 64 85 55 49 13 52 19 79
48 39 50 58 33 61 33 52 125 88 28 103 61 85 22 46
102 10 12 31 93 113 28 30 70 84 79 84 8 98 35 57
10 85 115 43 19 21 96 16 109 124 119 43 81 13 89 56
23 101 87 117 87 116 19 29 72 98 113 80 68 21 9 78
106 125 122 125 18 90 13 127 86 5 42 40 18 4 96 42
105 55 31 64 43 50 94 115 20 79 68 88 100 77 39 79
74 33 76 92 123 90 92 81 95 6 121 113 10 89 27 116
17 58 52 60 108 18 48 0 98 116 89 70 65 0 21 12
33 98 104 28 60 68 109 27 75 103 12 85 64 40 73 81
98 126 14 79 16 62 79 114 50 40 57 115 40 78 127 73
48 104 101 108 44 83 7 119 58 20 77 122 60 22 76 30
20 90 109 37 24 61 23 74 101 80 61 14 31 61 87 79
37 61 60 81 16 67 73 74 87 22 68 19 44 16 50 65
106 31 102 2 92 125 76 66 78 10 80 109 71 39 60 108
100 120 61 116 60 6 62 19 28 3 39 73 19 89 10 126
120 112 0 85 109 77 23 59 87 103 40 30 14 101 10 115
93 71 103 25 78 38 45 106 41 84 51 60 45 61 58 37
119 83 113 20 10 23 29 90 88 66 124 44 110 125 39 21
91 29 84 14 112 16 15 81 68 82 48 56 0 8 55 120
91 40 12 101 63 42 64 23 108 60 68 90 57 107 111 20
9 67 34 121 83 50 74 23 4 122 80 5 2 7 125 93
47 9 67 111 51 3 6 31 63 74 121 121 54 104 13 63
43 48 56 127 98 2 22 102 124 102 107 126 109 104 91 29
114 30 12 37 33 18 69 97 93 62 90 19 39 103 82 82
23 10 81 121 12 104 96 8 78 75 6 60 52 97 89 38
0 101 75 33 119 16 2 84 79 92 103 118 68 57 72 91
67 26 85 79 2 53 87 80 0 93 12 52 63 101 90 63
74 38 96 66 54 99 22 5 63 126 123 3 55 68 95 123
94 52 74 96 105 34 48 105 127 61 30 62 34 120 125 109
30 94 47 85 65 69 90 0 67 86 4 123 26 99 118 120
23 64 88 0 98 8 105 98 69 7 32 104 0 30 85 30
124 4 115 61 73 78 61 13 36 65 8 62 36 126 54 59
62 14 59 33 22 37 3 92 44 35 68 44 65 25 75 61
29 62 122 102 12 56 115 48 121 123 110 30 121 36 89 56
50 21 89 73 58 92 37 102 127 105 19 65 2 94 126 31
28 121 5 41 49 121 89 42 116 72 72 110 108 34 38 31
55 127 104 113 91 13 87 90 118 106 27 120 72 26 23 101
19 28 14 68 21 103 110 10 47 55 120 28 89 30 59 16
29 35 1 120 48 88 82 38 67 110 30 11 8 53 112 27
81 126 95 103 102 77 113 21 4 105 49 93 7 108 109 36
15 110 28 63 71 110 101 10 92 3 21 100 56 6 127 10
4 94 113 106 44 98 0 48 75 49 14 82 30 123 118 45
106 18 109 49 0 82 59 93 86 80 65 14 86 65 24 91
31 9 69 75 107 69 124 54 119 10 8 21 5 126 66 111
16 47 32 17 2 91 110 88 44 47 102 2 112 127 93 16
8 35 91 116 104 87 42 95 97 51 116 103 49 55 86 66
102 119 83 104 82 65 64 126 112 39 1 97 38 94 113 46
1 76 34 106 36 77 73 5 0 62 108 49 117 67 115 91
58 70 68 12 7 4 11 120 43 12 89 81 106 74 0 108
6 123 81 7 38 17 62 33 90 38 25 23 103 85 23 72
96 120 121 98 82 100 3 111 92 14 7 126 0 92 68 7
87 21 14 125 39 76 30 1 115 55 24 90 12 48 34 109
40 27 79 123 0 82 106 92 96 113 90 97 77 30 104 36
52 118 33 91 66 64 92 53 119 117 16 4 37 50 113 77
78 64 72 78 19 50 42 115 35 4 84 112 34 60 20 86
50 54 49 117 118 14 42 109 3 58 113 40 109 98 117 59
35 62 9 54 112 51 41 20 55 126 4 89 58 25 48 109
79 97 98 69 111 12 50 114 71 36 26 52 6 16 111 41
78 120 95 62 43 9 82 98 7 87 59 65 112 107 46 63
77 16 4 60 29 54 47 100 90 73 24 97 89 7 10 39
127 106 102 42 115 56 12 122 15 71 59 127 51 106 62 0
122 66 60 23 121 107 123 83 53 19 52 14 26 63 54 25
41 28 67 28 84 79 22 100 23 81 99 74 59 34 74 54
100 6 77 93 114 73 49 39 92 101 53 119 36 107 16 77
7 84 105 92 35 127 64 58 81 35 4 12 69 78 66 42
85 16 7 71 89 56 110 53 30 35 44 66 15 61 16 22
17 121 114 52 121 50 111 74 86 115 86 27 66 25 69 23
41 77 94 2 5 76 55 35 111 100 102 126 33 118 21 50
111 7 102 104 58 85 50 16 73 9 43 11 34 113 34 75
62 0 77 67 76 4 103 59 104 77 58 9 67 79 59 50
86 34 27 16 119 77 32 64 86 76 75 120 61 109 67 123
109 16 62 57 21 37 117 125 114 47 7 53 126 66 104 84
100 3 101 92 80 5 28 39 81 104 31 14 85 99 9 67
115 72 124 8 109 113 6 96 32 13 21 30 79 125 115 52
0 88 16 81 93 44 120 47 20 23 61 106 122 71 45 110
15 41 118 124 27 124 92 59 9 114 90 89 111 77 13 112
37 29 65 2 73 57 49 94 80 111 72 75 54 117 57 69
30 47 65 57 44 30 117 53 16 79 14 127 28 27 111 65
56 48 67 2 105 117 96 58 100 40 5 26 29 62 95 59
109 32 117 25 62 106 79 78 57 93 78 85 121 61 22 49
110 89 51 87 78 19 17 50 59 22 76 88 84 43 20 66
21 99 14 118 86 57 55 114 91 26 63 47 99 114 46 46
5 87 48 57 31 38 23 26 38 124 94 98 12 53 120 33
24 6 23 110 64 79 97 27 105 32 75 76 18 121 122 23
80 42 80 111 81 104 9 119 100 103 89 112 28 81 17 53
88 40 35 24 119 4 51 96 37 126 44 55 119 39 79 71
81 31 54 34 7 63 26 107 38 115 91 67 69 108 120 29
21 27 53 12 32 104 109 69 103 25 124 94 64 75 38 18
107 92 52 114 28 78 94 66 66 57 5 7 38 125 36 59
25 89 71 57 65 52 126 40 78 122 7 14 70 45 32 49
9 85 35 37 35 1 104 101 59 109 108 97 107 16 28 4
105 99 61 43 24 59 83 102 53 90 116 123 7 21 44 17
106 80 54 13 81 30 115 12 12 95 109 119 112 9 123 89
109 56 4 5 115 88 107 40 50 95 36 58 116 80 75 94
32 1 108 114 32 95 126 44 62 108 35 46 117 30 8 98
86 12 103 73 100 82 113 23 50 21 81 38 102 28 5 6
29 113 120 61 80 119 105 14 99 12 61 88 42 69 59 0
81 34 73 54 117 59 77 39 80 30 77 54 58 82 61 87
67 53 21 19 44 126 34 15 11 95 104 53 36 35 54 117
69 127 43 58 58 120 97 11 22 47 65 80 1 126 40 69
52 61 88 96 59 122 112 70 89 88 124 125 123 50 115 64
49 30 123 108 23 92 119 45 11 56 126 13 55 38 82 107
99 42 75 30 37 59 101 126 19 97 124 14 19 111 79 68
13 74 48 36 38 39 82 50 96 80 63 23 118 17 2 89
59 77 119 96 9 92 95 28 61 91 43 80 74 122 21 87
68 69 124 106 109 78 28 77 30 91 100 20 108 102 109 40
51 100 8 60 65 103 89 126 66 4 79 12 126 100 100 66
41 96 44 22 46 73 99 76 36 71 96 17 45 77 57 97
49 65 29 114 41 118 113 107 122 64 120 120 36 92 58 77
60 103 100 106 48 71 54 84 15 22 101 60 99 30 29 20
96 59 7 9 49 120 116 44 56 108 36 92 72 95 41 4
70 13 110 118 85 36 74 100 58 48 32 29 78 62 50 46
121 57 55 42 49 44 86 105 24 123 69 97 90 110 101 32
76 41 108 93 6 80 120 26 26 116 57 3 72 99 7 5
92 80 3 53 42 34 46 113 118 5 8 17 107 107 8 55
20 116 20 26 68 13 52 94 1 109 97 73 81 105 78 45
57 81 98 99 115 16 85 106 21 93 123 0 72 3 56 92
119 76 119 59 89 43 25 91 25 122 36 106 99 115 23 28
68 121 0 56 9 85 34 30 50 29 30 122 32 86 86 23
35 77 82 124 121 107 87 18 101 124 124 73 111 19 101 51
12 101 107 21 58 13 51 108 42 81 102 74 40 61 97 75
10 51 71 3 30 31 21 4 27 17 77 10 36 50 61 48
24 41 69 82 54 120 63 97 74 37 43 114 98 13 61 109
64 4 112 95 35 6 99 62 23 48 72 60 98 6 108 122
47 50 77 101 42 12 70 116 49 114 102 20 127 35 1 63
40 113 30 75 119 1 10 15 49 82 75 20 88 55 14 7
105 91 109 20 103 51 8 25 37 111 45 36 18 46 100 58
31 2 6 23 4 16 38 53 98 113 73 59 40 88 66 18
51 47 38 27 99 46 52 8 29 97 45 48 15 17 106 46
19 112 69 23 0 107 77 99 92 22 30 5 110 96 23 34
16 61 61 115 107 113 123 9 82 40 57 97 57 35 15 77
20 85 100 20 64 49 119 29 72 21 34 54 118 57 88 6
118 21 121 97 6 116 106 88 29 35 57 86 71 73 35 91
30 8 111 94 57 103 123 1 124 29 56 114 86 16 120 76
38 113 46 44 102 24 5 3 60 62 89 3 7 125 94 37
5 77 4 62 52 127 64 49 29 120 35 115 8 28 64 46
13 110 91 115 6 96 118 66 30 80 69 38 77 35 75 82
113 79 16 37 79 80 86 108 72 122 95 81 22 31 127 35
13 90 23 20 58 13 86 89 93 28 127 42 63 74 124 48
26 13 86 105 93 44 85 38 38 52 119 60 84 118 96 97
81 119 117 11 4 76 100 98 104 99 12 39 46 9 88 72
22 46 49 115 90 6 25 1 58 16 61 14 7 29 112 88
20 101 99 25 49 72 123 25 43 7 65 89 16 25 33 38
71 82 26 33 88 51 34 19 68 96 33 75 125 17 35 18
119 6 43 40 78 38 66 122 45 3 83 62 28 117 100 99
