118 112 65 100 70 12 122 38 84 21 38 91 2 53 121 116
57 33 112 42 26 105 53 49 31 109 38 86 6 112 41 124
96 106 96 38 119 91 76 75 112 114 39 114 39 32 103 97
66 87 11 92 64 64 13 96 45 52 54 51 36 95 48 4
74 16 42 65 107 118 12 92 104 51 78 15 84 53 112 22
12 123 114 77 59 127 45 105 51 99 28 87 66 76 91 12
93 5 77 72 123 90 36 99 13 115 115 97 40 99 119 53
95 105 2 26 105 47 3 28 18 32 116 84 108 79 97 73
85 46 18 80 8 54 52 22 41 39 119 82 10 111 7 105
88 9 4 65 56 7 94 74 39 82 30 20 33 127 93 118
46 111 71 54 38 123 76 79 34 68 33 44 51 40 22 11
49 26 77 105 33 43 51 73 125 82 93 30 81 58 21 127
42 92 54 80 87 2 31 121 70 65 37 121 105 59 5 27
85 82 4 119 125 56 64 122 10 29 24 91 87 45 91 1
9 17 81 96 19 113 89 90 50 127 83 27 58 88 54 16
42 59 7 39 115 71 33 125 100 58 88 59 103 51 61 113
68 14 81 88 127 43 50 49 42 5 77 100 94 3 116 8
62 123 48 49 66 81 46 38 11 7 98 115 58 31 100 127
45 53 87 45 96 9 94 10 14 43 111 108 47 99 117 109
95 37 31 33 118 77 72 2 84 42 117 15 73 89 14 118
14 101 35 111 110 2 121 124 45 104 105 92 76 94 74 43
3 105 76 121 54 20 123 11 62 112 26 7 73 40 126 88
13 33 71 123 35 64 119 81 41 96 45 117 62 119 32 65
96 108 59 23 1 54 34 63 39 60 71 112 100 69 72 113
102 15 108 10 80 99 91 121 68 8 110 2 0 14 68 96
122 127 119 123 53 25 59 92 85 2 77 57 71 21 42 45
37 22 55 117 122 18 110 62 27 92 64 27 106 4 123 100
3 115 96 57 12 27 21 98 29 98 27 100 120 70 17 29
92 73 18 86 91 0 20 118 92 85 17 70 89 13 42 93
0 10 22 12 37 43 110 66 14 10 38 6 80 56 35 44
1 53 3 92 53 23 83 17 108 100 87 70 113 1 35 113
12 57 126 49 100 108 116 114 118 26 120 70 82 27 115 83
8 107 76 53 3 72 108 110 43 79 110 104 29 38 21 47
53 43 82 79 83 36 91 27 22 49 13 1 79 26 114 87
6 62 12 9 6 121 119 50 72 102 26 101 12 48 20 65
91 103 16 46 11 108 74 33 29 87 34 109 114 20 68 120
82 81 1 89 74 120 11 18 94 37 120 106 85 12 44 49
115 60 95 126 40 41 32 70 1 66 51 115 87 119 107 41
72 108 2 18 100 13 37 67 51 29 45 8 41 89 57 29
22 25 27 62 66 59 4 67 126 55 54 85 47 33 126 119
13 1 10 114 14 47 53 65 76 98 74 117 60 3 18 82
28 46 16 95 105 21 34 103 76 89 60 123 122 59 115 8
60 125 122 74 44 47 12 120 17 86 109 77 89 0 31 118
46 48 85 23 69 119 127 17 80 59 13 75 118 0 83 50
125 77 125 41 124 9 33 13 95 14 91 56 14 122 46 60
42 3 84 111 123 83 1 75 14 14 22 5 14 105 55 11
54 52 52 50 61 85 64 28 99 27 85 114 21 3 46 64
7 2 47 2 85 48 77 100 62 100 105 76 77 32 87 4
85 11 54 18 96 118 47 68 17 4 54 39 7 100 103 14
103 22 16 60 71 94 32 5 66 9 82 15 42 41 19 127
53 74 17 21 64 64 89 82 68 15 121 76 116 96 90 91
118 107 23 61 73 56 67 11 65 21 26 107 62 46 106 115
120 124 9 56 60 98 10 1 114 3 77 102 99 39 65 90
18 88 23 91 16 90 102 82 111 1 61 46 47 40 33 39
36 42 95 96 13 106 97 127 109 46 101 81 86 38 43 104
126 66 68 15 29 42 97 12 43 30 58 90 70 92 1 106
6 97 75 19 75 44 18 56 91 119 9 49 29 52 25 28
119 93 43 20 8 12 32 51 42 91 14 113 55 15 91 61
112 38 81 59 83 99 116 46 91 125 95 120 50 120 20 41
86 63 61 94 75 93 17 118 56 31 103 111 47 66 45 31
105 126 91 60 97 79 106 60 76 73 53 126 65 73 39 23
9 100 117 84 66 7 74 122 38 49 106 85 116 23 117 93
21 80 25 118 31 3 51 107 76 104 106 13 49 17 37 58
118 26 15 56 33 89 50 72 11 28 29 127 51 18 92 72
9 66 98 59 41 127 42 14 81 15 82 31 41 65 25 116
124 52 3 72 7 111 117 8 2 42 54 25 35 31 2 44
98 100 103 11 99 17 25 52 32 108 83 74 45 108 62 41
33 65 113 40 48 102 48 51 16 103 76 52 6 78 96 104
50 72 115 21 89 13 73 122 121 29 68 38 9 2 79 42
67 64 82 116 38 3 39 54 106 115 106 112 65 75 89 115
19 76 8 108 89 81 102 82 110 42 120 120 44 71 34 112
7 117 100 45 120 11 100 98 126 78 82 63 25 43 50 44
120 58 25 81 11 127 36 122 42 28 114 86 100 20 70 107
9 42 25 1 53 125 99 51 75 54 114 101 97 36 17 89
94 42 43 106 42 79 100 84 107 86 42 79 106 113 59 116
27 84 117 81 81 89 4 28 15 119 1 112 27 19 74 122
61 117 100 103 68 72 59 47 30 102 127 8 87 58 124 114
14 114 67 95 75 72 123 90 63 125 74 90 16 20 84 77
9 56 53 77 0 112 125 30 86 124 39 45 54 35 32 68
21 99 35 96 43 30 58 106 27 5 69 43 25 25 121 35
82 46 112 82 30 109 113 117 105 24 34 31 59 66 99 81
38 6 49 81 37 108 60 64 113 1 108 10 26 101 45 108
19 30 63 49 11 48 38 117 72 73 20 3 11 120 84 49
126 6 3 35 114 63 100 99 64 80 109 90 53 27 71 72
57 6 121 68 54 32 57 126 105 78 1 116 70 86 38 68
92 41 104 78 104 76 49 40 28 30 2 81 57 73 25 114
79 18 55 5 50 112 3 27 62 5 16 4 91 54 73 55
95 49 5 71 125 54 111 25 84 113 106 14 59 3 0 10
21 55 16 72 40 19 99 102 24 115 107 115 41 52 42 8
101 47 79 98 101 62 123 58 48 101 72 107 104 72 117 125
0 5 69 40 25 41 14 49 28 121 37 70 45 79 78 18
127 30 116 100 92 111 30 12 84 102 119 60 47 109 58 47
114 127 87 11 40 101 61 69 95 98 11 12 49 89 31 48
119 19 21 84 3 51 96 87 26 88 20 73 69 78 120 55
77 79 67 118 52 0 59 19 98 70 32 19 31 63 68 23
82 89 107 85 12 75 45 38 35 65 111 104 15 103 32 92
112 106 22 3 61 104 61 13 52 99 121 61 19 38 58 14
100 15 88 68 115 118 86 100 1 90 65 75 77 83 42 61
61 64 65 122 41 126 7 93 97 0 26 116 38 85 2 10
100 90 78 87 80 37 60 82 127 125 29 76 80 72 10 14
8 75 8 49 73 16 15 42 16 41 30 55 126 32 65 98
123 16 58 75 53 118 29 52 115 59 0 68 3 10 82 11
85 90 61 30 106 76 72 123 117 102 50 116 7 115 86 2
3 16 77 56 6 107 108 122 38 109 62 41 119 16 52 77
106 113 107 85 61 52 80 51 26 2 39 33 117 125 35 121
14 113 49 20 92 30 14 2 11 76 43 2 92 95 79 71
81 59 28 14 111 108 65 9 110 104 43 99 102 78 92 116
63 14 8 27 44 23 29 55 99 72 57 64 40 9 7 121
68 35 7 51 15 73 60 125 49 103 96 23 54 61 11 117
75 20 17 119 43 46 46 14 119 103 78 31 112 85 24 52
120 31 103 7 104 36 4 26 11 101 49 65 34 61 55 109
81 72 100 124 118 18 10 109 121 89 12 106 46 36 30 39
68 6 46 44 42 51 70 53 24 120 119 58 53 46 39 6
118 11 2 108 29 12 90 22 101 102 0 20 11 31 59 79
37 105 123 79 28 66 4 52 58 123 110 111 41 21 117 31
32 119 12 61 3 102 84 105 76 84 125 87 115 56 38 24
33 34 103 62 100 108 114 30 103 97 13 17 118 2 48 23
121 60 84 124 34 40 101 111 125 98 70 112 26 109 9 60
15 112 122 115 92 108 17 68 77 30 85 68 32 5 91 25
66 47 21 100 88 123 83 85 93 26 69 120 7 78 52 22
63 46 9 27 26 26 95 104 56 52 44 88 58 7 113 124
54 6 96 14 1 52 99 95 78 41 87 85 119 11 107 54
57 116 82 83 14 49 59 70 102 103 30 32 110 15 28 37
21 124 51 23 48 23 118 126 64 77 83 55 88 62 110 17
50 64 100 64 113 32 6 87 7 36 119 118 51 19 27 73
16 78 96 64 101 86 63 37 35 18 93 123 81 75 12 3
11 112 68 124 16 74 84 24 111 75 14 34 95 41 107 111
119 75 47 93 33 110 2 68 1 95 63 82 42 75 85 53
91 67 98 62 121 70 105 13 28 123 106 53 7 21 85 25
125 45 24 18 46 78 53 110 9 32 103 74 44 5 106 7
72 76 69 65 18 46 78 47 41 57 100 48 78 57 74 76
103 98 94 21 48 19 3 58 51 107 4 95 112 110 102 56
58 43 121 76 89 71 123 3 0 96 51 79 25 125 27 0
96 121 22 16 12 25 74 63 4 78 31 116 60 5 44 118
49 37 67 10 109 62 13 109 30 65 60 56 62 87 56 30
80 78 47 92 104 121 28 108 72 59 97 4 64 13 123 113
51 62 124 32 124 9 13 27 74 74 83 9 33 11 39 114
90 86 78 66 80 106 46 24 37 15 28 102 29 23 87 80
85 83 112 82 93 125 109 39 71 64 48 105 75 88 91 37
46 41 103 126 20 22 22 57 37 51 31 66 74 119 18 32
74 2 114 39 0 95 79 71 31 127 48 106 87 11 16 6
53 119 4 73 13 27 2 51 78 34 117 24 25 8 56 99
10 42 11 10 9 90 82 40 89 2 19 49 14 35 55 67
26 59 12 40 86 14 91 36 48 80 61 73 88 117 45 99
32 56 109 41 18 63 82 107 66 101 28 80 8 83 19 34
15 31 74 101 45 37 10 94 118 71 39 78 60 84 49 92
12 31 6 30 94 88 10 32 61 38 112 69 122 3 103 9
34 50 110 80 87 120 46 77 63 85 28 124 42 77 88 54
108 94 85 75 54 95 107 115 5 92 56 127 95 32 8 2
82 119 82 41 111 0 119 47 85 19 43 127 96 3 54 77
98 11 24 24 106 3 12 111 95 68 111 63 100 119 65 54
110 19 96 94 19 87 13 104 106 56 104 74 59 30 23 29
41 47 54 19 51 66 2 18 6 113 81 107 105 18 33 87
37 1 53 56 88 66 33 66 122 9 13 54 39 36 83 80
84 9 99 7 75 101 25 82 87 107 61 64 125 94 23 35
96 77 91 56 15 124 123 10 5 8 64 44 44 19 124 0
29 95 7 104 69 33 58 28 12 119 92 9 86 115 44 54
64 8 110 80 4 105 90 10 113 26 54 30 45 51 30 74
18 38 51 87 71 109 115 83 101 79 92 59 67 9 113 3
17 95 83 21 73 45 31 58 71 86 88 117 9 119 63 27
58 108 41 73 120 28 0 37 102 75 2 39 3 114 87 2
37 76 9 0 5 111 94 32 121 2 90 102 78 92 52 8
72 93 81 65 121 82 102 96 29 104 7 33 90 95 35 127
43 44 127 48 28 94 80 21 96 42 123 47 7 47 55 79
12 9 16 6 91 119 102 120 95 109 25 58 76 60 57 119
105 57 39 5 23 120 26 119 34 21 38 41 69 94 121 81
103 9 87 66 0 61 58 96 43 84 26 119 16 83 111 121
12 22 126 35 14 24 27 49 46 65 90 115 31 83 68 6
93 28 72 93 89 3 61 4 87 87 124 103 43 107 97 55
1 95 91 16 120 118 65 38 55 27 25 87 111 93 93 76
121 38 41 83 41 103 87 0 62 83 103 105 62 72 33 64
40 124 80 32 114 17 70 41 44 95 0 27 60 94 103 54
4 17 9 45 120 96 45 54 52 20 32 114 93 65 50 5
61 2 37 47 19 107 88 64 74 89 91 6 55 67 60 59
84 69 104 76 38 21 2 90 41 34 76 6 99 127 11 32
1 48 79 21 27 40 85 101 1 48 108 56 115 40 115 71
110 91 19 20 112 22 110 25 56 58 32 28 57 43 60 59
92 12 80 119 52 37 93 53 85 73 109 73 113 96 16 95
59 36 115 43 58 97 68 114 28 100 14 85 16 75 16 108
87 96 99 11 5 64 64 91 9 45 36 123 13 52 90 72
88 78 115 18 47 55 5 75 28 19 33 44 94 49 24 53
18 123 64 23 60 0 114 69 45 22 64 58 75 27 2 35
105 117 54 24 45 59 100 73 78 5 117 45 54 13 98 72
8 35 96 68 35 82 10 81 105 74 11 52 101 14 87 78
3 13 103 48 72 75 121 23 80 110 68 6 123 38 79 4
73 47 72 109 1 82 62 106 29 73 30 2 87 118 81 91
3 56 11 76 3 5 99 83 115 39 89 111 77 40 115 23
87 59 4 89 14 66 67 43 11 98 45 99 88 126 62 91
54 73 39 57 78 10 12 66 49 102 49 127 14 36 22 102
95 26 63 109 92 2 24 103 100 70 74 60 68 8 24 123
82 63 52 32 74 65 98 123 39 19 122 53 55 16 27 23
42 90 4 6 93 29 110 65 99 56 126 39 65 22 34 19
90 38 8 85 76 73 115 45 102 49 13 25 59 45 104 1
69 11 126 32 56 44 22 102 96 80 32 100 37 11 60 127
49 68 84 126 14 72 43 116 121 56 14 52 101 118 54 43
2 52 75 58 96 97 33 65 49 65 37 86 76 97 85 126
37 41 124 51 113 39 40 107 96 54 31 69 44 85 112 46
9 59 105 106 28 10 43 77 75 80 35 23 49 120 21 86
34 17 10 19 57 50 126 25 104 30 94 20 115 79 67 125
10 44 103 39 54 18 116 1 98 24 24 19 16 46 105 50
63 115 70 120 37 68 17 13 98 112 34 86 63 101 83 73
17 58 112 71 76 101 72 46 125 96 65 13 14 42 64 78
30 6 70 67 74 88 81 45 72 115 3 7 88 86 80 105
16 65 48 92 38 120 10 35 88 75 48 103 117 112 53 19
118 123 87 65 83 40 110 27 27 113 34 115 71 115 92 87
52 12 51 90 4 61 125 92 8 45 67 125 30 120 17 20
116 104 85 71 16 67 99 43 52 5 30 123 120 122 82 44
6 5 6 10 66 3 102 74 49 42 72 79 34 89 99 22
65 57 94 81 124 65 124 49 70 26 44 63 20 127 107 26
4 114 36 71 117 10 17 38 52 89 117 87 50 89 109 115
18 75 68 14 12 64 63 83 90 108 18 110 107 125 8 111
111 44 54 101 55 72 11 107 33 1 66 84 90 48 71 108
123 12 122 8 76 58 91 39 38 109 21 17 106 30 0 90
74 55 63 1 127 74 109 32 75 47 116 37 95 60 17 91
72 12 99 20 70 62 59 108 43 81 125 21 111 125 111 57
52 46 59 51 121 40 84 68 87 72 106 55 4 123 18 76
7 117 97 77 51 28 57 94 109 54 115 92 52 99 22 104
17 81 28 10 121 112 79 80 56 57 7 61 52 25 9 60
14 106 9 65 7 67 31 116 121 19 81 45 118 103 22 7
56 50 18 49 34 97 1 90 26 9 23 78 34 33 10 49
11 20 114 18 87 18 7 80 37 88 126 27 63 20 34 119
70 52 40 104 21 41 66 47 50 90 126 85 123 8 6 6
28 120 25 115 10 32 68 47 120 66 74 55 86 109 46 28
33 86 4 55 127 70 102 50 32 100 7 27 109 13 34 9
27 119 8 9 2 62 30 123 27 27 104 85 1 121 74 65
81 17 12 108 94 115 66 12 31 60 57 55 19 123 56 46
115 64 55 117 126 85 112 26 112 89 111 113 82 57 50 36
74 62 16 40 49 83 52 81 15 110 8 34 105 64 80 92
0 8 81 126 93 66 24 78 27 8 63 109 65 114 17 12
48 34 52 98 117 105 51 4 87 59 38 64 123 118 29 123
126 110 121 92 48 18 42 75 26 105 57 91 91 74 103 12
108 28 110 97 5 33 101 92 92 11 28 87 2 57 82 0
40 75 92 88 93 6 36 119 112 93 83 75 39 58 87 20
86 69 117 91 102 91 55 66 102 84 25 104 13 107 105 53
55 69 14 20 76 50 12 60 15 95 7 54 25 95 74 112
36 64 75 11 27 3 77 1 87 103 106 100 82 83 26 9
24 40 30 100 90 42 32 105 9 40 31 34 7 106 18 43
42 94 54 69 97 4 70 56 107 48 28 61 3 54 71 28
94 101 0 56 15 33 33 24 73 65 58 80 43 77 123 85
43 50 26 12 54 96 68 33 17 96 94 20 23 37 48 117
10 49 46 25 82 79 49 27 16 108 107 59 57 102 16 100
24 42 112 78 11 52 111 28 20 78 48 43 115 97 33 126
18 79 23 100 30 73 127 47 53 106 106 110 80 123 82 105
37 66 55 48 118 39 76 10 117 125 54 104 94 87 102 112
38 126 84 68 71 83 115 124 61 94 106 13 89 60 118 126
126 46 47 116 85 123 126 74 120 52 50 86 11 25 70 49
23 26 118 94 109 105 90 42 71 68 56 32 0 46 31 126
92 78 114 49 73 112 123 66 37 46 24 48 71 95 98 94
121 88 60 103 65 22 17 9 90 73 41 90 120 72 88 84
22 74 6 96 58 1 34 95 47 58 16 118 25 114 84 19
74 16 122 11 38 11 20 0 85 62 90 77 6 50 33 29
124 39 125 55 41 31 22 88 89 38 79 115 24 35 6 98
52 0 110 90 11 2 91 96 64 53 45 71 104 79 100 100
118 97 27 31 0 50 120 89 88 71 76 113 106 82 83 30
82 65 121 94 68 84 62 4 9 108 75 113 59 47 86 49
16 113 81 16 35 73 106 124 16 54 109 122 9 64 25 91
107 71 43 19 66 84 95 78 17 91 75 110 33 56 122 59
103 118 16 15 125 55 64 64 46 45 21 75 3 46 68 110
117 111 2 56 67 97 6 85 60 81 67 93 10 61 25 113
52 41 1 49 96 65 113 14 110 6 89 114 52 30 96 41
13 98 97 81 67 104 38 127 57 105 93 67 38 118 53 90
31 54 11 0 119 124 14 101 2 104 87 54 6 56 96 19
26 65 100 94 41 10 93 99 115 58 38 26 48 91 116 80
17 0 80 8 124 94 110 127 70 69 53 76 125 21 96 24
87 68 118 0 79 83 99 66 14 10 92 62 101 81 14 119
81 94 127 77 61 109 76 3 51 2 80 48 23 48 72 110
116 62 111 67 18 82 6 32 92 98 94 66 51 109 57 4
75 56 82 8 38 30 12 89 32 92 9 56 12 82 38 0
16 21 68 34 104 74 66 68 44 33 6 96 14 63 100 89
120 54 98 30 85 110 119 117 74 0 45 86 82 84 86 99
105 26 5 81 100 72 22 17 105 28 113 119 92 85 80 84
12 50 114 97 32 105 86 106 105 4 64 60 88 23 31 65
49 36 19 22 108 41 39 85 69 24 76 33 109 29 117 121
79 103 90 112 80 49 90 58 53 27 118 13 50 21 78 99
57 97 121 38 10 32 123 80 56 72 113 38 101 103 31 52
78 122 36 31 43 127 89 96 26 79 109 76 100 59 47 29
29 41 67 39 73 63 119 2 7 105 40 108 80 71 32 30
65 69 61 108 68 22 76 94 101 57 42 73 117 89 103 18
2 42 57 76 105 49 78 112 26 118 92 106 61 125 8 127
66 70 107 6 92 56 100 66 113 14 11 102 103 114 120 106
29 50 54 6 99 4 119 125 122 83 103 55 80 111 54 18
53 34 24 18 90 124 84 75 10 95 50 114 82 42 92 111
92 18 117 63 22 108 60 16 64 35 71 16 19 126 35 72
32 59 90 122 56 46 69 66 14 119 52 96 34 16 79 126
34 68 62 56 49 122 72 113 30 16 1 49 14 36 121 46
96 84 40 24 2 109 90 16 101 15 112 7 31 63 5 66
4 67 122 53 62 67 38 92 83 39 13 97 76 6 15 44
90 55 68 93 36 30 109 9 45 94 16 77 29 22 15 33
18 92 123 13 2 94 71 87 92 119 122 121 97 97 52 53
118 61 73 107 117 66 75 71 74 119 53 112 45 65 1 64
29 124 77 32 91 20 119 55 12 113 49 109 82 101 34 73
34 108 52 23 46 127 94 120 118 20 104 36 85 105 100 114
102 49 18 65 69 10 120 81 123 41 62 78 14 97 23 48
77 75 72 123 74 38 115 65 58 92 101 15 69 73 2 43
122 20 108 63 30 101 17 26 14 79 104 29 48 127 77 125
74 21 120 20 60 108 85 118 72 58 6 13 3 8 57 125
28 37 61 59 10 78 85 25 29 61 54 78 60 3 75 6
25 68 26 85 48 112 75 120 42 81 5 46 89 62 43 118
100 104 49 110 54 6 7 84 67 61 34 127 65 109 5 90
49 31 47 97 15 122 89 58 76 95 104 37 29 19 27 1
124 76 112 50 82 119 6 21 53 40 20 118 22 25 80 71
57 127 41 72 121 2 2 69 97 106 107 127 126 6 0 122
83 112 44 37 104 51 59 29 91 79 19 113 105 99 57 34
98 98 106 91 100 109 33 70 87 12 69 85 18 69 79 101
54 124 11 30 47 70 59 10 21 78 124 126 49 53 32 19
23 11 110 123 120 15 65 79 27 6 37 46 76 116 19 2
112 30 32 31 100 91 42 122 41 38 120 90 91 25 109 114
36 91 109 28 107 47 107 6 53 16 52 1 5 72 3 117
102 35 21 75 126 63 69 39 101 61 1 64 86 110 50 122
74 31 22 53 78 2 59 4 18 112 5 23 56 9 13 30
44 34 105 43 97 46 82 70 108 84 6 66 66 56 61 12
87 83 65 38 85 125 42 104 109 47 127 37 56 12 67 101
46 45 16 15 91 98 85 71 54 91 10 121 19 71 5 107
26 71 17 112 68 59 88 49 106 87 86 35 100 25 8 18
70 24 34 34 122 119 105 49 83 115 42 102 58 47 81 85
118 98 69 58 29 29 107 8 116 65 43 88 91 51 107 33
75 13 67 69 4 45 118 87 32 32 62 91 80 15 48 70
114 117 1 15 18 108 23 6 46 66 95 9 117 74 42 64
87 110 6 91 27 124 51 59 29 113 22 109 0 70 51 114
59 52 2 77 33 25 84 79 92 51 88 81 125 2 18 84
