80 118 48 5 13 3 22 122 103 109 64 89 111 99 74 123
28 72 44 0 53 32 115 43 59 107 114 13 7 101 97 87
91 17 93 104 20 115 98 123 97 34 84 80 5 31 75 33
103 119 34 28 24 21 72 83 0 58 96 7 31 65 95 122
82 60 98 102 47 69 98 16 103 54 96 109 85 43 14 61
35 48 89 59 69 33 14 70 91 110 77 122 48 44 116 2
104 87 105 24 28 75 40 3 1 9 112 87 52 127 20 87
47 109 18 117 15 32 59 106 15 8 101 63 53 89 65 29
48 42 53 76 117 94 80 119 103 64 78 27 63 98 115 111
79 5 100 94 38 31 73 53 39 46 116 92 7 53 122 56
96 47 4 85 13 84 76 116 21 26 16 84 124 3 67 76
8 39 42 46 70 115 99 110 33 87 74 41 13 68 97 109
116 101 66 1 58 15 118 79 41 6 35 38 9 103 114 17
14 28 64 85 16 35 67 49 123 13 90 8 82 59 117 70
33 55 71 91 70 61 42 112 67 77 22 76 52 8 94 67
36 30 24 52 65 91 102 60 104 64 68 58 124 57 0 29
113 72 120 55 5 34 39 73 111 61 21 36 69 115 103 106
17 127 30 83 90 4 15 66 69 84 125 65 13 125 94 126
69 86 54 75 120 93 20 103 27 41 11 96 29 114 74 46
113 105 1 75 109 17 14 50 101 11 115 114 8 81 113 78
39 39 25 31 4 45 7 31 86 18 0 115 5 74 34 118
51 35 66 33 52 80 83 25 91 71 12 99 24 125 49 64
36 74 95 40 119 102 72 78 121 72 65 126 18 99 116 70
7 54 103 59 6 58 85 97 1 97 69 26 94 118 90 2
65 57 42 56 32 114 6 25 58 72 23 77 43 11 19 50
66 122 110 72 52 67 42 54 36 111 80 2 101 42 4 38
99 46 95 3 33 101 28 91 45 51 40 89 63 59 11 1
53 121 73 106 60 115 32 96 98 112 98 72 26 102 110 125
21 77 1 54 51 29 17 96 81 58 57 16 117 69 17 43
62 90 21 123 78 53 91 48 37 62 120 63 36 103 60 57
52 61 111 103 91 1 72 44 59 1 60 48 70 77 91 5
39 112 0 117 37 91 38 74 25 30 9 62 5 70 119 58
98 117 63 1 120 114 109 68 90 87 81 11 104 118 70 94
17 85 22 50 46 73 122 57 101 24 56 25 42 20 97 13
9 32 14 1 18 123 69 108 82 23 120 59 13 62 25 30
19 48 81 65 121 75 123 94 99 51 119 14 72 89 27 81
121 41 83 12 37 24 120 119 47 112 50 61 46 76 91 65
124 44 3 117 120 126 83 91 49 75 105 121 36 4 75 29
46 30 41 83 54 34 74 102 18 125 35 65 73 126 2 69
43 5 58 35 3 13 126 53 88 104 46 124 108 121 26 26
23 67 109 78 101 56 52 120 53 87 57 126 85 59 67 0
65 125 35 68 10 34 121 99 10 40 95 118 33 121 17 57
61 126 7 34 54 59 26 107 18 83 105 103 15 44 104 80
41 11 20 52 45 14 23 55 54 118 46 87 112 63 16 45
61 23 79 116 82 106 95 100 61 73 76 76 117 52 28 31
63 49 83 109 63 106 36 117 96 82 76 80 17 93 125 79
116 77 67 71 55 34 43 116 107 119 65 97 43 93 0 107
14 83 88 77 61 124 66 29 79 15 110 96 108 107 47 96
56 114 39 111 21 83 100 0 74 37 97 118 2 97 97 17
52 57 94 113 53 33 15 4 48 125 101 28 104 20 124 33
7 36 16 28 119 116 28 65 25 126 55 28 95 24 45 20
81 11 5 7 44 20 11 92 17 112 120 122 5 117 27 12
25 43 40 16 32 68 81 57 66 9 85 34 33 2 54 115
14 59 122 58 80 5 23 97 118 15 91 123 4 118 7 29
34 47 45 66 115 127 123 54 8 81 88 41 83 14 28 97
73 22 28 25 28 51 123 18 66 86 13 71 77 20 100 111
67 18 49 54 17 44 108 25 125 68 66 81 82 95 50 28
117 78 53 17 1 48 35 68 7 48 11 84 68 111 67 7
1 116 62 18 32 42 43 30 111 110 111 65 77 33 93 66
112 19 84 113 67 119 53 74 40 64 30 108 48 97 116 49
85 50 68 118 92 111 20 75 93 3 13 42 36 106 109 20
125 65 6 65 56 59 11 96 124 42 77 44 11 65 93 97
115 33 87 79 17 107 27 110 110 40 25 18 18 6 39 16
71 45 81 127 104 92 96 100 6 45 16 18 110 110 115 97
54 99 82 107 99 13 126 69 83 30 88 115 93 28 10 48
117 117 5 2 64 50 40 100 115 24 76 2 127 108 95 54
79 49 33 50 63 31 119 18 62 80 5 27 108 15 75 98
4 81 100 69 3 12 41 119 36 117 121 36 98 88 90 49
10 123 100 73 26 91 91 88 43 97 116 24 112 63 122 117
16 94 58 20 106 99 11 15 88 4 51 58 93 13 108 103
8 80 48 34 43 11 123 87 108 111 111 93 46 105 82 63
71 12 83 49 111 94 64 71 98 115 2 63 0 110 38 8
62 86 43 105 98 38 64 78 21 47 43 67 24 125 2 95
9 85 17 120 51 81 64 22 69 66 85 69 48 124 78 110
82 121 87 52 31 24 3 52 71 46 119 96 44 122 63 53
79 80 46 3 34 110 25 103 48 110 44 96 106 122 78 61
115 37 113 18 61 116 70 5 35 62 101 79 56 36 4 7
117 50 10 23 32 35 126 80 18 42 48 124 37 126 57 24
36 43 43 97 31 113 102 66 47 75 17 103 112 22 111 101
72 121 124 105 29 122 57 47 36 106 43 73 104 101 98 12
16 13 110 47 126 84 114 46 32 3 21 16 25 4 117 98
126 113 75 27 107 4 74 15 110 117 89 87 90 59 99 106
72 81 26 70 38 12 116 70 15 10 86 41 14 75 11 12
60 86 39 39 90 113 54 73 103 15 32 65 74 3 44 18
85 70 89 123 82 77 65 97 87 23 10 102 98 21 114 30
107 26 69 70 11 123 15 114 11 47 52 85 50 96 104 7
38 65 2 120 14 67 89 102 90 100 76 60 121 62 90 101
88 31 43 100 27 58 86 38 105 10 123 27 106 99 35 16
36 37 8 51 105 98 25 67 70 101 0 63 35 90 36 124
122 79 96 21 9 54 59 114 65 54 14 43 26 49 60 62
86 68 113 63 38 10 3 108 111 3 44 19 93 80 15 87
32 111 108 41 37 39 28 102 94 42 18 120 91 78 54 49
18 40 113 57 50 116 37 34 119 81 53 84 34 68 44 66
51 24 107 88 64 7 63 30 49 81 22 12 31 76 62 49
116 47 106 39 35 16 73 26 97 126 110 3 66 26 69 117
51 49 77 115 56 12 17 106 93 39 118 124 115 52 46 104
60 25 50 76 100 6 100 83 81 114 117 48 27 97 31 19
44 79 112 78 61 114 18 62 82 82 16 124 29 102 50 89
127 100 38 99 106 10 54 59 125 44 108 24 13 11 43 57
90 27 7 24 14 26 86 96 108 103 92 9 77 14 99 76
114 9 48 92 19 102 24 16 18 4 41 31 15 84 89 106
112 96 2 126 122 88 94 102 63 58 112 12 73 83 89 59
92 9 24 111 111 48 0 2 52 41 33 67 125 122 45 109
91 47 107 85 8 73 60 71 4 44 84 77 127 45 8 91
54 32 74 37 80 74 39 4 115 73 72 113 67 117 94 30
37 74 116 45 19 48 116 23 92 72 100 91 117 109 54 43
13 0 81 94 75 120 98 62 65 42 47 5 32 14 35 69
88 23 114 107 71 102 3 35 47 103 126 36 84 52 80 98
53 33 64 0 25 34 62 91 77 110 96 109 124 3 50 84
27 36 63 98 10 66 6 57 42 4 94 126 57 46 96 110
79 32 110 104 67 44 67 16 26 35 125 22 39 47 106 66
83 42 36 93 108 42 23 22 47 117 21 104 35 117 86 114
22 68 90 89 112 30 105 11 65 102 33 104 21 12 42 104
54 79 69 34 121 92 57 40 81 78 16 116 67 102 102 89
42 65 50 27 95 27 38 32 1 71 9 22 83 51 126 9
2 68 44 124 32 101 36 114 51 53 102 118 27 77 80 70
14 2 97 109 30 7 13 31 78 22 54 34 74 52 43 76
120 87 72 25 60 109 11 111 34 113 102 61 62 54 3 76
56 100 57 86 107 71 118 58 93 44 92 39 96 7 116 89
95 60 114 27 41 125 11 75 110 113 9 45 39 12 121 95
113 51 54 92 122 44 22 87 88 114 127 56 122 115 17 89
47 3 116 89 0 127 36 111 112 45 28 23 58 21 119 43
72 45 7 66 89 30 26 49 16 25 105 10 12 123 99 59
126 88 20 127 87 57 110 72 102 10 95 32 31 86 75 104
3 83 42 92 113 68 13 1 93 119 12 105 114 111 37 112
71 57 111 31 114 93 103 89 103 70 121 7 29 69 111 32
24 25 125 9 94 10 10 59 1 22 37 115 6 74 100 77
3 83 108 118 49 83 79 24 26 72 31 55 13 14 87 37
29 114 115 100 96 102 55 69 54 19 0 121 28 113 124 45
80 80 67 25 125 98 84 69 56 44 58 65 35 121 93 64
108 80 36 76 54 91 17 108 111 17 101 11 2 98 57 82
50 124 108 47 94 64 116 23 108 46 88 16 40 53 80 20
5 117 96 60 80 113 40 63 2 14 75 4 112 4 86 34
0 66 81 94 2 70 117 111 116 78 127 28 3 79 48 9
68 16 69 21 1 109 84 3 123 31 7 107 35 94 13 35
32 95 2 35 37 119 18 25 69 17 54 73 96 102 82 37
119 23 58 120 4 14 124 0 46 3 107 81 97 121 117 2
88 119 37 125 110 55 22 52 72 76 125 40 51 79 77 42
102 7 34 106 22 30 106 68 34 86 21 3 79 10 5 39
1 42 36 112 97 58 36 41 7 33 82 58 112 31 100 86
39 6 64 61 37 43 1 71 1 22 74 80 33 80 119 34
122 27 18 92 85 54 5 92 87 87 22 71 119 122 29 30
1 94 91 38 9 92 109 10 114 55 90 19 7 81 54 2
108 72 94 65 127 99 30 86 59 52 30 50 47 59 80 48
25 43 86 34 7 67 44 121 122 6 13 2 87 67 4 67
11 98 5 10 69 35 97 0 87 127 50 6 58 2 54 84
45 12 118 52 79 35 46 74 41 59 76 1 126 80 68 9
50 73 20 119 108 117 120 68 116 42 74 46 45 1 2 90
13 121 15 93 28 61 39 69 120 115 70 118 67 11 127 117
84 19 108 65 8 100 5 124 15 79 43 60 80 45 22 94
38 37 59 66 98 98 8 90 85 78 80 24 89 80 13 46
99 121 111 108 94 116 104 109 67 19 41 20 65 63 114 103
101 45 42 71 15 50 34 100 0 114 124 90 66 9 8 38
2 119 18 96 107 122 77 46 14 118 66 79 54 52 54 27
97 96 98 112 18 4 84 19 119 80 109 57 89 117 95 92
108 113 60 87 108 10 5 122 0 72 73 54 124 127 81 94
96 52 78 114 56 35 5 47 115 114 105 77 103 72 41 83
58 101 42 38 111 48 32 112 120 105 38 116 104 120 82 72
44 33 59 100 68 64 20 55 51 125 4 26 69 45 110 127
19 24 37 2 72 69 114 64 46 25 53 23 17 7 95 61
85 87 51 31 24 22 27 63 41 21 116 97 38 16 120 80
106 124 87 71 25 69 9 124 125 7 36 62 29 70 81 114
29 5 18 53 27 45 116 68 66 105 37 104 121 29 57 99
26 16 43 51 85 52 48 82 59 84 17 88 26 98 74 56
103 92 109 2 9 98 71 76 75 108 52 68 10 109 39 36
125 82 87 82 6 7 37 65 91 54 25 118 24 100 46 0
64 27 2 74 125 73 22 72 54 74 12 64 56 52 100 53
6 59 8 13 67 45 78 30 99 104 20 123 76 66 123 12
94 126 86 91 71 108 36 125 55 48 61 111 100 33 36 107
93 44 120 32 89 70 62 60 46 83 56 122 21 51 7 115
49 93 79 121 74 115 118 1 35 52 112 8 85 20 115 50
65 107 82 26 49 17 87 96 100 15 90 121 66 97 109 116
63 60 109 9 47 99 10 82 23 122 90 109 14 77 31 79
56 114 106 106 3 65 74 103 80 36 96 18 6 77 6 69
9 115 78 56 87 88 11 110 82 101 91 96 51 123 48 107
109 26 85 112 91 31 87 43 68 55 61 74 5 68 15 14
55 93 71 14 53 82 125 7 55 88 103 106 83 23 86 64
49 43 48 12 75 7 55 15 63 117 89 68 57 104 82 112
69 25 127 122 107 124 1 35 84 104 13 40 0 99 104 49
15 25 62 90 32 117 105 95 106 66 35 35 42 118 20 111
15 19 105 123 15 106 30 99 82 43 11 82 15 116 4 30
13 66 120 45 55 97 13 34 35 48 69 77 38 89 60 54
108 37 49 123 15 79 95 97 122 106 52 9 94 56 39 107
122 31 25 49 0 38 83 35 86 25 112 125 114 44 51 95
81 100 90 96 51 57 66 45 36 118 55 2 46 94 110 40
126 7 89 126 45 45 34 3 70 18 0 56 63 51 23 16
23 114 113 74 43 51 120 79 41 47 82 87 13 64 127 11
71 88 10 116 5 44 119 75 62 120 4 125 43 27 14 67
13 127 13 57 50 5 8 91 52 90 50 66 26 49 77 97
9 87 85 15 3 77 90 66 69 94 63 112 122 77 51 7
76 65 64 126 70 73 89 123 35 11 61 62 60 10 31 70
98 117 85 101 66 47 39 7 14 103 119 8 52 43 15 1
5 59 125 16 91 65 63 83 3 10 10 89 119 56 117 24
14 121 79 13 63 54 63 96 26 70 123 7 83 29 17 89
88 14 105 51 79 40 6 82 50 16 43 41 72 32 66 86
25 17 100 88 71 35 56 98 106 52 105 61 81 122 22 42
8 127 93 87 40 100 41 90 116 84 4 61 116 70 19 13
87 119 102 31 27 30 1 5 82 106 66 36 101 89 78 109
88 43 69 0 15 110 91 4 67 95 65 55 37 84 69 124
76 43 27 103 73 28 108 28 7 46 64 108 7 14 89 96
57 30 96 73 13 59 77 80 26 14 7 63 98 76 60 46
119 87 21 65 116 1 93 123 48 29 103 55 43 64 23 100
95 120 45 108 51 122 60 78 8 67 13 107 16 73 25 7
33 47 72 21 48 37 16 96 66 119 24 109 55 47 82 22
39 127 2 91 122 62 41 2 2 54 109 18 0 7 25 33
54 98 54 102 7 70 71 74 61 95 55 116 14 9 11 54
9 13 17 3 76 58 5 78 112 115 96 112 122 121 17 48
91 71 22 99 13 93 45 74 60 100 63 75 110 74 1 119
87 18 122 35 76 127 113 60 114 81 45 108 75 62 28 38
6 51 9 19 16 54 94 77 27 29 24 9 103 25 0 62
43 122 98 119 121 83 51 108 37 96 88 112 31 117 22 37
40 32 56 56 86 22 5 113 51 29 122 26 54 122 89 97
116 59 88 110 14 12 90 51 108 50 35 11 39 58 48 79
90 105 8 48 127 13 34 51 43 28 77 97 23 38 67 11
97 27 121 112 39 83 35 20 6 71 31 45 1 80 125 91
57 5 11 56 18 45 107 61 74 57 31 97 95 98 108 65
125 102 49 37 57 84 57 63 27 88 109 28 40 106 119 97
111 3 26 1 48 5 63 122 62 94 91 30 64 72 95 61
46 16 98 103 100 27 39 0 116 20 28 28 126 20 126 109
23 24 110 71 29 45 66 92 11 29 122 75 101 89 9 19
105 107 123 77 7 34 77 123 54 106 23 52 126 21 33 21
45 15 92 75 61 30 39 72 60 33 20 33 122 29 53 99
8 48 48 15 82 126 10 8 104 34 60 102 55 93 123 101
108 87 48 41 118 87 114 50 120 6 83 114 35 8 85 43
2 18 57 70 102 120 74 111 100 22 97 31 69 55 80 86
40 33 102 76 106 80 72 122 7 53 117 16 117 14 107 119
32 37 61 6 29 8 117 1 30 86 32 99 13 112 57 54
18 32 2 124 112 74 119 119 127 108 7 116 122 115 108 26
24 41 32 53 49 21 54 79 108 86 51 121 70 108 47 88
12 49 85 125 123 76 116 122 56 124 111 50 111 91 76 7
4 108 60 54 1 114 5 109 72 56 103 14 37 22 103 49
72 60 46 67 8 35 62 64 31 45 114 14 8 62 21 12
42 81 66 43 67 72 25 11 0 0 25 37 22 0 87 94
60 5 34 68 40 96 4 71 13 118 85 21 52 106 33 94
59 100 10 126 44 35 9 44 35 35 82 57 35 41 24 96
46 58 36 87 26 41 30 39 31 116 60 84 94 93 50 26
65 60 24 109 95 34 26 2 69 108 60 104 21 84 72 67
14 109 26 40 22 57 79 53 45 11 9 11 104 60 37 42
120 62 23 88 96 49 90 37 29 22 13 50 106 86 118 120
67 16 32 89 73 111 14 118 122 24 2 99 84 39 13 76
101 36 36 69 86 127 106 115 21 120 38 0 78 28 120 17
44 25 106 118 8 120 108 3 16 110 102 100 22 115 49 123
23 85 65 109 84 43 97 106 35 7 106 113 35 98 2 79
123 108 69 4 101 50 7 117 32 109 90 54 96 11 50 119
96 115 101 53 30 70 31 66 77 9 51 112 107 54 63 103
34 5 107 7 55 114 125 87 95 87 14 63 98 64 54 66
51 27 119 81 97 22 19 46 31 71 30 11 125 94 114 31
99 93 39 26 79 36 113 46 123 127 109 93 63 35 31 114
63 23 68 32 45 87 79 77 30 109 88 27 75 74 59 46
39 98 72 118 6 58 36 1 57 17 94 121 52 125 107 115
20 47 20 66 7 99 15 37 80 103 65 28 49 124 74 88
94 19 78 100 77 114 101 6 3 67 127 55 64 107 43 85
26 63 23 33 34 38 71 114 13 8 14 62 4 89 22 98
108 100 70 57 86 43 63 89 110 63 16 46 42 59 3 68
122 26 102 28 64 45 15 77 53 29 11 57 118 33 27 98
5 97 27 91 12 91 52 122 26 69 40 68 0 44 8 123
89 9 86 23 76 124 115 31 36 0 0 112 7 15 28 97
70 96 62 107 126 44 116 44 10 5 121 39 27 8 73 116
17 31 12 94 28 127 125 64 0 126 48 7 13 76 104 84
44 39 63 42 83 51 86 93 56 79 4 83 87 77 72 105
109 84 71 9 83 68 73 83 66 121 90 80 69 67 36 113
106 99 27 61 22 114 26 79 65 30 34 25 108 106 2 89
62 73 98 18 13 43 101 80 36 64 32 105 3 68 90 109
39 117 42 61 103 68 12 41 98 47 66 78 25 68 39 88
13 9 106 26 52 79 106 88 15 10 65 18 78 27 127 117
17 41 51 120 109 63 33 80 110 99 30 8 39 70 96 52
79 74 79 4 25 57 92 41 68 30 59 18 57 59 8 74
100 59 67 82 122 100 34 105 72 64 113 111 6 81 36 86
27 115 90 52 44 54 93 112 84 25 3 14 84 11 88 56
70 27 10 64 0 44 41 72 109 26 55 115 107 91 73 6
78 35 59 123 90 24 107 46 49 110 60 5 121 21 62 63
48 72 0 48 117 41 120 98 68 48 85 47 11 31 54 90
66 113 85 28 9 64 75 59 47 7 64 40 28 126 104 77
71 104 125 60 17 118 30 85 38 115 5 49 18 59 11 85
44 96 113 53 33 60 112 80 68 49 120 96 47 96 45 118
72 43 50 90 33 80 47 71 68 52 120 86 111 4 43 27
100 29 81 5 89 65 85 29 114 78 126 34 46 43 24 119
86 75 81 119 27 0 62 95 53 55 54 36 59 97 64 31
126 17 37 88 82 122 117 69 72 115 103 119 31 127 110 117
74 63 109 102 63 43 69 116 98 123 25 29 93 89 61 91
106 98 51 60 92 41 1 37 28 104 28 59 104 10 49 50
73 30 24 8 73 94 125 44 89 22 73 54 111 6 18 89
104 69 21 69 110 23 106 11 127 6 70 103 16 119 26 89
21 50 97 95 16 94 11 106 116 84 32 99 91 50 60 67
120 82 8 102 105 114 113 104 120 56 80 8 47 106 97 69
28 67 36 45 33 47 23 22 3 55 121 94 106 54 34 98
8 42 72 113 29 58 89 21 114 41 30 33 19 127 102 48
66 10 93 100 57 116 122 61 43 115 27 21 41 61 119 49
112 24 47 11 20 98 71 49 83 93 30 84 36 82 70 95
6 72 45 39 98 1 118 62 52 78 15 49 81 33 5 65
57 52 77 78 23 20 127 106 113 30 62 21 112 5 117 118
77 34 30 47 35 20 109 87 99 125 8 52 30 13 117 88
65 66 38 88 86 37 67 72 67 1 93 51 6 82 42 84
116 72 3 23 92 113 110 63 110 118 115 12 3 105 100 69
43 10 29 2 48 96 74 115 98 39 39 104 122 81 60 110
25 64 6 117 49 116 53 31 107 40 43 110 17 16 51 61
26 81 63 74 49 9 62 19 48 101 124 42 54 56 25 79
120 31 68 41 19 121 72 126 34 116 109 51 4 32 112 30
113 47 105 35 56 39 54 105 12 50 19 66 107 44 17 99
75 85 13 95 79 85 93 113 73 74 36 77 107 21 108 92
68 85 127 125 124 54 102 8 104 121 74 83 38 91 55 113
48 68 80 127 25 46 112 99 120 21 48 99 42 28 64 110
113 63 107 109 117 81 117 94 75 63 49 113 26 104 98 75
44 51 74 70 97 59 41 89 80 89 61 122 118 125 104 103
60 84 85 50 37 74 16 112 10 65 97 36 42 68 111 86
119 58 28 88 117 69 49 69 31 110 63 21 107 39 124 40
123 81 90 33 28 106 17 38 43 115 74 85 55 58 44 46
116 72 6 105 14 55 46 45 38 109 66 17 20 62 57 16
16 19 49 44 125 66 82 41 53 28 126 108 86 42 26 74
115 32 51 1 88 97 46 126 78 112 15 99 46 73 115 62
92 36 106 90 102 60 3 28 89 1 8 47 44 35 122 31
67 45 32 27 15 78 25 93 62 41 64 108 114 51 43 78
87 21 40 62 82 43 90 43 45 98 90 89 5 84 120 73
2 24 100 17 102 126 110 36 39 47 16 25 98 59 103 58
81 16 120 35 59 82 78 104 52 40 65 58 125 57 3 127
81 103 16 55 101 126 91 12 45 108 37 16 39 13 74 120
29 66 27 88 20 105 65 72 18 2 2 15 60 5 14 13
109 30 69 82 28 32 95 74 12 4 90 52 17 36 44 46
102 72 7 122 49 72 66 67 74 69 82 6 74 96 20 55
126 89 10 27 121 105 101 6 109 63 58 127 99 102 45 73
