108 56 77 30 53 102 91 67 22 3 58 119 122 44 42 64
79 4 55 78 81 69 25 76 65 6 84 67 80 34 29 60
90 106 90 16 80 53 83 102 56 13 94 50 57 8 114 8
12 41 86 93 111 112 41 48 118 126 115 70 32 16 3 123
123 93 11 75 19 94 50 75 107 16 126 36 24 112 44 36
26 3 2 9 115 43 57 105 41 44 47 74 61 50 69 56
16 80 3 35 46 53 110 25 69 108 61 93 93 105 2 119
108 4 0 95 47 57 72 89 101 120 35 34 42 104 90 58
56 94 93 102 19 76 127 89 56 60 54 21 37 56 12 18
60 12 113 108 69 58 69 43 50 104 77 92 80 40 23 8
6 116 110 25 64 109 114 121 41 41 14 78 97 27 96 30
39 82 10 109 12 79 24 62 55 101 26 7 13 49 15 19
38 125 45 102 106 31 95 19 72 110 97 42 9 66 72 48
20 82 29 32 33 53 94 88 27 120 95 40 42 110 60 80
107 105 54 85 8 22 104 81 4 73 123 13 11 67 61 31
21 91 63 54 16 29 14 43 22 109 84 64 91 16 16 70
121 70 27 1 92 3 82 96 76 77 109 88 16 43 119 37
6 55 91 22 84 105 66 106 86 22 42 49 38 58 119 31
1 18 32 93 21 115 62 98 64 43 58 81 86 49 118 92
104 82 115 61 59 53 39 18 75 82 67 113 12 59 16 13
77 48 107 99 35 41 69 100 84 127 53 43 48 43 7 25
125 122 86 57 47 125 75 122 79 14 107 92 73 123 105 23
44 84 122 79 125 63 51 82 62 104 125 110 20 4 7 17
127 93 74 46 91 21 41 42 36 20 6 109 16 112 4 60
68 126 11 66 61 63 20 123 39 17 106 59 21 113 77 20
79 23 67 42 45 108 84 81 0 91 62 16 75 67 76 15
65 88 81 127 23 101 122 62 118 100 122 12 86 71 32 37
94 99 79 11 79 35 92 80 126 27 96 73 94 45 89 31
5 42 30 28 16 25 90 6 125 84 18 83 27 51 120 122
22 71 5 102 107 98 54 105 125 22 51 91 67 12 122 72
54 25 100 70 50 63 77 47 19 95 3 47 18 123 41 41
67 46 15 46 16 69 23 13 91 74 104 31 86 99 103 13
69 73 57 9 85 108 11 65 98 7 101 15 65 28 16 73
65 40 58 10 96 38 15 32 2 83 85 85 57 83 40 126
28 97 8 113 77 19 51 48 26 24 63 91 52 79 36 117
119 94 127 87 5 15 120 7 98 77 93 27 32 5 26 60
103 34 45 52 53 96 100 79 120 35 43 44 115 79 34 106
46 33 66 51 48 58 58 19 7 23 46 39 29 72 99 4
106 16 56 31 113 29 111 105 64 26 22 51 105 56 30 23
89 96 74 10 26 5 29 33 28 75 72 57 20 43 61 126
59 118 30 44 19 13 22 83 39 44 7 16 100 37 40 61
5 114 71 31 119 100 64 20 48 8 77 68 51 11 66 110
1 96 27 20 109 49 103 20 93 110 37 65 19 77 126 24
63 70 55 55 42 119 75 90 127 24 30 50 35 97 33 36
65 60 56 47 109 32 67 74 14 104 11 34 53 9 58 117
79 114 44 122 105 119 84 105 15 115 27 51 84 60 87 21
120 16 68 101 48 8 47 62 112 58 96 38 68 27 27 19
13 71 13 118 62 98 95 77 85 123 0 41 55 88 62 48
104 3 21 24 11 69 86 123 127 55 33 67 82 60 87 95
3 100 85 65 70 53 15 27 48 15 68 103 103 3 23 79
6 45 103 17 114 62 12 113 117 46 53 71 106 12 38 110
112 123 47 55 48 62 82 96 78 23 72 53 26 95 5 32
12 108 49 126 42 61 112 31 107 37 102 86 49 12 68 33
8 115 88 56 50 43 25 0 66 97 53 92 64 58 124 77
39 45 75 81 106 59 113 86 96 87 44 17 100 112 51 108
99 11 36 21 54 61 21 120 30 75 84 95 5 80 44 44
125 119 126 104 51 111 62 19 70 106 37 42 90 88 22 61
99 59 83 26 120 104 18 23 51 103 118 57 55 34 101 53
25 99 29 76 82 91 96 25 69 5 67 31 93 90 92 64
21 47 90 13 24 109 36 75 84 26 4 11 60 106 64 86
77 93 34 32 56 2 57 125 7 124 28 100 86 121 37 107
40 127 121 64 108 29 12 64 56 16 76 116 122 12 74 72
106 109 104 34 111 33 32 119 29 60 91 116 53 0 95 94
0 88 30 108 118 42 45 46 59 121 34 53 5 109 125 111
106 30 116 18 106 87 25 97 60 25 59 83 103 114 76 101
1 69 126 50 21 111 49 65 25 80 32 47 64 65 57 42
95 45 60 73 4 85 43 64 110 102 20 86 89 96 59 90
37 57 12 58 40 61 124 66 13 28 113 78 93 42 120 61
87 53 6 91 10 49 28 121 24 48 79 113 16 10 75 54
67 87 112 107 21 108 45 34 8 31 112 102 73 105 35 33
30 41 124 40 91 24 33 115 72 112 100 89 122 47 15 61
6 127 41 27 108 86 62 116 117 46 90 63 23 125 96 53
39 92 94 2 117 127 117 61 112 89 22 106 8 37 40 14
37 81 42 17 39 104 5 29 22 96 92 46 93 60 99 4
24 65 6 13 65 123 75 49 84 97 27 92 7 67 107 44
20 21 61 60 125 66 89 19 34 53 65 0 113 37 4 9
102 11 23 39 6 98 88 91 67 116 55 74 55 34 118 76
55 51 8 52 118 97 72 24 22 9 24 7 46 29 16 21
40 39 60 46 9 21 9 77 9 65 23 64 99 14 12 27
65 20 79 55 117 23 80 11 33 104 18 79 5 35 100 45
74 33 92 84 54 101 33 63 38 56 127 10 70 12 37 8
32 116 63 22 12 15 33 45 120 52 124 125 87 97 43 33
2 7 117 56 108 22 119 19 79 118 29 21 2 66 29 35
54 93 57 66 108 90 111 100 14 108 98 101 77 13 7 79
20 124 7 0 19 126 19 98 116 48 119 119 114 21 26 41
114 83 107 94 45 91 67 60 71 37 33 20 50 40 99 70
37 106 70 56 104 90 26 92 10 17 83 125 38 109 38 24
64 17 119 110 108 58 42 51 95 75 71 17 116 42 87 25
20 29 81 124 119 107 89 2 124 44 127 35 26 37 59 90
54 50 72 35 108 114 86 75 62 30 92 50 72 51 75 93
81 28 89 72 7 50 74 3 95 73 38 121 110 98 83 37
20 28 72 1 14 30 76 76 60 41 126 5 92 73 98 45
101 59 118 108 110 64 112 77 10 22 70 120 120 25 29 13
53 101 14 68 4 90 16 64 3 15 69 96 88 39 13 62
99 3 42 81 68 26 30 78 49 100 70 41 125 100 54 51
73 68 119 77 31 7 14 34 22 83 2 111 123 16 45 94
75 42 105 89 13 38 116 110 92 79 32 116 2 101 118 84
116 40 126 59 30 61 19 69 27 83 117 9 31 79 59 106
121 36 68 7 75 56 117 39 7 21 27 9 122 17 93 110
58 91 42 88 24 61 29 51 16 18 60 47 97 120 25 90
28 93 97 103 21 87 14 28 108 42 37 103 59 2 85 117
94 127 77 118 60 106 42 76 124 102 123 93 94 21 56 123
114 25 98 8 112 113 36 93 27 74 68 86 76 25 76 42
25 25 33 85 4 75 34 0 49 29 94 16 50 22 11 37
47 109 45 32 94 81 125 121 27 65 80 104 90 28 18 115
53 51 73 57 126 107 58 48 8 24 64 59 46 75 96 93
56 13 125 23 94 122 16 122 59 96 98 22 124 116 9 50
40 82 107 38 61 37 86 70 61 22 1 107 97 97 73 26
110 70 49 76 65 65 70 124 34 40 18 30 29 28 80 69
110 60 107 44 97 66 114 31 88 115 10 58 84 83 84 66
26 5 14 91 70 85 87 104 125 106 7 26 6 87 95 116
19 75 32 117 13 18 20 101 5 30 31 89 114 115 27 12
120 42 103 63 127 62 39 124 40 46 23 46 6 118 35 25
65 67 14 78 86 34 52 91 65 83 53 51 71 80 63 63
122 38 126 121 100 38 118 13 84 13 59 90 3 94 116 69
34 2 19 120 37 71 83 102 27 8 25 98 89 88 33 83
126 32 77 98 70 67 111 26 80 43 117 83 9 105 24 43
107 44 35 16 115 119 118 14 127 15 112 88 103 18 44 101
50 121 72 120 60 55 18 12 98 7 95 108 112 120 23 92
36 59 108 23 50 99 38 49 114 22 10 90 40 54 63 90
47 7 82 107 63 101 119 33 108 86 13 93 78 37 57 114
96 37 10 18 8 48 67 123 70 77 85 111 3 20 73 50
28 28 29 91 1 20 124 109 107 10 74 57 47 3 44 15
41 54 33 49 102 100 44 44 50 1 27 53 22 101 104 50
1 5 13 2 26 9 111 5 19 58 62 66 61 106 81 102
32 114 24 6 87 68 51 9 70 78 62 92 51 38 14 52
44 27 54 70 36 38 75 56 96 9 122 29 116 76 4 20
62 28 27 21 96 78 30 38 28 93 2 80 3 16 4 47
91 93 22 100 9 81 118 20 119 67 108 120 36 61 91 125
91 58 103 56 117 50 70 56 69 120 46 25 12 109 24 103
74 46 75 84 127 66 104 118 5 84 110 41 17 73 38 109
3 13 37 120 64 107 49 5 99 95 31 111 77 55 87 23
101 34 107 101 100 83 91 105 39 74 19 57 19 57 38 23
71 75 15 7 54 64 12 26 32 43 9 109 98 96 4 72
3 112 45 103 67 8 81 107 82 100 36 102 29 74 125 100
21 12 107 75 77 120 101 109 35 111 90 6 79 94 78 82
78 123 58 18 3 11 125 86 111 33 60 12 107 57 113 0
69 92 75 18 84 49 127 120 32 89 126 111 56 76 66 6
71 124 24 74 7 21 32 118 54 92 2 33 21 115 33 91
80 109 109 36 30 109 28 62 70 26 45 126 102 111 5 45
107 29 120 114 51 24 104 105 117 107 11 10 94 44 101 46
25 83 83 55 64 111 117 6 10 35 5 112 18 10 30 126
39 22 112 90 46 89 68 35 68 79 46 34 123 19 81 21
102 36 76 38 19 66 45 29 101 50 14 119 60 44 117 99
66 102 62 112 63 2 20 3 81 66 37 76 85 118 97 60
26 46 98 46 112 15 75 85 65 89 76 125 5 66 97 71
40 31 56 103 33 76 106 114 14 15 62 99 6 32 31 32
78 2 78 62 17 26 19 83 115 95 80 121 33 49 64 73
80 120 48 113 68 26 99 82 42 34 54 48 66 85 80 16
87 31 78 105 57 97 60 44 64 12 37 98 62 102 43 14
94 92 0 35 118 99 117 32 5 43 80 71 1 33 87 88
64 37 65 121 6 125 37 71 10 75 41 72 49 84 86 15
48 86 50 39 58 40 71 63 83 24 7 84 57 94 45 121
4 110 114 10 108 23 81 118 98 122 62 19 79 20 35 127
107 85 38 37 125 110 100 81 6 107 37 63 74 82 56 78
65 42 88 45 65 42 35 36 36 97 55 115 117 90 115 96
48 25 5 45 7 106 126 13 85 36 76 31 118 4 109 55
46 70 100 112 112 7 20 20 104 75 8 94 38 123 62 86
20 68 3 28 46 2 41 3 38 118 35 28 122 16 84 41
86 56 25 70 64 45 91 40 120 99 6 30 94 69 116 114
24 74 8 55 52 104 75 98 42 21 110 105 0 68 99 59
117 121 16 71 85 47 76 9 90 18 30 32 75 14 66 100
89 75 27 13 51 103 111 94 124 93 71 124 33 42 55 23
36 71 94 121 118 42 2 80 60 32 113 8 46 51 108 7
126 7 21 50 110 4 16 107 98 87 103 3 2 31 26 38
102 121 31 93 35 33 45 96 65 30 104 111 82 84 119 80
91 12 2 74 16 18 53 114 106 28 118 108 59 16 18 34
9 49 127 45 82 44 13 19 75 117 2 29 73 121 109 36
5 112 110 22 2 35 8 108 64 126 88 123 15 106 29 24
27 28 69 109 73 82 0 20 71 3 49 16 124 30 53 2
14 35 24 17 71 32 125 7 31 86 2 46 64 32 70 92
60 12 73 5 94 74 25 38 77 74 54 73 105 107 75 119
15 99 8 86 4 6 93 35 92 95 81 28 127 23 120 60
35 66 65 2 12 91 40 89 37 94 34 14 74 110 6 89
81 14 47 85 20 12 120 112 107 73 13 107 97 5 39 4
71 104 6 83 67 46 44 105 13 79 119 87 61 125 48 14
12 95 100 32 107 92 17 86 38 30 65 7 35 104 11 107
81 18 62 20 64 107 125 77 58 117 36 119 114 84 5 126
51 105 31 30 70 48 117 108 78 54 115 113 31 126 92 112
16 27 4 81 6 2 30 64 119 67 55 105 23 60 104 75
38 7 105 108 55 94 88 5 21 75 118 52 73 83 36 90
110 40 43 116 42 73 52 33 12 107 11 36 39 115 111 77
122 88 57 49 55 17 54 76 92 44 0 38 127 36 0 109
76 43 97 119 116 21 24 1 0 35 37 40 22 20 117 16
108 47 65 35 64 119 111 29 36 111 67 35 19 67 17 96
110 114 87 98 8 111 99 8 19 8 48 41 28 38 58 9
85 123 44 21 115 28 50 23 11 117 58 31 56 75 127 38
62 86 9 70 69 108 78 88 117 127 2 17 37 60 26 122
55 71 15 42 99 66 65 110 55 124 13 112 71 12 22 5
98 31 75 40 12 26 0 1 25 2 18 62 62 45 56 118
116 71 32 87 9 98 69 65 94 83 49 37 95 71 43 66
103 118 106 115 16 106 116 41 109 6 103 43 51 31 33 39
33 80 68 36 110 74 53 111 23 65 99 62 39 112 124 119
78 11 83 17 115 93 113 22 106 44 113 80 50 69 108 83
21 48 119 3 123 44 114 18 109 86 80 20 70 76 11 20
88 95 37 75 60 22 97 38 67 82 118 117 23 99 73 45
19 64 48 14 109 35 33 90 121 113 111 63 62 122 83 22
89 121 97 21 15 66 60 82 20 50 72 43 21 17 88 41
81 9 55 62 44 88 25 37 74 8 100 8 2 55 30 92
48 127 113 64 65 45 18 85 96 90 0 117 107 89 30 61
98 86 123 14 46 20 51 120 28 23 0 31 78 30 123 127
29 108 63 94 26 81 51 122 44 52 111 23 13 14 84 111
100 80 125 18 100 48 11 1 71 11 32 21 42 27 20 71
7 83 38 33 37 89 27 81 13 11 104 26 25 61 9 125
13 6 15 113 54 26 114 125 38 18 19 80 45 39 23 53
123 61 86 32 23 114 113 36 125 89 63 22 22 72 19 35
79 34 21 5 61 7 3 99 26 22 51 71 61 74 124 56
8 83 88 31 69 73 67 66 35 2 88 57 75 107 93 26
13 114 31 74 121 34 45 19 56 96 91 118 43 87 46 51
42 7 82 111 80 21 49 115 24 9 45 99 116 10 125 2
124 28 76 117 63 122 9 119 90 100 109 5 59 28 56 102
35 10 85 115 32 7 103 56 16 20 27 5 30 24 7 26
52 83 15 115 77 24 107 40 124 88 45 56 116 102 30 23
112 115 11 16 122 114 72 11 6 99 16 36 123 23 62 48
106 77 35 56 102 14 96 98 103 13 26 91 115 56 115 100
44 126 116 38 112 61 49 118 32 65 26 28 88 88 76 67
37 111 123 11 126 91 110 101 104 8 64 92 65 51 64 109
49 52 19 33 113 69 23 18 6 49 46 95 9 122 34 47
105 29 58 103 120 40 76 96 49 13 60 114 64 124 95 114
49 114 19 34 55 43 52 62 92 98 29 102 92 63 21 70
92 79 45 84 120 122 52 41 7 113 27 71 109 122 57 30
108 77 65 36 120 117 98 84 88 127 58 52 62 79 122 26
31 40 110 23 34 34 64 41 19 91 112 1 85 42 31 65
119 96 101 111 86 71 67 46 70 126 98 4 77 93 30 108
80 68 38 58 63 105 122 3 6 72 112 12 31 40 31 72
85 15 105 2 106 12 113 41 14 46 117 90 94 28 66 46
96 104 104 31 81 98 34 88 43 19 100 74 59 4 18 16
19 123 19 125 8 4 38 22 50 27 113 16 55 51 63 23
28 39 55 109 10 89 69 53 108 42 127 39 46 17 56 65
12 75 62 20 79 100 43 1 127 28 18 55 79 81 78 107
120 5 89 2 95 30 55 75 72 54 115 118 71 43 55 84
118 117 104 69 89 19 70 89 47 88 16 127 41 94 106 34
100 67 36 67 98 92 14 42 18 1 33 90 44 88 46 34
78 22 103 39 42 46 0 89 6 16 88 48 111 67 82 83
6 118 22 104 82 36 19 101 38 52 63 82 12 109 117 90
3 92 2 45 10 2 7 17 19 95 65 2 34 19 85 41
9 107 17 92 15 36 65 53 88 0 8 101 109 125 63 112
89 65 30 100 68 37 117 87 4 54 89 39 73 46 80 82
25 97 46 40 6 111 94 94 111 102 67 92 99 3 77 60
68 107 32 8 16 21 95 20 75 56 59 20 102 11 103 127
109 21 40 115 5 6 81 116 108 21 81 79 24 30 11 92
9 44 101 25 65 68 45 13 125 105 33 99 116 8 99 97
30 11 84 35 17 38 23 125 59 104 76 83 6 87 47 15
3 20 40 69 89 86 82 86 63 115 57 51 124 28 21 26
39 105 61 56 15 84 53 74 61 1 29 67 89 77 83 92
97 123 33 58 81 115 16 16 103 74 68 99 102 89 125 14
66 58 70 82 14 124 28 75 125 58 15 86 7 98 51 104
93 84 35 47 72 51 63 47 125 3 18 100 92 15 114 31
73 56 113 87 52 13 35 50 71 50 8 78 20 59 55 113
16 90 32 88 13 96 7 11 99 25 111 64 40 97 95 113
25 80 72 78 93 107 0 37 29 8 115 49 68 42 35 84
4 67 44 18 35 51 29 7 76 12 71 116 109 38 101 6
118 45 84 83 25 84 120 54 93 108 104 33 22 11 117 27
78 33 45 114 84 74 121 32 86 64 20 67 102 121 73 92
38 30 47 63 114 40 118 79 20 94 112 42 105 101 69 55
6 114 41 90 60 34 122 18 98 14 85 72 7 31 36 46
123 56 40 96 108 76 43 111 75 61 88 7 94 110 5 35
110 78 102 85 96 120 88 89 89 96 74 84 89 62 58 84
118 98 52 98 47 95 82 122 28 42 1 122 25 7 30 7
85 4 92 53 124 52 14 86 20 88 42 109 22 101 65 13
71 117 111 118 84 65 112 113 108 114 107 5 121 9 12 78
13 104 4 10 28 18 96 49 107 10 30 1 111 96 14 55
85 126 45 42 63 30 27 43 16 6 48 9 16 60 87 29
36 91 39 65 110 7 114 89 18 16 90 1 112 105 56 70
103 102 112 38 4 11 82 20 17 2 29 33 63 116 63 99
80 102 36 62 110 22 23 0 39 113 1 23 90 58 93 65
32 77 104 36 88 58 56 106 60 85 11 123 73 74 95 25
49 3 87 31 26 110 31 65 96 32 88 58 90 54 124 122
3 100 30 92 30 86 70 90 43 81 86 117 28 53 14 77
56 102 108 82 84 11 19 52 43 108 111 6 34 107 0 37
79 31 1 109 117 71 71 33 25 29 22 53 82 36 2 11
10 110 93 95 121 113 19 36 93 2 42 127 109 43 36 60
74 38 41 63 109 113 96 6 14 118 59 97 27 61 108 37
43 73 4 36 58 24 73 23 26 115 22 8 30 59 68 104
97 110 40 78 95 8 85 109 127 16 78 26 78 58 63 121
4 68 30 62 92 103 86 118 90 108 126 121 39 67 97 8
49 9 87 16 18 44 125 17 60 76 43 10 6 106 4 10
46 34 73 10 9 31 1 99 11 127 92 51 66 62 59 115
71 18 3 89 62 1 106 123 77 21 5 83 0 9 94 46
43 39 57 52 70 58 24 81 57 116 4 124 50 64 111 122
82 115 83 17 116 62 12 65 83 17 20 83 27 114 2 70
25 59 123 95 117 19 49 46 7 53 42 58 117 26 52 72
13 7 89 1 69 101 66 25 118 86 108 17 73 110 88 98
41 83 66 30 102 115 77 109 40 119 39 30 17 91 102 30
99 63 31 40 36 97 65 26 56 46 44 1 28 4 99 70
87 37 100 61 24 49 42 65 41 82 95 58 45 69 89 16
4 120 57 40 90 122 66 18 40 110 19 69 114 118 11 73
28 111 6 52 33 49 117 74 3 84 4 48 25 93 65 29
86 28 68 63 73 30 32 42 96 35 115 103 95 66 117 75
22 42 106 82 100 72 67 3 58 96 20 4 89 125 106 48
25 46 111 98 76 15 12 45 50 127 20 18 65 10 93 87
52 71 41 25 15 108 28 74 76 49 78 38 46 56 86 71
103 69 41 51 84 53 96 6 52 117 24 117 127 117 76 51
61 117 76 76 97 105 22 46 26 101 84 72 29 42 15 4
111 56 56 67 109 24 73 33 13 98 22 12 87 98 64 20
87 12 97 56 117 119 102 15 92 58 87 122 100 102 126 83
30 54 22 11 79 96 44 92 66 66 105 25 36 41 46 123
53 15 52 43 6 26 58 99 85 18 93 57 120 91 13 23
18 35 34 97 3 79 61 69 17 38 95 54 79 13 49 5
28 101 48 34 0 106 5 85 124 98 14 117 62 27 12 80
63 46 49 66 125 110 8 15 21 103 69 100 116 118 105 16
92 25 50 92 4 56 49 0 26 63 117 88 91 1 40 26
48 89 92 45 72 100 60 93 75 1 65 63 120 43 79 84
68 2 48 72 58 97 73 84 32 62 45 123 64 85 21 112
47 114 29 119 86 90 84 34 91 21 97 83 64 49 39 5
51 87 77 109 56 22 65 89 85 110 84 21 68 106 5 115
92 34 106 50 124 62 84 88 83 54 43 20 103 83 25 26
42 102 7 99 125 72 60 82 55 16 103 123 122 108 110 86
14 88 9 11 22 93 99 105 19 14 125 122 97 22 20 12
125 27 111 122 100 43 76 27 59 51 22 54 31 4 12 45
92 21 56 114 115 27 91 6 42 89 1 11 111 21 23 108
49 6 102 21 49 50 48 109 101 70 35 4 74 47 50 38
69 106 24 56 6 115 62 48 76 63 59 60 85 83 40 6
89 15 27 11 65 75 120 39 17 27 43 91 74 93 1 15
72 25 71 78 12 6 126 89 69 57 21 26 12 61 32 102
76 59 113 14 6 105 53 23 4 96 114 78 62 115 94 6
12 37 84 25 43 82 114 113 11 7 11 24 68 44 126 17
103 111 31 110 88 84 5 92 52 120 42 114 107 8 120 120
46 76 17 89 30 3 74 42 10 86 66 78 2 64 95 105
47 126 87 7 82 93 99 7 85 13 121 64 22 114 56 68
