110 122 36 115 46 84 109 2 94 118 28 13 2 38 77 100
17 111 52 5 16 38 108 27 89 2 58 24 80 17 67 62
12 103 49 58 60 30 60 26 20 89 39 22 127 116 123 16
99 47 21 115 86 2 14 47 4 72 71 84 90 10 18 102
113 67 32 45 98 93 71 118 54 111 13 53 99 8 69 71
55 90 58 13 92 73 60 96 17 3 52 107 13 70 81 127
10 114 44 108 79 116 98 5 99 111 58 70 119 127 13 47
89 72 60 54 17 121 22 34 124 75 14 10 17 95 9 27
81 53 7 32 41 106 37 12 89 95 83 81 94 96 0 56
40 60 110 57 53 4 92 50 79 106 60 97 73 69 124 27
122 4 59 36 110 97 48 71 64 3 24 31 100 24 87 12
85 69 70 10 73 34 60 25 12 120 122 85 61 118 112 56
122 44 92 104 13 12 48 77 16 72 108 116 97 67 0 54
8 70 64 82 104 125 107 116 117 101 74 51 91 58 107 86
102 71 62 115 83 110 65 99 55 45 87 24 113 88 78 121
30 14 75 7 11 54 123 1 27 69 52 119 0 31 77 102
102 11 90 57 122 27 29 49 72 116 73 57 76 23 51 107
37 126 114 49 53 109 50 80 51 102 71 51 5 20 25 107
32 115 36 26 14 65 75 87 54 20 16 2 43 67 109 80
66 95 1 119 77 51 71 0 25 15 51 30 35 76 9 67
64 46 93 78 111 40 37 37 60 54 40 103 121 21 56 59
117 57 50 66 109 122 66 6 9 117 37 44 65 46 112 1
92 77 80 76 118 117 113 50 43 25 26 37 47 82 96 36
11 19 102 120 13 40 127 22 29 36 66 94 82 50 96 47
0 48 123 118 37 108 40 81 6 66 118 53 20 86 89 32
105 63 24 118 103 23 12 4 59 79 98 14 1 66 61 1
114 56 119 24 36 32 105 42 98 95 95 119 53 56 23 31
119 47 21 94 71 34 98 2 113 69 16 114 7 77 116 122
5 107 18 42 11 123 84 110 90 52 101 15 108 124 46 100
43 68 66 114 102 37 117 87 106 5 73 113 83 61 107 88
41 125 2 52 120 87 34 82 11 7 98 119 3 16 91 47
84 30 33 58 67 22 17 45 28 91 30 111 24 10 71 65
122 101 24 12 4 9 42 66 38 125 58 99 90 69 60 2
58 44 22 97 103 92 72 53 38 1 74 68 106 96 113 101
69 9 113 73 19 28 11 57 25 70 28 115 11 88 117 69
5 12 39 108 104 111 33 14 112 107 82 91 76 68 64 17
77 49 91 96 77 102 25 102 44 54 90 56 14 79 125 19
91 36 127 67 19 33 81 4 12 36 95 88 104 31 106 53
80 69 22 30 43 47 4 88 101 94 16 116 46 13 7 9
50 7 77 69 40 30 73 52 66 40 13 42 71 119 96 24
60 118 54 103 37 58 63 11 25 79 127 71 93 6 80 15
13 29 84 53 60 30 106 126 70 119 41 14 110 9 38 42
127 92 17 36 22 81 47 47 32 46 118 125 53 71 12 66
100 97 120 32 127 98 31 69 89 72 83 71 81 121 113 80
85 2 116 108 83 36 27 116 82 18 113 7 89 126 74 61
95 66 94 94 36 125 35 125 69 119 68 22 112 53 102 70
55 90 50 11 126 77 127 81 95 112 88 56 110 34 118 77
100 84 43 8 81 79 5 22 70 73 44 54 126 18 124 54
108 46 65 107 124 64 60 91 48 20 20 31 55 10 108 27
94 24 36 47 103 41 69 45 115 113 99 113 3 96 39 111
14 104 90 10 40 22 102 89 43 122 120 98 4 100 125 98
124 33 17 99 75 86 16 62 71 116 47 74 84 87 57 98
63 20 109 104 42 83 65 85 77 57 55 81 29 53 51 26
86 68 125 33 26 14 95 97 2 15 43 86 102 100 56 37
120 37 13 35 120 78 120 69 7 48 22 37 101 73 63 59
13 60 93 39 74 60 8 76 75 51 34 49 24 91 87 16
0 100 51 121 51 44 62 58 92 85 95 65 30 30 124 44
91 89 83 37 22 92 114 97 15 20 19 39 111 106 56 112
78 107 105 1 23 39 60 115 124 27 52 27 58 49 71 21
10 26 58 32 118 44 2 6 65 21 45 48 127 101 32 77
81 9 79 104 49 11 92 45 38 16 72 96 65 15 117 76
42 48 108 32 92 110 38 29 3 84 78 2 57 110 80 10
120 31 115 41 42 79 86 80 95 31 49 33 46 38 109 88
86 89 121 51 72 31 80 75 115 30 78 45 13 30 55 5
108 80 84 96 86 46 6 84 30 95 31 59 20 74 79 14
109 1 75 40 101 92 76 108 36 36 22 31 118 96 78 99
48 34 67 7 81 74 91 111 41 123 42 61 69 121 75 51
123 22 91 96 114 39 76 22 76 98 54 66 67 4 37 115
39 105 122 120 51 86 103 92 81 17 25 22 10 100 73 5
123 37 101 109 76 50 4 24 20 58 91 87 62 0 75 101
105 69 93 28 27 68 120 108 85 17 3 96 118 76 101 113
113 75 94 62 125 98 86 17 28 49 105 91 50 52 64 27
121 30 56 21 98 48 1 56 66 4 24 56 81 125 41 66
72 7 0 69 106 87 87 6 8 64 97 58 116 34 86 109
64 14 2 34 62 4 90 0 8 114 56 89 112 97 28 56
105 28 126 83 115 85 89 124 21 59 54 9 93 12 118 29
26 121 63 89 125 26 89 5 12 18 95 124 115 123 53 92
23 51 47 11 8 9 7 29 68 61 38 33 74 28 62 100
21 125 61 18 23 23 24 36 41 119 32 28 114 85 121 9
8 40 20 16 49 27 45 117 89 83 22 35 112 84 7 5
82 69 24 105 92 48 13 5 39 46 33 25 3 26 34 12
67 55 28 116 82 74 106 43 29 0 78 13 85 86 19 39
27 43 16 119 91 30 124 2 76 29 27 79 56 61 91 123
116 120 111 71 66 89 114 95 90 65 109 47 23 0 86 50
43 102 41 6 4 37 8 80 66 35 32 122 96 123 117 85
115 101 28 53 62 14 21 24 79 2 71 102 2 29 24 45
4 65 51 8 102 59 89 41 94 121 35 62 116 25 19 104
126 47 29 60 62 50 85 13 52 28 116 54 58 12 99 62
78 22 70 52 81 31 93 47 24 1 110 13 26 1 117 24
49 18 84 111 69 41 124 121 70 112 48 0 125 19 62 75
42 4 127 123 36 93 43 60 94 25 73 120 26 62 16 75
81 100 58 22 14 55 15 84 39 63 84 36 83 18 111 125
22 111 120 58 76 35 119 42 60 64 34 87 127 50 34 80
22 93 102 36 20 117 120 59 53 76 96 8 94 79 5 117
62 125 47 10 33 38 52 93 103 86 52 102 8 87 54 31
52 28 67 72 17 60 3 70 8 99 78 103 51 83 92 113
102 118 86 108 40 76 80 42 108 104 73 9 92 1 107 9
66 106 43 70 107 5 58 8 16 31 77 101 123 19 25 97
9 111 77 50 59 29 92 39 5 37 48 97 38 27 106 105
6 22 47 113 27 105 121 43 8 70 16 3 90 41 101 99
25 50 21 84 80 113 124 85 22 44 55 61 72 33 38 78
55 85 63 82 63 56 126 71 127 14 75 89 56 48 60 81
98 82 37 50 67 33 8 90 78 63 23 22 96 61 100 24
18 35 106 81 91 104 25 90 119 100 51 47 20 112 0 118
66 37 41 5 71 49 95 21 112 118 43 80 51 15 104 70
50 83 23 13 59 48 104 50 20 27 97 40 11 97 31 77
7 72 83 78 121 50 99 105 41 14 57 92 29 34 34 79
117 58 92 48 106 68 99 127 96 68 39 107 38 70 57 45
14 12 123 7 62 94 112 103 108 42 68 9 76 102 88 65
32 52 113 11 121 84 10 89 25 49 68 63 120 125 108 6
9 103 14 72 69 126 47 49 40 115 58 116 90 18 53 122
70 39 5 63 123 15 24 20 65 93 83 57 90 63 63 100
38 77 44 107 76 91 28 116 79 86 105 41 104 30 35 47
69 41 110 65 56 7 85 121 100 41 50 62 104 114 34 15
63 78 122 11 42 23 0 121 109 105 34 86 7 69 5 77
110 115 14 39 122 99 32 94 12 83 29 117 69 63 4 4
14 126 16 56 21 16 49 3 121 83 89 0 24 94 77 7
81 91 46 76 63 78 42 75 33 71 64 102 7 68 107 21
67 123 77 88 11 126 91 4 81 52 4 105 18 82 112 100
45 30 48 108 109 90 56 14 34 120 117 41 61 96 62 0
91 11 88 102 9 52 106 90 104 110 67 123 64 52 95 110
82 15 90 63 105 18 78 11 11 67 52 72 35 114 72 126
125 32 100 6 84 78 96 61 60 36 56 125 88 23 107 42
38 69 106 15 88 56 27 99 123 79 43 30 66 115 28 63
19 0 70 104 78 38 37 10 74 93 7 34 116 114 77 26
56 55 41 16 111 68 115 106 20 30 8 86 17 36 21 36
36 91 12 114 2 49 124 76 14 4 111 2 118 60 28 46
115 70 62 98 10 49 76 30 79 84 116 96 120 10 5 28
12 86 108 6 59 27 87 127 109 120 21 85 29 78 6 25
35 84 44 6 79 52 51 110 21 31 61 28 68 40 48 80
126 28 86 57 56 46 56 37 38 78 122 67 28 1 92 63
85 8 70 36 60 121 18 81 24 80 110 92 120 30 44 119
58 3 48 114 49 105 23 87 55 18 26 83 19 118 19 104
126 89 12 58 82 31 12 106 111 122 71 103 24 115 94 82
118 15 69 39 120 92 126 47 110 24 2 1 14 21 105 12
110 118 71 64 21 83 43 4 77 114 107 101 101 74 55 92
89 124 3 81 89 2 0 71 26 2 73 41 24 50 53 6
40 124 71 61 79 114 65 28 100 45 1 73 119 57 37 80
53 41 33 14 43 33 86 69 35 31 110 59 81 36 66 122
32 9 55 112 123 121 12 95 38 14 40 29 71 78 109 124
119 14 11 34 47 97 103 82 0 86 14 81 122 80 75 26
89 3 10 84 124 23 51 34 37 91 63 108 41 44 104 32
58 115 66 105 84 42 59 84 0 73 38 122 25 113 20 114
116 31 70 112 54 121 18 91 85 81 71 126 125 47 31 55
35 97 32 119 11 92 76 11 37 114 5 63 99 26 49 88
57 120 72 111 113 91 74 70 44 17 69 42 64 100 97 99
69 2 91 81 94 39 92 3 25 98 66 124 124 116 84 53
108 29 36 93 120 110 36 36 127 105 78 63 77 48 35 18
50 126 99 16 37 64 19 62 34 86 58 30 74 15 83 54
44 119 19 36 101 55 72 100 32 23 35 109 71 70 0 121
68 99 9 105 35 28 39 69 114 98 99 60 113 54 114 29
45 6 65 18 61 9 118 94 32 26 75 103 96 75 96 37
47 105 14 82 6 54 24 120 24 123 53 9 50 39 38 95
45 103 114 107 112 104 73 17 2 20 120 99 96 89 8 15
66 22 97 72 76 121 65 100 117 118 109 39 29 19 6 75
122 120 54 107 97 127 124 99 19 116 70 115 77 78 2 16
101 100 88 49 93 25 22 82 15 3 121 45 23 0 120 17
120 46 124 89 45 120 61 64 109 3 52 58 82 54 74 55
26 35 104 120 60 126 74 76 2 68 121 25 68 113 42 60
31 39 22 76 31 83 12 12 86 64 71 40 119 17 95 17
17 58 52 65 124 30 10 55 80 15 69 47 37 106 23 13
87 116 23 79 0 68 86 28 37 82 62 68 60 102 66 77
32 118 14 28 20 24 84 101 40 25 20 77 3 44 90 91
32 113 42 33 53 0 61 90 82 123 31 14 97 97 92 2
87 106 30 107 3 114 80 43 12 101 120 15 17 82 106 49
68 21 82 121 21 16 84 104 11 115 118 109 84 82 111 43
61 13 22 64 0 103 107 12 76 99 27 93 53 6 14 121
27 97 115 48 113 71 24 124 58 15 105 14 97 88 57 30
102 79 94 102 54 73 114 2 44 13 95 98 19 110 91 46
79 78 95 64 21 119 60 79 6 38 93 104 126 22 6 100
102 101 74 28 46 60 31 91 74 126 61 93 108 24 12 59
103 107 123 124 98 56 76 105 94 41 81 92 64 87 65 38
60 11 66 107 72 97 70 18 96 3 111 76 27 123 8 2
102 3 127 73 59 75 50 25 116 3 118 52 90 55 90 23
66 29 2 10 126 72 28 94 75 12 43 102 7 51 105 110
54 104 55 114 51 105 11 39 108 1 92 70 56 54 93 123
83 95 5 82 39 34 48 114 46 91 89 53 14 66 35 69
42 90 55 93 67 66 4 47 68 96 118 124 23 83 119 106
51 125 60 90 31 109 77 77 72 38 2 87 104 38 28 18
0 83 111 68 21 115 115 89 84 105 86 107 61 77 85 112
74 18 74 105 127 23 54 71 61 57 30 37 95 58 55 95
13 38 35 35 26 23 124 110 0 82 89 61 32 46 45 106
64 120 84 63 15 10 7 77 67 37 114 34 96 42 2 109
80 37 16 106 60 13 88 61 95 49 122 127 96 40 106 32
32 62 96 47 72 103 124 12 12 111 46 108 25 48 90 105
86 106 84 18 119 44 79 87 94 74 86 62 114 64 94 18
126 62 65 71 37 62 83 50 45 1 30 70 50 120 47 8
99 3 26 90 48 106 49 14 52 8 76 38 72 42 56 71
105 121 14 14 55 97 64 100 98 95 42 20 87 90 28 58
93 55 21 13 33 70 27 85 78 103 123 23 18 51 94 123
44 108 9 100 77 74 72 47 41 115 68 0 77 96 59 42
23 80 56 56 22 83 13 101 59 8 124 77 59 90 72 104
88 62 12 36 29 112 110 27 23 14 75 22 54 87 20 92
6 53 26 19 58 3 45 38 98 66 70 57 95 111 45 55
46 58 91 75 42 73 102 65 87 49 87 13 8 108 105 15
33 3 34 91 7 79 1 105 17 72 34 112 55 80 39 101
10 2 48 52 76 22 117 35 72 77 49 80 57 26 95 90
30 1 53 37 80 55 14 98 127 49 82 54 1 122 28 11
124 76 63 72 99 52 108 43 1 29 123 58 55 91 20 85
92 74 122 45 1 9 15 0 58 97 54 59 91 82 70 88
31 5 32 2 57 12 45 59 41 40 117 97 3 10 54 96
84 49 13 85 58 28 85 116 125 11 47 89 94 117 49 125
122 81 127 51 94 44 110 7 84 100 104 88 110 31 56 66
80 69 23 10 97 108 126 94 119 45 55 85 34 104 82 28
58 81 79 24 125 62 31 82 34 8 42 16 39 98 82 119
39 105 1 8 85 127 102 76 44 30 34 78 6 116 106 64
70 57 88 67 119 120 21 25 0 63 41 39 33 123 30 72
100 31 80 57 30 55 6 74 85 40 24 91 28 2 28 98
59 116 38 51 108 59 76 108 123 118 19 28 113 49 101 86
80 53 15 110 108 21 56 65 61 80 29 90 82 57 60 14
45 98 65 26 30 13 6 25 3 26 53 117 75 26 75 28
80 90 10 60 112 67 126 45 19 27 7 102 84 68 116 1
38 53 27 68 66 34 93 70 60 19 59 7 45 6 35 125
96 46 58 80 113 56 126 4 83 5 106 39 73 94 40 112
19 68 52 86 102 18 28 34 37 87 41 82 93 77 80 61
123 10 14 108 66 12 112 21 17 91 60 91 57 100 75 77
40 127 35 14 17 63 48 54 22 90 9 115 39 89 48 34
99 62 14 37 74 126 58 92 89 118 55 19 90 2 96 3
1 3 17 19 66 66 73 88 28 82 75 67 43 123 101 14
58 115 51 4 113 109 96 75 99 23 94 62 25 62 65 27
65 82 46 3 20 119 91 48 74 38 115 117 33 88 4 91
75 55 96 61 37 64 8 8 88 102 70 113 36 7 12 101
90 58 104 110 50 67 31 124 105 18 113 10 107 117 102 54
45 70 115 82 6 123 90 94 97 33 80 5 40 92 106 2
15 21 43 117 7 112 91 49 52 114 78 43 88 111 107 93
118 115 5 35 92 44 104 36 80 120 94 67 0 79 5 16
100 49 5 107 33 96 29 85 83 107 0 43 91 108 8 81
95 13 116 59 57 92 95 10 84 62 77 85 13 82 101 113
3 106 92 36 74 121 122 29 101 122 72 64 102 80 17 69
94 6 0 23 98 96 33 55 30 110 12 43 65 113 28 68
91 120 105 37 114 99 67 87 93 11 23 68 92 40 9 58
46 10 81 17 106 115 72 8 97 84 51 34 69 79 103 32
71 80 69 57 51 8 16 16 20 39 84 112 80 94 42 126
104 123 15 82 110 87 90 80 43 13 114 112 92 89 16 35
41 86 93 92 94 109 109 114 21 65 98 101 31 12 99 7
8 115 89 118 74 51 70 118 64 57 102 28 18 119 64 60
77 29 24 43 10 5 30 31 71 0 4 102 13 104 110 21
91 71 11 37 123 82 27 59 11 2 88 29 121 24 89 70
53 114 113 63 119 15 95 62 16 99 37 29 75 19 50 38
90 61 76 85 15 103 17 26 105 105 56 98 1 17 40 54
3 26 117 123 41 84 57 57 56 94 86 3 113 8 42 76
70 118 33 85 93 50 112 71 27 40 41 28 57 82 82 61
108 72 56 21 28 113 79 84 80 37 88 65 46 2 13 116
120 47 73 85 97 57 28 125 97 70 25 27 24 108 88 4
52 16 25 80 1 104 37 81 14 125 19 60 127 32 48 119
79 121 76 49 51 105 46 20 47 71 47 71 51 7 75 103
23 100 56 25 77 93 106 91 90 125 23 89 30 71 80 109
64 28 30 115 5 76 8 52 20 55 123 71 63 70 47 86
43 103 111 120 68 90 83 30 87 106 119 117 49 71 99 113
99 1 101 105 78 109 29 98 36 25 41 99 95 88 58 10
63 41 2 3 3 85 33 91 63 24 80 112 95 51 98 67
53 71 44 3 52 73 101 88 98 14 60 66 103 118 76 38
31 79 42 35 36 75 126 100 100 78 84 67 2 54 6 55
125 50 58 49 124 31 10 94 45 70 32 20 60 109 59 91
60 101 126 96 48 124 68 20 75 25 88 77 79 94 4 77
17 62 126 13 93 8 107 10 78 12 31 10 121 90 102 53
116 88 49 14 48 41 121 61 66 13 109 26 14 119 125 2
81 111 21 95 59 60 9 58 11 113 120 118 63 84 41 51
44 90 66 93 3 59 26 69 72 7 96 86 126 93 88 79
76 109 47 8 41 56 66 53 41 58 43 104 14 84 28 59
46 94 24 50 25 50 119 97 57 87 55 55 53 15 7 1
124 54 9 38 110 75 91 24 5 6 0 20 90 28 79 8
122 103 58 19 25 50 116 82 9 43 9 62 58 16 64 55
70 73 93 53 21 56 77 26 62 77 46 24 106 125 32 100
100 91 120 125 13 108 79 22 24 89 85 82 105 21 9 48
94 102 101 115 30 50 14 92 127 60 116 105 58 21 78 30
112 70 28 125 50 107 19 74 68 104 29 46 125 38 94 92
13 67 79 43 117 93 8 116 26 124 94 84 17 44 114 1
114 14 126 36 122 18 111 62 122 12 108 120 50 74 84 63
13 35 107 2 1 115 119 27 111 85 111 1 1 97 2 115
112 1 23 106 19 6 40 13 18 21 5 69 95 89 4 109
125 111 111 126 98 102 25 82 59 8 83 60 105 85 47 89
86 71 67 105 77 108 119 96 1 124 37 96 86 41 77 83
25 61 81 123 35 106 77 95 114 32 27 91 118 75 53 76
18 120 54 95 100 45 63 101 41 100 70 127 14 19 82 39
80 35 34 116 13 112 83 127 16 110 91 6 57 16 83 75
8 9 43 109 54 106 82 95 79 24 95 93 44 49 4 124
85 38 112 98 22 67 98 39 50 61 45 107 77 0 55 85
9 98 66 63 76 21 31 27 45 126 120 89 47 124 86 4
35 70 103 57 10 73 96 60 6 14 39 83 14 94 40 24
64 107 87 13 0 118 40 45 116 33 7 36 29 93 40 64
35 15 122 45 88 90 105 94 104 17 49 119 111 90 15 48
69 102 61 69 93 101 114 81 6 121 117 36 86 30 100 122
45 94 39 6 57 17 100 33 34 22 24 17 112 39 65 53
14 126 122 107 100 108 60 106 102 50 14 60 80 115 54 125
81 94 3 10 111 104 44 17 126 68 34 110 108 100 35 122
98 29 101 70 9 33 49 111 83 63 44 35 50 98 33 4
64 36 14 47 12 58 64 10 127 99 120 107 71 27 101 41
33 126 124 8 20 79 3 44 105 67 119 74 19 61 126 13
123 33 118 70 29 94 20 75 97 120 90 66 33 61 21 66
59 18 74 79 97 77 123 74 16 115 20 35 48 18 49 43
52 39 114 81 5 6 28 102 126 118 41 31 51 62 97 111
80 43 62 49 121 58 124 9 45 16 45 93 35 94 9 87
5 123 40 10 1 68 113 127 59 26 31 110 88 0 93 41
44 28 90 37 86 86 46 3 103 91 96 10 57 105 97 62
100 9 73 101 77 58 101 8 84 4 119 44 4 84 85 48
112 48 85 70 6 4 73 109 95 42 119 25 19 88 87 120
97 32 93 47 90 66 55 46 70 46 91 75 3 48 123 115
96 81 58 103 85 3 84 52 45 76 77 65 36 37 57 6
69 22 53 32 89 108 78 31 27 41 106 30 90 102 17 58
55 75 33 12 79 118 64 124 66 14 61 102 51 118 108 120
13 33 24 102 14 103 5 41 16 112 71 106 86 88 37 13
36 70 25 115 60 89 111 126 103 45 101 26 35 81 19 48
115 43 22 1 18 28 42 35 12 113 13 98 73 50 111 109
121 8 96 53 97 80 52 73 125 25 99 32 106 118 81 93
34 103 94 52 3 8 87 15 121 101 113 67 23 96 48 16
104 17 70 74 97 122 19 94 19 118 126 125 109 79 91 15
55 57 67 58 66 27 74 59 0 59 126 23 28 47 40 4
64 110 78 33 104 97 127 123 88 125 120 69 77 83 84 4
13 23 62 79 50 8 10 50 68 9 74 96 56 114 100 120
96 51 25 72 20 24 67 108 21 59 49 98 15 5 102 28
29 37 107 79 45 117 2 113 126 76 81 54 62 54 46 30
105 71 102 125 95 41 106 117 100 27 87 115 33 62 15 62
99 122 13 16 112 15 2 110 91 83 37 25 9 83 55 114
27 29 112 122 70 90 111 43 117 71 30 22 5 46 84 104
40 98 120 24 113 122 7 77 78 44 102 87 127 30 74 26
59 58 21 2 20 4 45 9 75 75 32 80 121 116 56 34
86 49 58 72 43 65 21 121 109 123 81 109 25 27 7 85
85 28 87 105 33 4 114 108 79 18 61 73 7 117 107 93
38 37 37 82 103 58 75 84 54 28 65 79 55 73 36 12
