228261 256581 242190 208469
267571 282633 265916 246685
228462 239213 241097 223519
257808 266018 238487 237085
264959 255629 248418 233497
255646 277423 255758 254868
257417 239415 234480 228564
279762 257645 248543 269443
287181 275517 254198 277769
279370 273517 269151 267354
257178 262794 244284 263837
292089 275467 268257 279435
247233 273744 280486 243557
229931 277646 273480 258982
207880 245585 262943 252488
273024 297153 279588 255535
236635 263082 255109 230550
217964 256172 228577 228186
225210 227375 224282 206276
276068 289224 251429 252240
262358 262095 265407 245891
215800 260435 256579 224760
227156 245760 234781 230201
277475 278397 269102 263979
272811 254317 245231 281518
254654 268491 238033 266126
245698 234021 231059 246167
279593 279868 291365 323793
255635 283622 251260 248194
232809 257492 253774 222461
230468 248508 234603 217794
288883 297081 290498 288669
218755 249136 236170 219609
253268 298488 251220 252250
234082 276318 242167 224454
248607 274911 270249 246998
261422 228111 226364 214248
261740 282475 270767 259655
254149 236720 254178 240046
288741 283350 290051 267577
258452 254419 249374 272362
309563 290064 266155 299370
279992 274925 263769 288981
291361 300512 294957 297753
228440 248947 231039 246292
232459 263865 270421 282173
239824 277329 257892 243381
256423 302072 279950 274318
227198 222868 229234 195286
240584 270886 236305 216797
221174 238103 244896 196800
249565 244906 244488 225758
230721 237755 229849 246566
247541 244800 222587 213531
254440 255352 254864 247258
252588 269951 255157 246340
274647 228438 247762 259138
277661 257884 257792 285883
269738 250451 243493 282535
267333 265833 243040 272402
207572 233228 211537 242705
221755 252409 249773 260107
230567 261172 260355 252767
234943 272056 261412 245031
275234 234284 256631 283630
282534 230732 271900 288409
288076 268060 297466 305688
305758 256858 299802 320073
248670 261527 262568 270718
237365 253435 242930 258118
284804 286633 261594 293462
280723 272839 278677 259815
256175 237070 273791 231831
270251 217851 281066 225788
275846 253212 298536 262501
277821 247643 312257 254196
271299 250686 245918 245765
247677 246769 256777 235541
270775 277993 257097 252237
285710 286993 266601 255515
286601 231289 279364 297667
266333 230639 275632 289103
286551 234345 268465 275951
266376 211272 260466 294706
251976 274486 299302 284296
244955 245985 240792 236190
255287 234479 249405 261786
247599 262325 270188 284875
289469 262602 317023 260042
284669 230091 272782 228355
269294 223571 289579 231670
254048 241672 292229 232495
281798 278865 284339 266361
241669 253124 260747 242428
248850 266131 265167 240052
252520 278181 253255 265701
278208 241206 284621 285245
247640 203750 244871 233243
264919 226090 246832 267076
261340 245289 281935 301026
279983 276809 264572 277382
225665 248809 258770 255329
242595 245033 254014 260094
272908 298069 269888 267361
263383 242544 298358 247568
235036 225117 278181 217461
249717 224936 284583 253577
298704 263081 295883 256210
261036 267453 264663 253824
247739 251231 245449 223696
275604 246160 247995 240121
275727 284224 281110 244044
262955 213201 277071 270325
253483 247178 272803 307865
342360 257100 329365 330011
253064 221323 285835 298368
254418 248575 255078 233238
263758 269622 258506 271100
307554 311147 293597 314202
266801 275413 258821 289733
267348 235689 283946 227327
271287 241625 307947 252097
293802 269957 348308 267037
273763 244827 281442 251435
248901 257149 267486 241970
261934 250863 276418 255064
312598 304891 296616 284695
267238 287433 285296 240556
272473 240090 236021 272860
280888 289702 291088 290211
247532 238041 226805 272095
259432 263618 246123 270082
295926 242982 310636 234876
300622 273495 307503 256632
251155 247185 275889 226557
320455 281892 300794 240131
250502 256296 264939 219883
300184 277824 303005 274580
259968 235542 256924 223548
286113 278351 259923 238992
252160 260907 237728 201186
282870 280048 262269 248409
229819 244829 229419 216104
273033 244396 247630 225606
233923 236852 222657 244810
248375 212856 253679 241095
292777 263496 258171 275672
297291 244028 291009 291361
251166 226909 260800 222897
267641 234060 279751 236549
307787 254413 298754 269699
331125 252991 312265 239968
251253 243348 236821 225905
265858 252654 261087 226508
276096 283622 253349 231509
303432 296156 278418 262294
247917 237195 208153 211862
246268 234355 243036 191226
275149 256284 238686 214250
289026 285318 261576 217117
284167 258486 272851 273139
259884 217252 230729 251310
276798 243851 237091 264249
264025 231569 248794 272235
317631 258869 302697 263730
279256 224891 296319 257600
293982 232359 283958 230858
303590 244724 273605 254608
271335 288110 291625 266652
270657 246249 262881 232709
274353 248392 250574 241487
254099 260724 278887 248530
276606 285566 249777 222616
258820 239542 220335 198261
249115 249930 213065 211459
253571 281611 228858 226385
243939 224519 219740 245944
274903 257407 264842 262717
253862 240475 255488 258025
289150 248115 250586 264978
276434 221604 264488 237124
308999 243829 300303 251563
276997 257380 301037 226564
290772 248918 302584 254542
239423 228859 225160 219466
264177 275484 254058 228264
263785 255093 267826 236376
259483 253490 264489 244572
223807 232534 227875 214685
286390 262124 267693 235271
266691 238257 243542 212703
264096 271619 236962 228720
279771 259295 259283 252183
276219 237551 279912 234904
309364 277231 301467 277995
276408 283415 306702 275458
257220 277407 245268 268970
240371 252672 255405 250675
262853 284873 274440 285039
285132 282086 268490 276368
253282 265848 241312 205599
231651 232203 222209 216780
285909 283961 270818 241116
251544 281228 258688 251731
257260 247543 231292 242114
234562 239527 218759 221072
244392 286706 258544 274554
271276 276491 244307 258240
248308 239223 288397 258441
269248 266124 300999 269700
264963 242081 272646 266735
321021 292241 309207 313020
243119 268474 249876 266036
250438 283641 270429 269200
243070 259096 251470 259525
289341 306287 304643 325651
237292 270101 222948 223029
270019 287466 259185 239472
235207 271348 226309 231703
288556 323471 287865 266154
250641 237909 232722 240686
251128 261787 269856 272844
256898 257400 236057 232213
297641 317485 303532 303619
265439 241637 287509 248434
229869 217667 269681 223690
298144 269634 315003 270257
288212 252324 311092 275963
255428 272248 261121 284785
233443 229995 237310 219671
272047 290621 296968 287982
250890 299681 283432 273272
255839 266126 228414 246625
207277 222222 204828 200632
273655 296693 255822 244270
238899 281028 256389 267662
276219 258191 250914 240199
224696 215557 203332 198855
256455 282964 266476 285679
288107 289123 269623 255858
242635 222966 232324 207895
276960 259604 292447 258266
312758 295155 337224 313423
278525 258032 291113 298037
214704 244245 226863 221755
228456 275976 244094 267472
300940 326634 318359 337510
297438 274018 252846 301744
198558 231747 231990 204213
244218 266845 235785 231676
303797 332227 298937 274699
251565 286025 257168 247412
214061 236806 187384 221664
248693 269398 244163 266000
284342 293407 290462 300521
258534 279226 225356 260025
222240 243185 247249 237991
233799 260751 238780 231375
240565 289865 266194 286716
232069 264585 256807 249311
256464 290401 302495 259448
253764 264445 305706 296680
281417 320204 323348 297309
289025 308285 322284 297508
270587 238871 251721 269196
268134 248443 236100 280015
309077 247891 269696 303034
283584 238736 265536 298204
249508 219940 255643 240586
283978 237400 258539 255063
311069 272876 289451 287650
316530 254667 291869 261731
232586 253096 246584 256793
219012 245715 234194 251163
252613 261453 268607 298616
225341 250174 258250 253373
259229 273419 295993 289710
240045 269706 275070 278628
304720 296968 313374 320170
275203 289608 295234 264642
267764 215016 252144 287484
267972 231398 243440 278478
301155 270152 286825 285700
271787 254743 254570 294113
277102 247467 258232 269074
278074 247625 269974 257174
301658 278003 280442 277092
290814 238245 290800 255198
203254 245899 226350 246194
231217 228859 227482 260573
219251 252907 266777 275358
233258 249216 243196 256890
261689 276047 270244 259178
265694 259804 277780 274619
271660 305030 306966 292696
288271 292365 292519 270742
262235 218382 227958 262555
271584 240879 232467 259420
296848 232103 271957 260248
290397 234529 247191 292457
273397 245482 252845 239620
287243 249912 241867 239931
279951 264555 274069 245093
268491 253656 286569 264314
240813 260080 251461 255070
258198 285716 306807 307947
223165 259189 250792 268207
254767 292470 296858 301813
296138 287532 293577 282288
320087 334384 329406 316843
278657 292172 311666 290677
306336 321864 315602 322184
290554 258135 241997 279216
344314 262458 291423 321672
281293 232424 259318 265008
322719 273523 301658 315262
281387 256686 279209 261115
327899 277324 333941 282964
268962 233991 289140 265362
310939 276022 315645 298040
219558 277698 245472 262538
295861 326773 294538 319672
222909 299565 252103 260298
281586 344953 284911 305704
259385 274207 235358 244338
309464 326046 289651 293991
262031 276191 247894 239162
294586 332546 308287 285392
206601 248752 246932 253852
288548 295105 315532 309149
236247 273466 262914 258566
276767 281278 297614 303667
238065 219032 211356 242743
282317 268407 295909 286491
241167 223509 244178 243746
285154 260475 284473 304529
282742 345976 284581 313448
264364 312957 271122 310564
268565 331341 325977 311305
266871 306051 258625 285237
322925 312672 302220 301545
300491 326457 304291 295823
317297 331915 289121 283866
273739 298766 278662 267448
278574 302099 320791 303694
244661 281720 296569 297851
269351 302760 285653 312149
240025 294119 265639 282120
289638 255106 295004 288207
289203 245746 263294 272040
294817 269585 269029 287447
265218 240839 243347 253392
238653 296015 258731 280729
267462 326921 286990 290090
240187 284025 258422 261148
252888 299175 274913 284272
276649 276578 277723 260712
298479 316027 270142 282900
255243 274597 257241 252272
273071 295603 261073 268819
233573 267439 268782 259177
245687 280308 296936 287909
233884 258133 256174 272512
237528 282893 266367 277497
266689 229567 258950 274560
285797 265958 261333 288449
247586 240378 237787 263357
289923 239683 245047 258973
242578 249838 237593 248964
218714 299997 258156 272354
253146 268658 255816 267968
228950 265550 246492 259542
247392 266068 236206 242142
246346 280909 262578 247560
267628 273590 262139 231404
237893 263584 238273 211641
207417 253708 245065 236492
231197 259013 273097 266319
237794 249832 257329 269652
238705 238321 246103 251575
231112 233561 196606 254337
239240 213528 236888 246820
257312 222180 235206 263279
222259 224096 232166 233882
310990 291400 262008 297076
228125 216275 213190 225526
259827 232278 230501 254736
262637 244167 232437 225372
272365 294793 317404 271475
219000 216262 241638 201269
233024 231348 268146 226286
222031 240685 251366 211744
262565 283777 286575 268644
204561 238990 223005 227768
233990 256174 227715 219380
211002 249898 218239 225822
269660 246248 266238 249749
248486 223421 252476 212933
248355 225918 206659 217111
246397 223148 215734 227717
281486 262865 248127 259662
219024 242685 201375 228631
264072 253068 250726 275260
280196 257548 220702 259139
267355 287991 309781 242850
237060 238745 265895 212652
275912 271927 295925 237663
261134 280216 294956 242414
239536 278973 258800 249376
209834 247024 216727 204985
273787 294503 241663 257142
235790 273880 250058 235296
269584 267175 267284 263848
228141 224626 240053 215066
271883 229409 251540 236186
262452 251485 238539 263461
302825 299578 266767 288048
253944 268481 246136 266184
247120 216311 230087 236105
283064 279181 233491 253848
271616 286697 325789 283745
246624 267465 272978 229934
228917 231473 262975 216088
243645 253391 290214 255342
285357 298299 302542 259368
240317 276914 254765 243782
208979 240872 226650 233086
239894 288974 254363 250974
311816 259904 266314 253275
270707 260267 242468 239275
241339 231487 232493 217747
273159 244735 240113 239549
290938 282685 243663 266530
300677 267210 260348 278973
249008 261857 231020 260334
279003 271403 260141 276100
238681 273619 304202 276812
269168 288031 318334 243476
244888 257316 287273 250578
276027 279801 310378 254594
247428 281933 267538 232249
259600 282360 266261 262769
225885 279545 247140 226413
257300 282233 263637 245745
268111 237635 268970 229496
301262 277016 267945 259677
271428 234566 226153 226574
285780 263919 236782 253095
228481 229084 239842 251442
234605 246922 256574 275889
290321 274645 263581 280189
290553 272073 282803 284291
249262 242992 232796 227484
281598 257012 248716 243717
300730 302313 283912 254964
299409 294685 272124 280245
231493 239486 232376 219256
211745 271604 251985 222587
259077 298794 281311 238420
264950 305962 270392 239839
234677 259368 250924 228204
252787 288113 243335 244129
263402 295375 264263 283959
241577 311637 252892 265885
245158 237750 236310 255983
242226 241264 219641 259878
267851 273912 267152 271720
254588 239855 245293 252456
250947 228370 248510 249550
252076 242950 241930 212078
261408 256416 254710 244741
248406 247780 232006 248552
221010 239898 219221 220065
241880 233050 244573 230402
261435 253076 232523 240178
234373 246169 218021 213624
235209 255467 232890 225901
248762 234563 218389 229097
247463 269122 256151 222070
211337 263797 231911 236438
299158 303687 317478 313045
267508 289839 266917 263197
281111 286201 304667 342338
308648 305887 301252 324726
309925 313574 296861 288444
265136 297084 289994 261432
297641 282018 296277 265295
307110 317936 305944 280683
279553 312995 276661 267578
247688 265198 252983 250424
254472 276517 270659 260631
296797 303595 281600 293669
286586 319510 287932 271230
273827 285933 252528 252762
239951 309494 267375 275195
308396 316742 302449 279671
237820 245540 246901 251801
247731 250217 249717 248812
256296 277347 269923 284211
244953 240077 257298 259801
270929 235460 231882 245183
246653 247757 247425 228710
275085 271031 263268 234468
252523 244881 241214 221736
224317 245899 209782 217870
235676 226829 227114 212732
243770 272581 261079 249983
244667 252609 239472 220657
230180 259437 222756 227121
211870 251367 233407 219534
281474 280462 248712 255822
247920 262055 246611 229219
265882 281036 254129 283842
237601 282165 231247 248923
278389 285456 262486 287319
241079 268374 257425 288075
239452 293576 261994 244916
220642 294580 242858 254603
232144 283531 244517 285291
242525 278044 229767 273857
297018 277375 264126 279900
244336 263200 257566 259772
293840 289778 294597 265411
285984 258101 275055 255521
252724 284236 275458 269354
235200 250520 241054 249588
271766 293910 265311 289846
249457 251126 250669 262591
285545 311890 260128 297720
235073 267648 239964 262012
237794 249184 252192 235057
250769 272473 264040 290278
256404 308456 251010 289560
232091 239458 214049 244547
227349 255508 229847 254899
250027 282839 255290 275689
282131 278221 268260 292523
252176 244070 233839 263960
256394 254356 263349 253672
282984 280268 248105 307315
276693 279772 258743 268989
218211 245929 247337 214369
238885 244272 250556 241831
258731 272251 241472 274826
287952 311647 279231 311566
292026 285199 262139 296937
254899 278782 261550 257837
231669 269886 249269 262873
253094 322598 271006 307776
246890 308367 270489 268265
240558 302435 239630 276975
223579 271194 234394 288432
302244 279657 280617 296232
298545 294857 287129 296794
266246 277248 263223 254497
256831 276691 274962 253165
291923 293001 282113 293152
281825 305185 283908 280291
273183 253404 246467 263834
236798 276283 253704 254887
241955 270349 226276 247773
252577 288914 267611 267541
254716 287118 247246 267600
247159 259831 256751 267997
237230 284505 246898 273682
243851 283517 246695 286316
231505 294006 246459 259333
226181 291143 240833 267653
267324 273428 255899 253100
296298 259709 266956 272235
279246 243866 267793 261634
260713 264407 258601 254328
252658 265885 222528 268809
254396 271339 241587 263674
244417 240977 251156 246698
237505 269357 255771 259759
259197 224579 281280 233195
265825 247663 275881 254003
231881 216592 256143 227346
280418 239976 303082 255154
212115 222989 249581 221038
212489 224317 262464 261484
199772 196543 227488 205179
212392 215524 273205 228431
259184 239070 249383 267016
280271 257776 258542 300413
236736 228116 232113 289852
266252 250721 241718 292304
279445 227361 271960 275231
301787 259433 291724 281111
277558 222073 248088 218339
297844 244709 270637 269559
296749 262675 303347 284515
278916 240785 323564 275189
291085 249828 297383 272995
233955 214019 268386 253234
239480 248749 271991 235566
245735 219230 268975 250684
238927 221236 281589 260584
207089 187736 243590 228012
284164 264266 284304 316771
280204 281507 259689 305320
293367 270080 279989 310087
262087 259984 253621 273702
315444 266726 287146 277678
296453 275383 279665 286824
310944 263283 287502 306373
275163 251686 251373 274337
263602 222577 258438 232868
300432 256120 298592 285957
272974 223785 277837 242600
259384 205819 281185 239220
230980 198573 248646 234579
239605 250806 295356 246693
229489 223005 243504 209251
218288 213851 254877 218435
266784 239108 239385 264285
289162 269649 266616 305083
262409 250571 241897 283831
272952 240661 241815 285426
265727 234134 268117 269015
296376 254132 289983 286178
297634 214173 289078 271707
289908 242416 235496 266757
243628 214431 268396 235959
246207 213567 264784 213045
274047 230540 300937 246134
242857 216748 258728 238246
205748 215721 246712 216295
217898 200602 227337 205942
215483 220341 271143 250946
218439 210998 238560 201659
247122 236745 223068 266276
231052 229654 219545 250768
283011 248669 264825 292978
245831 226185 239323 285709
273589 220170 271936 259795
249035 203531 256334 242757
294756 267245 258348 277761
281517 218759 247461 244475
