230555 245755 260259 226071 
264835 258855 297982 260103 
248916 211912 256808 239295 
245141 235405 287067 237232 
262881 258518 274032 258866 
280968 293752 319252 274533 
232622 269001 271422 232175 
263067 264043 291796 263638 
247075 272694 279268 269577 
247198 303753 277603 279338 
219057 274069 234378 257931 
266458 280890 271525 280710 
216090 285430 252414 220576 
229166 306216 259970 240836 
233321 272961 211788 228970 
228570 294575 227307 244970 
268563 238171 288583 241162 
220199 198453 253811 218052 
232587 249676 298706 243387 
244481 268838 301804 262651 
245341 280192 279798 270204 
227779 234237 286605 215372 
233446 265873 292472 274707 
284676 284400 306552 273554 
261168 283990 276468 273680 
217645 239143 241415 221550 
255367 276300 288879 261096 
283355 306620 299404 275938 
225244 285853 250670 254446 
195795 264898 191731 219850 
234060 275997 256393 243944 
227370 326043 260184 245824 
214939 229759 268388 230833 
300949 281456 351243 302931 
247778 240374 290407 244878 
226496 229991 258320 223774 
245456 255323 282446 231731 
323510 326564 353790 317940 
274988 260595 295377 276629 
243159 259534 266697 244400 
216627 273660 246334 245115 
306381 338292 317401 339383 
249933 268877 280853 261040 
232156 256820 232498 266474 
221329 264936 228915 205973 
278065 349482 268168 290629 
227168 296061 261455 236937 
192689 254117 207033 223406 
251597 252535 286054 242165 
216633 216481 245217 193225 
236858 244276 286479 248620 
264503 227705 289489 256684 
249058 281529 263699 244390 
233025 225456 256008 232286 
263794 280215 300464 259159 
248828 275638 303507 281184 
245358 300289 278346 283314 
216811 246479 237327 245229 
264086 282499 289019 248355 
248632 275679 288220 269872 
213752 285557 224794 233749 
205010 253221 226555 202849 
209615 294794 243871 237794 
234830 285859 234279 248356 
242806 224929 191552 208820 
290253 269597 248916 245763 
264111 224789 186533 210664 
294600 249615 221079 232070 
210266 231380 201747 210216 
268396 263726 240920 241393 
235490 243691 230481 206979 
252376 267246 247875 231820 
231762 229847 218617 212626 
256815 279455 268451 280006 
229447 240968 222622 248763 
265419 249582 252012 275206 
234315 217712 208889 248493 
283940 268248 254274 273564 
248822 225046 216923 245962 
286324 251023 223061 262066 
278091 255642 208434 225783 
294911 251257 241970 256852 
312243 277448 222912 239910 
306029 261398 224504 230123 
247267 252387 244944 214791 
271769 277371 220694 247782 
249372 277480 251560 233707 
258316 276283 270199 239174 
250893 254091 253026 263045 
272333 268198 270172 276222 
265848 270617 259558 297600 
273446 263746 271291 286197 
267135 227580 234900 270990 
284975 288567 248404 280035 
281435 249907 245606 307384 
263437 250839 250284 291279 
257623 229120 186105 192414 
292311 258071 223521 250379 
288986 234130 227055 246526 
251322 244137 198705 218402 
205432 248383 223173 204116 
245805 270820 229324 232728 
278880 262232 243569 261117 
215481 244690 191126 215704 
226060 248114 222758 247112 
268807 263313 263209 282334 
263809 291489 272052 272351 
230627 252748 233443 239107 
245826 189064 198055 241923 
283846 244176 244010 276751 
273172 266228 243671 289042 
244866 227465 213897 262321 
292217 282462 247724 218177 
307278 264317 221387 231076 
296073 256638 237227 225932 
287815 247169 250454 234851 
249912 279668 256453 224081 
265997 275649 273323 239164 
254671 292906 245883 246174 
254674 274283 246008 235772 
251579 277739 264483 294036 
263469 312628 268981 299181 
273701 290323 263016 292674 
255531 279400 253980 273908 
264122 259938 238047 306069 
263462 267581 262370 305495 
282344 263659 240979 268403 
264771 276835 242117 270534 
257596 275043 293052 197056 
273475 275164 299095 227472 
231396 255902 252339 199004 
278281 297622 322898 238917 
240941 237472 277426 206850 
230829 253109 264427 209694 
200377 214360 266103 203171 
245167 268334 293863 240145 
227696 249836 223847 254334 
244641 235045 219165 254115 
193490 234471 203083 261122 
235798 254851 230513 285583 
244815 251625 230702 245069 
256137 232703 227125 246516 
255116 214646 214029 240823 
272826 278023 255582 280798 
280101 300392 295301 232314 
294117 298745 341653 228253 
234593 258688 248322 196584 
260678 276164 315909 200471 
270053 261768 293125 240333 
254352 289218 308715 249139 
216673 223846 254533 202866 
260577 260107 283361 229173 
236403 280511 231657 299670 
245734 257757 261025 304433 
209847 230531 209095 245895 
256866 256127 252428 298594 
274397 254924 241891 273119 
304063 257816 267959 284894 
250000 219525 203495 218262 
271227 243799 272587 272055 
242723 269817 279579 194655 
235178 276525 258239 205495 
264364 292671 294774 225211 
231183 240667 245628 184116 
245432 232649 270799 215137 
232095 251452 283585 209570 
240661 258320 294010 219312 
212541 215569 262155 185813 
219709 234962 243542 275568 
199549 243519 209947 253258 
239669 251695 246027 269549 
175754 230600 183943 242605 
263279 216196 243589 243749 
260639 190174 215260 247726 
286000 243092 245847 266115 
221435 218799 189811 233776 
290495 303607 312838 219504 
222110 264283 261845 186930 
242493 256685 243552 183331 
237243 268198 266655 190939 
246516 261854 276838 221311 
232093 227006 272262 197291 
207654 235536 244208 183804 
210500 237596 257303 191971 
227994 258799 237729 302161 
227360 241055 225968 262693 
217481 216502 213755 242386 
217826 245358 221365 241938 
258736 241547 246940 275407 
268194 233034 228669 245004 
249091 188035 195640 224429 
230963 217894 210832 235962 
282664 289386 301109 340563 
241419 236026 259989 305476 
230488 250752 263048 284776 
210657 238396 229335 284417 
264638 219353 271282 306670 
249839 200935 240472 246404 
223644 187075 252681 251575 
227006 193152 247551 236537 
325305 276216 309817 295448 
276299 247775 263543 254410 
275964 249796 249391 244181 
241511 219617 231164 217325 
260400 234309 209955 276873 
239050 214047 184760 241311 
215989 212819 187618 237398 
217460 212382 170956 239064 
246639 265346 287970 327269 
244298 260164 253687 300900 
228673 232481 253406 279952 
247706 263439 280558 310705 
263060 223601 262592 262387 
255666 215467 247839 271255 
235300 186366 226750 251587 
257623 219088 252329 294512 
293891 252980 276756 262747 
300684 281070 253408 265817 
266279 231049 266266 256899 
308233 273152 271942 259429 
247399 233961 196211 258282 
228904 229696 186690 250039 
214948 195750 200621 235918 
235638 241220 205194 257830 
240070 254400 258642 312412 
247954 269606 268431 337138 
224631 252079 272088 305455 
262772 269550 286657 325107 
250275 204586 249379 270784 
296035 225179 270153 284526 
268684 223786 267715 253818 
272806 223539 282826 262983 
296006 248535 274203 254969 
310072 248624 297550 275828 
271124 227860 263278 251104 
305129 276208 290756 285245 
218742 238087 211668 258766 
253169 233356 206172 270541 
246475 225017 180639 245301 
242383 238706 200329 268445 
236424 236668 253362 330664 
257325 285194 305280 327195 
235181 247496 267183 306085 
236260 259852 266629 318248 
245122 217873 240865 244369 
261335 224753 298230 285530 
222237 194623 269298 244264 
246317 215762 242150 254839 
265817 242396 232001 238576 
305413 296719 307527 273533 
307546 273342 262338 242884 
291274 269078 266159 265225 
233512 238588 198231 238961 
269336 236968 216934 271036 
231682 242325 170545 242467 
254316 236439 193798 243370 
246249 248523 290621 261189 
295990 318710 333281 292808 
292046 313097 338281 306726 
308667 291979 292541 260999 
227636 268565 228327 293484 
262031 301962 272783 336294 
232734 313798 262384 343352 
234305 309400 220002 298093 
243222 250767 237860 234875 
302990 272622 272080 292046 
279782 283928 258932 281478 
276361 233453 240211 245775 
232653 256339 252719 226904 
275812 272723 288605 279697 
279173 286879 293262 276433 
228031 257920 292448 253473 
274350 281182 312189 289663 
277021 287731 318862 282932 
329030 318256 347841 334085 
265780 260465 298435 265398 
247752 292784 233106 314248 
226780 291738 233345 333521 
272888 345623 272233 352375 
230963 261069 246155 301032 
279286 257964 252070 272155 
259526 245347 243354 262179 
318405 274672 293907 301817 
249547 240136 220919 246592 
240385 284702 264168 258960 
233594 270165 276609 251049 
270533 310173 323356 304118 
239246 253345 259723 255347 
281669 291479 327471 312928 
261391 281433 302528 289184 
228122 240418 253843 247385 
276829 309379 334204 307919 
256954 297484 260237 324181 
231186 267617 218620 312893 
206276 249114 215194 289454 
246129 294090 267766 338079 
288626 278765 258118 280996 
272199 247341 242429 250699 
232122 197121 213592 238470 
276923 273181 237742 279150 
255170 305291 277746 284200 
224805 263928 259782 236969 
212542 235949 241071 235045 
279820 290108 293484 290910 
277268 267739 292011 257741 
268083 260181 294507 296780 
191303 206369 198089 179847 
302589 295369 340996 289969 
233907 272523 232207 310602 
199279 264843 200481 308700 
168604 205284 167751 210069 
265628 316355 272728 358323 
252431 229316 220715 266107 
245672 208734 221805 239149 
185450 159013 163682 187222 
288893 297571 285645 279023 
259721 251985 261873 255092 
215734 265132 274548 246075 
179226 183100 188654 182557 
271039 297358 305890 265402 
200013 252563 208434 198314 
210389 306866 242213 257239 
257219 313543 268933 272459 
252659 321174 254993 254357 
224670 251855 215916 216386 
254947 269852 266925 241654 
302349 328906 283086 287993 
267802 308554 275667 276851 
218474 230588 177713 218883 
222862 258512 235445 248299 
275525 273848 253891 301346 
259217 293874 225866 281105 
245312 205944 204505 234146 
283502 218760 225918 274797 
324620 265360 289621 295091 
293204 262072 247766 276443 
231464 306812 245271 234345 
230897 278189 240995 242997 
211649 293210 244078 237731 
235240 296592 246607 239011 
272100 316536 223966 266981 
261907 273818 285193 267753 
240474 269649 248754 245191 
247174 276481 280084 265185 
240568 258710 192586 268041 
246110 252533 242981 244783 
236663 245301 205450 219843 
255011 263595 224169 258961 
302997 220599 242184 282018 
286282 231048 222527 245722 
265139 214892 236797 243131 
278259 238499 247770 261737 
212768 301375 206423 245964 
225903 278485 236047 253978 
214402 295794 245452 247718 
211316 270131 246512 227572 
250770 250567 233915 244783 
248210 252214 256174 236459 
255003 276355 263221 252788 
242466 275184 237573 240187 
224470 244229 223739 230689 
249671 253253 237286 249054 
238782 247172 240411 262190 
244660 230622 216967 237264 
263748 195147 213587 252415 
282882 204715 225330 250941 
304041 211761 237145 253953 
281872 222516 221834 238007 
220757 285349 243026 241285 
218793 265976 230683 214780 
213369 284861 251355 237080 
210186 257613 220465 221896 
263567 256844 254407 238088 
243940 267010 244861 229601 
259996 281419 245371 259622 
228903 249901 220893 226551 
234399 218389 226559 252889 
220265 240991 205142 269877 
237066 236294 211971 257577 
229806 231199 201735 234370 
269292 220914 209281 242206 
259618 226495 218415 241122 
278023 213095 228084 263182 
263347 201842 216236 241253 
221537 250746 298550 262810 
265215 265855 320117 284270 
213418 219033 278840 250670 
251546 269712 311327 323252 
248309 221356 228135 217640 
290638 237893 269983 245425 
226134 217424 222204 229569 
294470 266370 266205 277879 
281943 283713 234310 205903 
327051 342091 257575 239243 
274279 293707 229608 183655 
360060 360602 277264 234923 
246987 222229 251212 214069 
304754 248317 281031 259889 
249529 238742 247924 216080 
326994 268126 293276 291411 
224810 244164 282657 278282 
250547 237787 305701 278975 
218738 219387 289872 287223 
215877 210196 258700 239182 
253697 232218 232327 237813 
262209 231763 236993 237999 
232042 212755 211211 214306 
211239 195194 209383 210483 
304669 326008 238775 196851 
311609 321468 262463 215667 
233949 271010 219984 195713 
228217 269427 202656 179513 
252043 234318 271547 223029 
281880 245441 269174 256109 
235132 230595 218494 223490 
239086 219271 214853 214628 
247992 232439 314896 326817 
281055 271288 331878 345433 
251901 243081 305383 271070 
230667 234184 308287 305292 
267814 257063 239781 263499 
291512 273256 289293 266615 
241671 231111 248726 226200 
263244 244198 235446 256104 
295441 340940 267204 213090 
341323 360373 278201 225073 
305922 300449 255163 201476 
260470 306583 238133 218149 
284664 270684 266183 250536 
308842 285412 274065 283465 
278123 234162 254248 258576 
276503 263912 251295 239005 
233884 218766 278255 278037 
251101 241829 313802 305540 
239891 257540 321289 288693 
245395 265095 299919 312056 
225185 198804 231319 232260 
251838 241960 252021 273875 
263366 214942 254001 261990 
271568 251078 252096 272899 
295923 315736 222843 185307 
289508 345128 240748 207616 
289693 326595 255379 210011 
346341 365155 283354 223206 
247543 238613 245717 224061 
296629 277027 274905 267189 
277000 249350 263876 249130 
309527 295298 302735 285003 
200741 210783 233795 251963 
259999 210470 250326 258168 
246716 193360 269348 270043 
221048 197364 238273 269117 
168570 218196 199215 210436 
182447 227384 220534 226734 
189553 244235 219173 230857 
182078 231732 224991 195121 
246619 261620 257010 253047 
263396 286818 282299 265828 
261786 263551 285244 279836 
257459 246058 250868 268028 
224890 228884 241592 245366 
281409 235060 298012 267708 
300163 259971 300427 279990 
264863 221914 247427 261693 
264539 212264 281052 268365 
230822 215165 240627 237882 
286841 245820 315451 296755 
258025 194116 270347 231800 
190738 231658 238540 230332 
180090 244128 215835 205861 
242431 263479 266255 259103 
175022 250200 212142 238925 
285142 283616 278152 279159 
271038 259963 251091 270644 
322954 323386 320160 313004 
260988 265638 259775 260252 
278763 237763 286937 265526 
265091 234564 265961 246271 
342914 276708 345102 306520 
296355 216439 271095 266137 
253609 194449 262344 268645 
237145 181535 243929 256917 
230664 200061 267153 263188 
254621 211707 283785 272403 
196498 242087 219231 224508 
172751 211373 190070 231043 
183465 223413 227267 235330 
198004 258713 209926 235669 
277668 262708 259546 266074 
239698 256354 240478 249864 
281454 274859 271654 263651 
280293 304496 294476 264155 
282567 230891 263955 260283 
249519 227106 253205 241157 
265203 254555 276735 268141 
299048 240607 287878 270442 
278890 225704 288174 266094 
239189 194357 251233 280507 
253877 197391 285377 285336 
272340 215147 278318 279420 
197957 269471 258244 246134 
169615 244777 221267 217680 
198122 228141 242488 240628 
184279 236439 229848 242393 
302551 304829 296992 300913 
276977 259835 271859 280898 
297625 274908 278228 267456 
290138 293071 294999 284901 
308492 243788 320402 269903 
269961 265047 275395 281735 
295956 259354 288763 286630 
277397 272203 308597 281407 
294823 305011 211215 241964 
300211 312583 236948 220650 
266979 275626 212826 222439 
289368 291841 244387 226040 
246092 287443 278020 255102 
278974 295109 301190 287345 
252307 279980 280164 263253 
272798 295720 287335 310393 
233069 264698 257948 206796 
206033 274693 270617 215049 
196695 257187 234765 214077 
221227 284175 254745 225225 
225319 254265 200250 261176 
260228 274601 191002 286991 
223636 260528 181463 238949 
255192 247711 188496 243565 
272050 274400 224537 217758 
242430 242088 196807 212037 
254292 267129 200460 209231 
272329 288855 215713 228723 
239171 274674 264488 264521 
242670 262768 233956 249998 
247708 283526 270095 259386 
263563 254758 287340 276638 
208417 254079 226959 198811 
185740 229609 235836 207062 
201722 269970 246709 187091 
201814 283458 263252 222387 
207163 237182 182180 226627 
223850 227278 152939 226639 
207277 255486 181511 243460 
227849 238540 199028 259127 
261639 270230 222463 215249 
285591 290675 240418 253611 
309872 315500 246121 264416 
323124 323907 268892 267316 
271044 260006 268872 268120 
262015 271248 287192 249373 
311827 309496 323273 293550 
297589 316437 323517 305562 
171844 254457 221075 192154 
222728 272197 253657 195652 
205055 288263 266271 243048 
238578 320632 295209 250464 
239899 236384 186158 237950 
248655 263409 200613 248765 
275925 277906 215747 294513 
271230 277708 223443 289827 
293022 298332 254049 227547 
277591 293941 237994 219390 
308926 309856 239369 243193 
308318 286816 255732 236843 
281002 276568 288193 294551 
265927 261166 273278 288178 
278503 318284 314866 284433 
294585 299408 286667 300403 
211142 268155 274060 199038 
197213 279456 245487 197991 
224066 290820 268882 228787 
209929 283076 241193 207528 
233316 251505 214237 269065 
237927 228630 189654 250923 
277593 288501 197699 287716 
264471 261428 196802 253235 
295142 295831 256709 250441 
290758 277630 273214 253728 
274158 245970 240791 218446 
259755 264327 234102 213937 
236657 292941 280429 273178 
254289 297494 260231 262543 
240122 253580 243381 237694 
210610 247864 250862 258339 
284681 297929 264340 286387 
298132 306902 284678 283174 
272273 259257 247374 239853 
250286 248228 222598 218428 
292357 266961 294400 264664 
305850 259210 305187 266101 
279547 244242 256755 261256 
270874 227919 260020 262890 
205407 206320 193753 179267 
258913 237848 236972 208282 
278899 270477 253479 231718 
255419 262945 238186 209339 
174146 206491 188564 195891 
218448 250675 221359 240607 
238925 248507 239846 259452 
209927 232466 253231 228379 
208184 211782 204289 218344 
241540 240237 236384 241158 
244320 255664 242519 256113 
240287 258360 222250 235435 
224172 190650 228330 173048 
253959 225693 251627 232560 
270783 253711 258672 233257 
272734 218945 263360 232050 
285489 261955 273686 209591 
270092 274967 255844 227529 
277568 281661 272014 258004 
289063 259246 264423 248297 
219316 269429 247423 253688 
222299 277393 255445 271298 
235654 291948 254164 288917 
237269 267385 265429 270951 
279405 266905 243878 268858 
269103 260349 270662 277995 
299191 312427 292343 278851 
297102 286743 257378 270573 
290054 248796 263667 215699 
279927 238337 283374 251826 
302020 264025 317442 288586 
291113 275207 279298 249115 
257028 243638 241092 210709 
266202 242847 230054 208870 
250819 248254 212830 190726 
264311 248793 226754 193249 
221173 235769 227180 236525 
222297 247313 241014 247832 
221120 232160 239358 233825 
187189 256357 228053 219126 
256977 262852 239898 218378 
238715 252134 245046 246454 
231085 231358 236774 237473 
260494 267265 210369 247786 
288729 236050 270434 253288 
262895 241376 243232 246568 
254010 231842 249488 241837 
251814 259863 269060 231243 
