240481 285026 292993 238734
260994 296395 291513 258771
221958 223187 236154 204508
262831 284217 291157 239727
288550 284828 303576 278488
298244 289140 304497 276304
215038 239592 252505 216033
288040 297205 305358 274337
271377 278492 274020 288706
275936 298024 268092 320497
217259 230044 216613 240298
281773 293923 266019 305866
256912 274815 319474 239212
264406 266125 315255 267386
235572 217417 250011 226773
271136 279476 308382 271921
280558 294761 285058 235195
227370 242903 244959 221328
273816 318572 306470 261864
259129 296105 288082 239884
293536 295514 302757 265386
247010 250901 288648 233042
277652 306012 293040 291612
297911 276954 288262 261311
273791 288434 274464 294932
241018 232899 235168 252103
277721 312671 307833 311707
291788 276906 287624 308012
262707 261593 305975 268561
226798 242127 260771 242973
258460 290137 339129 277562
252054 272149 326189 256327
214794 252063 264185 210388
271252 293885 326647 259398
209161 222515 260454 213729
233523 253196 244733 212796
264166 276130 264961 245598
302867 282956 318013 306300
248776 235182 269723 226497
248079 245650 254543 231237
219068 253588 237695 265280
283516 306951 291507 317668
235749 216459 235634 246441
241196 229149 235973 286697
240797 229068 286481 228089
271862 283503 328666 277434
214346 232935 261402 228174
226722 229305 267138 241274
215692 257884 255973 186321
203366 224849 236299 193755
247617 284702 294502 244451
262934 252467 275005 245612
243322 255867 249048 216673
238538 233728 238051 217806
277741 292552 293043 275991
258522 270719 290454 267589
240466 248407 239867 271679
210363 231393 220856 252965
282673 287346 270658 293931
261863 266529 268928 281486
213684 239737 256993 231648
209202 223818 263888 209262
234686 267644 303113 263314
261325 276980 280655 263300
269391 244062 247862 225598
284378 270742 268127 259250
257040 238928 234661 225546
286552 254137 242258 221592
232426 280465 264712 220802
294845 294400 276107 251043
242267 277359 234875 197020
233367 260953 263654 221607
241246 243654 252170 244894
262524 280316 286077 286990
216902 231255 236319 253254
230179 238429 263126 254923
254739 254693 258397 242073
298685 275035 302504 269424
248193 242622 261203 240280
264095 255368 249076 242923
242668 246118 217896 221472
273547 241108 250315 245702
255748 241012 207441 208059
303447 263655 237169 247826
242550 246555 256890 190160
262329 291089 251069 228004
237546 272580 239403 195276
258214 288013 280280 247580
233441 234402 245530 247755
252269 249997 260942 264456
214135 205132 238393 240019
245189 260952 280962 283023
251426 223476 249816 243335
260958 265324 280039 263420
240274 223669 242721 228133
265733 263398 289963 270955
290842 233964 231333 213781
285562 258279 260322 232834
294544 266304 262634 269159
275846 249348 244256 233682
230527 278425 285601 218143
244032 274865 261272 211802
309047 297598 312815 252466
236371 275024 246124 235082
241409 252852 255585 265735
247105 237833 260585 268722
273760 289796 307053 296097
238695 248017 265776 271718
260259 218396 262535 263902
268878 258906 263482 263180
301315 274648 288156 302146
265572 249364 268475 256305
280548 276114 249369 227266
318566 308347 275140 268049
284498 238311 252306 229826
315629 277833 290399 248197
252476 297821 276673 218321
328156 338022 333559 274372
247133 293374 254123 239073
281334 310350 310999 246760
235981 222410 283099 287226
282523 329635 322356 338646
252431 266283 267170 280096
259740 305602 293761 306361
279736 256415 257445 275684
304744 307811 325486 339077
260032 281038 277010 243769
291584 291346 308782 290651
243787 261596 275677 217381
263204 276139 251002 239822
240259 272781 258481 237678
249026 291936 279555 259449
242690 229628 268840 228478
245704 255128 265957 225862
235690 234251 269845 223725
248352 270612 291704 255725
232942 254450 263178 246008
269631 254094 266159 278161
250061 257190 270028 278620
271319 271440 285940 286581
260834 228884 217271 248435
274836 223931 219954 246972
288040 192470 211076 254173
273290 239296 226014 278364
292631 304768 296192 266917
269255 293488 286256 245294
222423 238295 218225 190751
254313 273226 286572 232306
252677 260254 298042 255338
252231 282407 282095 251777
197123 204961 237870 204767
251482 259243 288121 239918
282114 304036 301945 317937
257282 268124 307221 301977
223363 216526 227543 231365
263797 269135 288323 291683
285109 256407 241093 281426
307004 236507 245274 297266
243100 211975 201776 214510
289214 244774 251281 293415
267613 304841 282804 270486
256016 297897 264181 248704
266261 293869 256434 243106
262546 268258 262574 247753
273952 269810 293301 251838
235051 257043 291101 252656
223610 232070 280607 242018
234985 245998 263147 223147
283845 275986 323171 312110
247654 276123 284262 272512
248473 260280 270314 282622
251406 274665 258179 275758
315400 238416 255752 278268
293497 209195 226035 278668
291125 221271 245368 254606
259616 235576 225430 262873
290629 333570 282208 247083
237762 271884 246912 225015
244211 264027 241504 216073
269576 299609 264630 245936
245061 258565 303000 265803
243569 230962 266010 215912
204969 225922 247282 227994
241037 243366 298019 250424
236108 279096 297473 309026
254452 256309 280951 251211
234366 221866 272216 235493
287416 284397 309098 258816
292495 244841 235410 288628
281125 220274 211736 257763
253686 193360 189360 228319
298703 230981 222114 276528
283918 267903 289285 329008
277087 250455 276837 308669
239314 217169 254218 265199
224209 218762 241546 265943
265957 233929 260549 285649
265128 226978 229564 270665
218977 187767 220169 246508
225812 193940 217071 250478
302803 252617 289956 284029
291413 261096 283632 300926
258666 224922 233583 242502
257329 220686 230380 243029
290236 218724 239047 293348
274792 233953 229135 286203
220894 192666 200169 232704
220039 219988 217359 255049
280584 278055 314389 319814
253731 236566 258476 279645
223850 216438 267372 250170
250172 240199 288460 302219
284510 256925 262990 283280
250731 227949 220639 260386
214605 214502 242468 263226
266486 242008 253772 287984
310400 250612 316045 298651
271856 231120 239861 258129
266351 219898 256085 247959
299215 267074 276852 277539
267644 223718 252032 300716
230678 208285 210196 254698
236437 198460 221067 236363
267134 216358 236552 277419
244845 229840 258258 292826
226304 223100 249144 270274
205536 220455 269334 271971
233330 235118 252527 262290
245614 221780 233323 263177
253984 209297 219756 244711
252152 220675 247023 250376
243827 211314 252829 237571
265291 218951 261399 254015
261657 211642 250556 253635
239499 220059 261582 232017
237938 224161 243076 254330
239003 221171 214883 248416
226138 196259 197641 236936
236403 187651 201932 238493
230213 195329 210237 234790
249011 242307 282929 314680
271749 287260 327580 327583
242732 242147 277281 280722
251067 249908 282392 304195
265068 237712 234177 285622
289148 257355 290772 302484
237770 235650 283937 276421
245300 221554 255526 257114
283203 232569 279184 270465
308348 277914 319348 301172
289323 253201 272368 248738
294776 268754 273156 275764
268760 218972 229271 251939
309747 237896 236998 292001
248586 224300 208928 261056
272815 243817 222054 269302
275158 264162 272057 240108
274244 262459 250687 241829
301889 281392 266462 240513
266429 230552 238012 200957
265750 264013 245626 303843
235316 252962 238067 272329
246638 279903 234065 299749
208072 241397 192096 251673
270235 283159 251453 236455
269201 276355 230446 250288
286265 285893 236652 267333
248183 223918 205712 211416
268778 265588 258950 257634
267715 254799 273909 247693
276163 275702 271898 257729
208955 220457 255529 210365
309601 263893 284141 277976
292514 264738 258434 243733
294467 277426 282554 262969
316206 259360 249765 247908
234964 277577 245142 313506
246631 260727 230968 293368
250015 293500 237550 306081
255048 274487 261422 300907
285324 285684 252783 260742
274144 268031 233832 242358
297631 254922 265749 262477
288642 280058 234668 249879
265437 293327 266439 259600
217443 260021 275289 233045
279943 274543 307576 247280
264581 274155 284108 276492
291901 270554 278412 267803
283347 287695 260448 245601
230123 219308 220370 207179
311125 321179 313013 276066
242510 253593 265095 303933
259690 252328 212346 295180
209509 249708 207432 271227
295032 304284 290851 349378
290142 299027 244560 247354
285149 275971 243431 249822
228380 212831 201733 222947
309931 322521 280647 293297
259446 273417 276533 248386
264870 279412 276654 247897
216196 221622 253085 217269
306678 313692 307817 304152
281602 266350 263506 232114
295826 272247 264954 269380
202465 195650 184056 165680
295577 298722 294040 245290
246625 259853 239038 294574
241543 263254 221586 312749
164011 193592 172650 196108
263670 277159 259186 331343
261318 255260 223256 262398
282156 269981 227583 252152
198227 175053 169758 181675
262715 299044 265556 264653
277664 267622 274741 258353
260914 292090 288529 257210
202380 193159 183188 168265
264325 285480 292525 249651
234136 277497 222673 249247
239352 288302 225117 266030
243006 304106 230625 285799
240779 314972 226479 287200
267098 273390 269440 234730
234623 263367 253727 226299
280609 278063 293461 275663
265556 290673 308366 269311
276820 247272 250088 267820
243131 236427 259102 255971
277811 264801 274534 300329
280377 270245 274796 307045
280467 228883 258144 282057
272672 220460 248648 283050
299989 259445 272879 289006
287509 259780 286560 306575
217553 268246 208371 221378
268486 287892 240512 266823
227162 297374 229180 280138
224173 258737 213736 255969
240948 273728 207803 220182
272549 261641 318633 292176
244349 272675 250814 239910
232012 239176 254785 233263
240431 234070 222284 270300
279882 280856 284608 299456
252592 258630 254151 276278
249827 228928 231611 247385
272912 204111 238384 256242
286222 260012 274837 285501
276604 218641 252973 281888
264785 221973 229183 256083
213284 262263 168983 234270
230670 307235 224748 292425
245813 310761 245360 271704
246935 293479 230771 269785
225669 225189 222843 213164
269076 282126 256397 255110
253789 281062 275222 266620
263348 278071 286692 242995
236599 210779 240647 230415
294486 253968 280579 295614
282699 263665 266943 293113
275006 254471 256148 281433
249066 188598 212056 244792
300153 238070 261798 296489
280972 229338 264715 300969
285803 239811 265846 281644
257954 298378 241205 276147
272815 285872 243629 265231
245381 294175 228460 263466
192746 248352 183825 228664
265915 282050 269779 248011
269369 293744 305090 272522
265371 287379 276100 266046
201534 217111 230744 208929
289852 243170 283406 287890
273318 285442 284184 313653
290262 259234 278479 279646
212698 223832 222775 232234
290475 250640 270137 289948
288904 262006 274356 295901
293853 240911 273975 299948
235113 198307 220246 209420
233131 229819 253274 221578
278315 257399 287649 242520
247860 221674 261386 243611
274462 252299 277323 292927
282682 239223 239234 245024
316894 258377 251722 253772
291602 245052 231140 259199
354748 267987 272607 304622
263537 247293 223927 222273
318955 307814 261084 242679
296770 287193 253984 237585
332801 326244 282032 260537
250201 216980 248091 217172
266007 261188 269808 256175
259505 248734 273448 217639
311841 275538 288030 276585
274150 230721 251446 256210
271117 249804 282139 257570
282426 257986 294277 268289
231177 218466 242220 233907
302851 245370 234164 260748
330850 271683 258842 264835
330248 272687 260434 288636
270489 231362 210758 232844
274601 293110 248682 248267
321372 309013 287601 262217
296564 298424 270009 265031
235715 256861 219129 208872
270955 242943 272616 218858
279705 279036 280224 276149
279177 274880 279117 251921
238787 233956 214337 210716
273110 234543 276178 273831
279314 229459 260620 259157
230350 207434 253424 247471
250039 209862 247592 234677
305853 255063 261066 259534
313507 260062 269032 254634
273910 213773 229567 234187
270410 243257 232278 230012
286817 303602 274455 249922
284662 289138 242813 249277
273857 289169 250412 224010
228187 229453 219122 228603
279688 247742 267007 249252
280485 241116 247000 233496
247476 238225 253901 212805
262313 207578 226883 227224
273830 237011 286218 262295
276548 246656 276931 245168
273737 236964 271771 247056
269412 235430 237822 255175
312299 251674 257444 261283
295481 242201 262978 272101
311482 247283 250372 259644
297173 245040 244271 271824
330920 309436 255926 242732
278976 314489 249970 259607
284019 289271 251129 247050
281633 301999 266384 236549
266912 261135 277114 238027
279721 261310 266309 240233
274695 246816 251666 237852
273765 263453 270257 249353
222813 247518 248825 271124
251406 192435 211495 258613
259811 224880 260732 259688
248608 217072 240747 279348
200533 267066 215195 268877
197037 239176 217283 243170
206265 250167 226076 237303
222010 250899 223699 236295
245804 259767 268827 269179
231441 263733 239515 256135
232783 251832 285676 269493
237456 254102 263335 270970
251643 254355 249285 264365
245872 247626 276586 234631
289475 238111 290780 267205
265630 248897 254139 255834
275884 246931 273444 269130
250964 242227 234718 266966
271553 240325 276021 271047
240431 228430 267000 261479
219650 261440 262543 253871
224285 241186 232371 227358
234196 258538 247144 280555
196070 236317 209101 261870
270445 290100 284913 281417
230513 250427 246367 248000
274585 275957 288811 274599
253135 249084 271969 268916
299611 278150 300017 280073
255545 228137 261521 260192
292732 269512 325037 279311
275256 240447 279891 265166
265681 216393 257780 278777
236973 208284 225466 254645
257503 231309 272410 262591
271124 226395 246316 298094
220109 224001 244513 242811
192461 213429 221226 242247
207142 264380 247908 282264
244067 266235 250245 254833
258494 234195 266277 269278
246253 246321 244077 255939
258307 282096 278631 268677
263454 284628 301215 290178
258091 240719 262703 269938
232893 233872 247931 242290
286729 276902 294286 280536
277166 266437 293491 298954
278053 245642 264621 288285
265761 230698 260652 297843
267896 229814 265719 276074
263752 234866 242241 272189
223689 265229 274095 265811
208207 253335 238076 268397
220424 258437 230481 277023
214587 244922 236054 244323
284999 289588 309442 289380
253317 257170 298302 294683
246008 270055 273037 262269
260963 270429 267648 267929
308100 265320 317438 285090
276423 271425 303750 292559
291469 266484 280355 285742
249530 267731 286140 259550
273773 263341 181111 227048
309772 320513 249030 244651
285667 267497 231212 230797
301229 291246 264924 229398
216306 246728 227703 218869
286292 282596 288496 294794
237622 267064 273510 249699
258626 297184 287456 303818
214010 233520 211515 217477
245243 270614 259871 255964
215010 248129 221911 250443
226180 278855 230475 245282
190423 225748 218775 252923
264738 267165 245562 298829
224424 252274 232444 260364
231289 249949 251781 277379
333344 337381 271644 280016
290340 284633 248735 274399
286871 308211 246992 275844
312589 317236 252177 261727
289386 333320 304989 332233
255539 277187 267268 295249
267504 299686 293556 287038
265573 278975 284224 298207
272299 304972 269387 284666
229014 270434 232807 270430
238104 310686 249708 263421
263845 301245 272863 275468
257321 305356 270879 325790
244443 259572 250911 281168
241168 263908 239123 300783
244238 276279 271637 314739
292754 283124 244746 235094
301648 288261 242935 260224
262036 264760 220959 239897
301936 313439 242110 252474
259951 276429 278652 272620
246312 269678 260454 276853
270708 279651 255497 259985
284002 270597 301571 287372
218037 303491 237853 246075
242823 288518 219013 246092
206481 269662 230630 237909
257373 287274 266344 271995
230674 267422 257600 297055
247292 280629 238542 295434
249326 266936 224325 291698
241771 257049 258967 292119
277355 312133 243750 256513
266696 266401 235461 213673
333721 327518 251930 271163
294424 292089 257307 250376
264908 262852 280441 273372
244369 242426 244426 263219
267333 311247 297676 299951
274676 294857 275891 301540
229149 278312 237893 235564
220942 248776 210211 210081
256965 302148 270337 281713
214160 285107 235095 241760
231085 254802 234723 278781
219717 225909 206967 231776
277822 305092 282804 316284
248647 266295 240880 294813
279940 257838 251574 274662
251212 221091 242346 258014
243626 226553 229320 239715
217558 217162 223937 227632
235540 291404 257155 268020
250675 288316 232351 257201
236452 239814 245910 246552
207064 255090 236872 235286
324551 287079 261557 251517
290787 267915 281197 251757
267284 258936 237255 229790
262751 255366 234007 213288
261706 285685 273074 295816
260674 253604 269301 289944
258172 254141 270426 292507
245470 252228 254354 272944
189905 170187 189137 203667
243936 225612 227246 253626
243083 218441 230408 236239
230715 227305 227308 243486
192383 218182 172170 202262
225519 257262 230330 245228
215584 232670 229550 235169
208437 244515 252750 252843
233874 223723 235849 210433
263182 258390 272512 222266
248602 252696 243622 230854
274931 273075 243474 210968
209004 195784 202189 233909
227913 257240 250032 276578
248752 250511 243063 248335
249153 243921 261562 270742
233023 214993 237732 223088
243504 249407 247809 263869
244203 249140 260143 261933
252077 220916 231866 249087
210889 258878 221622 240616
225961 279850 240800 267853
210657 280218 230828 273420
223688 247981 261879 272597
273272 256400 241256 218763
307663 272946 272731 227399
274976 301325 299793 255761
276103 265356 250343 231564
237595 253391 261144 242511
254008 247703 272335 294976
270090 269947 300378 283561
256580 264355 242608 270317
208842 208445 215474 204985
241829 228241 227444 238443
224594 208133 208008 203899
212302 200410 212259 214110
191101 229114 208696 229029
209823 242716 233089 247571
210817 227604 215719 239666
186130 246537 194300 204571
248610 245592 230054 214683
257170 260759 243440 207135
230536 221907 231751 215176
265027 240718 218005 205497
244577 213816 224734 250089
244007 251250 244661 272206
230680 238854 215151 249503
221908 229025 222777 250709
