220978 282664 265254 211039 
250488 317813 286077 250842 
234621 284787 261960 212199 
257556 317037 275913 225964 
257063 264652 264313 257908 
300546 279791 306427 267082 
283251 261621 281954 247761 
287282 316521 293429 271154 
241505 257687 225232 302771 
295624 288797 257711 326985 
266901 245908 238652 294249 
283574 255258 238271 316723 
236960 220012 324628 234639 
283464 233639 369266 302745 
290143 213488 344286 264185 
285377 216738 352831 277234 
241069 278588 232511 207956 
260080 307911 266979 252195 
271109 329163 280397 227515 
277943 343174 303571 250405 
275742 276753 265862 233749 
275279 303423 288467 258937 
292172 298223 272800 269590 
314729 315471 293498 282712 
261141 239187 233029 293919 
276125 263612 240587 312813 
261978 277314 257355 305334 
292939 304990 271916 348778 
264232 218957 318738 268327 
281661 245520 338952 297499 
251999 239468 372416 264771 
283310 248698 396705 306456 
230267 308862 272442 220736 
229651 270417 254641 195834 
195878 243108 219422 188826 
232767 257704 247558 214346 
291940 288180 260560 269646 
260823 244074 267441 234201 
229213 239866 255648 195244 
262996 254723 259257 221521 
250227 260098 219209 303993 
240275 233184 227315 270895 
220761 188305 211389 260633 
253656 217946 233525 284748 
259732 218418 353684 263856 
254361 212916 326173 242685 
218508 190053 275687 216489 
255648 201462 319058 269532 
231871 272663 231775 195676 
214166 268901 244578 210737 
251117 311124 271901 228466 
255190 313200 274494 234059 
250974 265408 251149 211300 
274729 265920 268470 217786 
271469 283715 279064 257887 
274456 295508 279937 265583 
231898 234451 207552 262192 
253241 230588 232698 279238 
260459 272659 261512 305112 
260126 256270 217709 304439 
228648 210768 292110 248446 
271589 216384 344258 257185 
257633 240216 346351 274081 
253768 246134 335234 269484 
303852 302323 305617 260315 
285604 272605 269846 231543 
275990 263247 269366 235179 
275363 246244 244239 194377 
285707 320701 318436 226004 
287913 307924 325314 220927 
249393 294781 291931 216202 
215088 254775 281762 198541 
246269 254808 301258 287216 
245053 258035 296122 286624 
215514 242954 274483 265302 
190894 220659 253823 234382 
290270 307950 322805 249703 
287573 257535 321902 256658 
260647 263275 296146 232683 
245943 250231 269041 220910 
241809 229502 235668 213946 
240302 265683 260176 228523 
254258 265520 242579 207592 
299848 271592 262547 241182 
236310 268755 280336 177895 
272474 300019 297074 212961 
248449 290983 288636 207076 
264853 321607 324725 250892 
237520 211441 253445 230778 
207749 219368 279169 276635 
216545 217836 274006 241556 
240003 262520 308382 289576 
233117 236467 263506 201151 
269314 271198 296674 243423 
237408 250700 280774 211731 
281126 267650 334748 237187 
267386 250409 259622 208477 
269408 278161 280187 215515 
275874 250512 259416 231349 
274101 246019 280486 241458 
252424 285206 308531 198415 
259198 304443 307588 205709 
280982 301205 322558 234581 
233487 298023 295723 223648 
247717 238071 284721 261270 
237131 245777 288680 258494 
249781 252770 303555 269363 
221628 232916 292532 281738 
255570 243501 276952 239264 
253615 267534 301904 248814 
261967 274673 297291 255151 
265342 251334 314679 245379 
270912 264410 258476 217060 
277168 290958 282748 249932 
246079 219480 246696 209390 
299099 281148 293189 237778 
258283 313143 315100 213849 
303437 323712 328153 229031 
215868 253135 266093 190881 
273640 316959 339534 220378 
226290 221226 295334 283634 
232576 280721 316848 304153 
213358 219479 257189 233185 
252429 277388 319130 295575 
264243 267541 288682 246976 
278615 284396 318199 282884 
223592 247786 275539 195125 
270740 287226 332601 275950 
234681 269223 239960 237169 
272185 295413 255586 280543 
205595 230972 216612 225969 
220022 255236 220784 245654 
253227 216138 244882 225455 
263014 277541 274714 281293 
210001 206156 214115 205544 
221664 233536 258277 240447 
235719 264542 312416 245508 
300264 303630 352430 324065 
238670 226177 275886 252707 
275057 254852 310512 268743 
275179 187347 200358 255708 
304476 238426 231591 277979 
247798 174894 181333 224576 
260659 200079 194906 245241 
297509 318346 292899 299858 
273170 302924 253194 284466 
237037 244253 191364 232671 
233037 268418 233685 247234 
286490 284192 307750 286158 
254765 266804 282401 268870 
188922 203210 215080 223841 
237801 241316 254239 247923 
314481 323405 382461 329396 
287578 291518 361610 322302 
250110 245328 299459 239104 
267907 278418 321604 257587 
328607 251177 243704 316572 
320857 229624 233875 300905 
253412 208296 178771 227986 
273187 201422 209597 272332 
260301 316550 271761 304583 
254930 295681 259608 279450 
260127 284564 246569 258718 
253779 278007 247129 272991 
258930 284918 281211 267279 
241028 236868 259637 249058 
222609 231165 283387 253570 
236660 233701 237669 244814 
311294 297898 357216 313268 
273222 277084 330763 277380 
284850 277085 314274 288226 
291058 280353 332303 279222 
313003 240548 232138 272692 
280357 213867 207556 275641 
278168 202786 209508 246682 
285801 205230 224413 261700 
271157 318549 240079 271508 
261375 283022 235285 271845 
267545 306401 245834 288885 
274121 307251 253251 276359 
232576 248330 278969 275794 
270307 243465 246494 256034 
266239 237195 279372 283332 
225405 238641 310510 295802 
267573 287836 330182 274166 
278081 281226 350418 277255 
289779 278042 364090 272179 
300546 290713 343746 283540 
302349 223189 207438 279064 
300088 209865 192114 264952 
299908 233709 211038 282827 
313400 225232 208908 286653 
299535 251347 329160 322612 
268105 242114 278430 261687 
277001 238758 299806 294841 
243817 229076 283308 252938 
291688 284554 279603 315981 
253391 226879 230274 277377 
258848 245774 249627 295029 
237347 214264 213450 275218 
318712 269734 293117 319610 
271433 229162 283549 276308 
275596 244234 273468 287051 
261650 212213 267049 266055 
337460 232556 287510 324614 
276723 212049 247680 279564 
277858 218407 253692 289369 
246539 203690 259259 272967 
300675 269833 322869 300678 
272183 235889 274601 280932 
267646 244871 293645 258728 
279242 242878 297891 306140 
293850 277723 269004 317368 
250889 232551 226481 276034 
221996 237977 260007 286607 
265662 256417 252287 286301 
298446 254426 308080 309884 
244195 221854 260098 262271 
277380 245788 261395 281241 
268632 259226 281108 301618 
318984 225240 284467 312951 
254907 194487 240239 270205 
274195 223410 247176 277020 
290768 219329 280514 300795 
275522 229631 288912 282800 
220613 188314 251006 232299 
214207 202902 278369 258190 
247866 215983 244359 245051 
256355 237649 231775 269216 
220223 216306 197933 244306 
248086 204339 214151 274222 
263813 226223 252647 275570 
262647 220482 268730 273392 
241395 208488 234646 257259 
247160 217488 269657 240994 
232848 220921 262743 272137 
278052 225900 247886 266427 
238921 181029 222651 232899 
249989 171984 234428 251900 
256550 199055 248183 266147 
239047 223124 287903 264130 
282832 271897 344979 300662 
255125 222879 280792 268106 
272163 245196 308988 290778 
255044 239546 233237 275659 
298621 275368 275329 322999 
263292 235045 254377 282369 
256356 232525 254500 274785 
269528 241187 277607 281666 
292295 262486 323187 317585 
264014 233483 275814 271943 
289004 251651 287266 292675 
291117 217241 237282 254415 
330750 238046 278987 304823 
268293 194850 263915 277008 
287829 235855 265690 284431 
324725 289806 266568 239010 
315282 275505 246947 218302 
298974 240925 232085 187802 
242952 218983 203573 164654 
291571 271938 284040 333989 
259487 256144 237242 292819 
257014 236591 225623 272038 
231513 204378 203006 254761 
321274 335440 280713 253001 
300931 321899 252196 259074 
293377 293880 229560 239836 
242698 246260 212641 211490 
314674 304672 314675 296884 
296580 286779 291458 255916 
275408 275786 269465 256801 
229817 251098 257601 219422 
297385 244408 231257 213627 
317647 252000 234011 206537 
266259 250952 225095 188678 
331078 279108 228241 221135 
248376 220248 236768 283735 
272653 259305 241919 285307 
243425 219681 216110 272559 
293521 254647 248768 300725 
264177 278082 259750 224354 
301817 308905 243475 256987 
281780 262518 235127 243817 
307759 316251 253639 258253 
274437 268886 270267 247491 
264909 255628 290708 260828 
272232 252539 277612 225881 
284864 286748 314263 279624 
295751 244183 210833 199384 
296664 285904 225966 202523 
277817 227853 218916 199190 
329434 280494 249143 221968 
242771 223123 240678 255609 
270979 225131 216194 278609 
241804 268211 225351 275844 
305849 294352 270002 302204 
280768 287757 210980 230410 
293390 312228 256902 238107 
280616 290544 210205 236680 
315758 330859 261173 256824 
251873 237307 269423 239380 
276685 273141 285541 271845 
243777 237783 272749 226085 
290556 295960 301835 274990 
284442 272113 237732 195668 
294488 278735 237340 209428 
264037 204782 209888 190761 
277599 267340 224869 203081 
256428 231596 234077 274330 
281491 257535 229619 313383 
205199 208778 210970 242661 
256483 250604 241894 283912 
289492 304072 235221 255178 
292717 317591 245777 246159 
250534 248144 205468 210312 
255557 279974 253786 224291 
281438 278978 290745 258979 
282203 292437 296277 246627 
244619 229529 246562 212485 
261492 264311 288054 233497 
242994 280324 206782 304955 
252571 273197 205535 293200 
220946 240216 182688 254013 
232805 291771 209869 307172 
269428 268357 290010 244717 
236971 243352 279168 217168 
228246 228635 262047 224903 
251296 251544 313710 253063 
299738 230681 295972 282349 
257362 230552 276710 270521 
264201 213560 258161 258990 
291705 242829 315260 304732 
271061 238735 292169 300720 
254200 236334 273972 288115 
229928 227156 260299 265926 
284600 259343 297817 330705 
217052 257764 174875 253470 
262888 280968 222043 277040 
263741 301200 224285 325185 
211165 243004 165199 255953 
218351 236497 235750 213585 
252013 249071 313612 263532 
277231 278092 306570 265756 
207089 206074 245055 200700 
258841 223492 272033 272283 
292534 254802 301268 309377 
287645 262274 317343 336684 
243523 210023 256264 240498 
232683 197538 260142 247380 
268333 246956 290195 323721 
303541 273014 308174 325887 
227220 201358 226632 247180 
221266 217058 168847 233321 
231186 295084 200470 300849 
238522 269131 192636 278073 
230948 236837 177545 259820 
219926 199661 246243 213172 
253065 269974 250424 238413 
229209 230213 276968 230911 
231968 213919 254689 185577 
249146 197625 247431 244918 
278281 255841 297033 309083 
272964 229847 276663 273789 
239622 218303 243259 250500 
228365 199709 226352 251371 
268561 243783 270064 294118 
247184 218614 252776 292256 
233671 231725 246953 254590 
255650 263272 202710 284645 
283748 286815 210135 309021 
229194 251886 183879 248791 
201678 270951 169670 262459 
234423 264296 292909 257485 
267976 290972 313626 263578 
219507 221983 263089 219228 
228605 221967 249943 225442 
288725 239685 291051 290103 
304865 279013 325313 321929 
264045 231188 273346 261495 
248267 235539 281360 262375 
269070 258396 284438 296736 
295526 256956 309620 311803 
242909 226865 260407 281001 
234113 213161 265324 248837 
285266 232873 229802 210835 
232854 197993 202494 164050 
269154 246682 245819 223361 
303177 249167 247529 243544 
337344 270421 242024 283522 
278464 221981 181508 215886 
376088 278512 250655 271864 
389611 293681 263285 291963 
261226 244470 265006 268014 
229099 185657 217598 209563 
292447 255505 274153 284281 
294249 280751 302756 286919 
254211 245366 252212 229115 
208772 211029 202894 200136 
275826 249461 257159 237862 
280926 271494 284788 256902 
231116 208530 202213 189354 
235616 196155 201160 181872 
278422 233513 237928 220654 
264620 217781 220830 216397 
296594 210985 213027 219807 
320408 235551 221729 248263 
352060 259107 249713 287135 
356520 276211 234806 260792 
225480 234320 226782 247308 
257560 232703 240882 241824 
280568 278614 260725 268998 
279346 254321 259063 251801 
229992 202701 221982 176891 
212776 232455 241446 215177 
259141 257782 253896 231969 
241753 244198 244889 228880 
281320 224043 235395 206308 
275735 208925 204466 201662 
219701 183566 196253 187575 
271484 189006 194439 181768 
356355 263622 255974 275068 
319968 247892 231051 261743 
285010 209420 212098 226750 
291407 228555 217764 220546 
272769 244422 269916 279469 
236607 238710 239826 247476 
224660 219747 237930 226643 
227591 211751 223308 234022 
274416 259408 257584 240287 
270121 216756 233075 227252 
208448 212447 223251 188021 
238492 209085 239732 216928 
255578 205407 201276 189996 
267887 217584 230609 195859 
278305 197573 220446 204178 
291070 231080 226605 219225 
335749 241905 233476 251881 
341453 245652 240964 261774 
355170 263576 236151 241709 
351569 260184 237327 302264 
245307 241426 242382 256174 
275576 273494 263575 284930 
276709 256729 253001 264085 
263641 248850 256694 268852 
241159 232708 242087 216609 
240469 235020 264892 212410 
230963 246623 239772 200050 
274319 258567 263564 235604 
256725 263741 250837 275307 
253624 213761 218808 260864 
237350 226584 216887 236622 
254920 246873 218577 264047 
252424 302158 233758 317769 
233602 259970 226612 257049 
210569 256092 209790 255498 
237338 241008 226927 255579 
238369 249965 268235 276925 
226341 244207 235451 258086 
192145 224542 248714 252261 
210259 236923 261469 259300 
275276 274696 261893 280855 
241141 286094 270096 256002 
255630 255258 250368 214985 
238393 247748 244406 247561 
248607 237868 227956 227642 
288017 281899 256995 307780 
289627 268283 274947 290124 
243789 270397 243340 286350 
209608 229611 226786 231064 
270285 273167 257021 276027 
260576 260191 253588 305320 
243693 236270 226678 275119 
204403 240471 242390 225829 
219560 275499 264075 270140 
248610 269733 282631 272815 
225221 235161 270525 279970 
238677 247499 259898 239217 
286951 271598 297553 283481 
273329 266793 318916 288204 
272508 255903 269539 264611 
271037 239723 243993 260188 
248978 210143 226741 261098 
233606 238149 208343 252099 
268786 244546 221124 266048 
241287 244483 238519 266574 
223698 219765 232954 248297 
225575 241187 221734 249453 
240478 255923 250137 259523 
246910 246235 261652 255190 
199631 245649 243991 242864 
194763 233748 241653 255483 
229552 260786 261818 265589 
255350 262827 266667 268273 
244004 264436 258488 241240 
233354 253772 261408 254034 
248204 256334 282179 290647 
268298 230113 241544 272425 
273591 247082 252250 293368 
273283 252461 252064 268535 
275273 242614 249499 264980 
227122 270598 254263 282571 
234406 258857 253232 291548 
231209 259462 240230 291180 
253788 259290 259242 259827 
231191 255987 274154 270137 
209675 256110 293234 292530 
226679 265440 271357 256190 
236367 264924 250754 256505 
274731 282536 299676 264255 
270381 286076 299959 279896 
272923 263916 294812 265388 
252596 269745 284956 261043 
245791 219218 178156 190408 
310448 310151 252031 277046 
281253 281750 243981 251322 
244228 263703 218895 214384 
179941 212449 191088 204932 
263672 282665 261339 278147 
231084 266073 248754 254523 
222459 236021 217810 233301 
191397 203243 172049 214204 
276049 273604 240969 306704 
241104 266939 210607 279568 
194250 220809 185487 226569 
159745 213210 216592 242651 
237912 272720 298351 321555 
227310 252226 273430 295038 
180770 229346 250301 244261 
318062 305596 256475 274577 
334982 317765 284651 291726 
314114 324737 267198 308468 
338045 321265 277301 300279 
262945 285443 258043 282058 
263684 290720 279544 309948 
254483 286651 264801 306755 
260720 306329 275229 288106 
279365 293680 235113 300963 
288140 296793 224590 307058 
283449 301944 257762 308626 
308227 322130 262977 318224 
236332 299997 305531 330230 
248599 300888 315341 330647 
255242 277994 305507 333359 
253115 309847 325379 376519 
319612 296834 272459 266882 
282088 257381 240890 257590 
269999 258680 235815 262222 
272839 280653 217890 245810 
254657 277457 294632 273591 
206590 249824 236116 267620 
224811 249513 215066 246922 
247998 233992 251507 250467 
261342 307724 240746 298173 
233743 268395 187417 250807 
235990 284728 210354 267903 
254485 252173 214750 268787 
220253 278775 321508 337793 
205404 255813 261493 314020 
220579 273652 288902 297482 
205810 241204 282781 268986 
231832 265322 212305 226788 
299217 305810 251976 265647 
318691 325397 270339 285429 
306815 309396 264833 267289 
205869 236428 231447 228310 
252332 252666 255063 276309 
256007 274619 264150 300497 
264524 289344 276451 298852 
217851 251584 190859 247332 
244675 275104 203491 271763 
270324 309690 261072 326679 
264806 304869 214419 291058 
195932 224542 252013 275124 
229327 260122 272324 280964 
255498 297399 344218 344346 
241096 302905 302830 352876 
225810 208323 244612 304282 
216176 193525 225631 266505 
233835 208042 242699 282125 
181583 195926 222156 274114 
231707 293446 238619 272188 
230830 274146 235178 260632 
223897 260791 229596 245669 
221645 260262 233847 238155 
336747 281112 283700 213944 
294719 254165 273340 218127 
297781 267774 257204 229089 
284311 271629 269894 195731 
240690 298961 256774 330249 
230093 271324 249505 294264 
228744 283330 269015 306917 
228404 267891 271871 290656 
215170 203179 233053 266493 
213666 186602 209821 266747 
215079 193344 216731 268064 
205412 183966 199190 259988 
226171 282520 219561 243485 
228195 258630 216304 240409 
218220 259798 234418 251808 
214852 249883 205752 250896 
323216 285327 281957 230726 
281908 247571 268051 202397 
277922 260058 283924 213798 
279309 254735 259421 186981 
235826 277474 259876 314009 
209543 280039 227763 293838 
224112 268211 236711 292083 
205882 255404 226972 289850 
188340 191459 205227 259494 
234819 224932 244082 284710 
236321 228443 255923 301812 
243560 209803 222194 267972 
223477 254216 227495 231518 
228925 290006 218633 260997 
221225 290406 237807 275392 
222291 259582 256891 279927 
268297 257140 241383 184194 
332328 291221 282987 227476 
318286 290181 306208 227426 
298620 265256 262360 213264 
203210 268113 252177 273361 
227688 282611 262305 333408 
250972 290597 263702 325863 
228770 289706 251502 298314 
190529 198372 208224 252699 
218451 199847 223300 251679 
214125 185437 215866 252385 
198301 199371 228852 261440 
209857 257186 213272 244617 
206734 259825 206472 249555 
222298 252725 215580 262174 
212859 255990 198897 242401 
259145 256126 241907 211467 
308313 255019 252315 193972 
290067 243037 251898 211553 
303919 251704 248226 200034 
218337 259334 235096 289639 
213871 250979 238290 297207 
215669 249666 207297 288353 
215297 243259 232956 293307 
